region_id,Num_MVs_per_dweling_0_MVs,Num_MVs_per_dweling_1_MVs,Num_MVs_per_dweling_2_MVs,Num_MVs_per_dweling_3_MVs,Num_MVs_per_dweling_4mo_MVs,Num_MVs_per_dweling_Tot,Num_MVs_NS,Total_dwelings
2100101,5,51,85,19,4,164,3,167
2100102,3,17,22,9,7,58,0,58
2100103,0,16,83,45,43,187,4,191
2100104,3,23,140,40,21,227,3,230
2100105,8,63,31,6,4,112,6,118
2100106,8,76,90,27,7,208,7,215
2100107,13,81,37,16,4,151,8,159
2100108,15,67,60,16,5,163,4,167
2100109,12,102,69,18,7,208,6,214
2100110,3,28,87,21,12,151,0,151
2100111,3,21,66,17,8,115,0,115
2100112,0,28,74,33,17,152,0,152
2100113,0,16,67,23,4,110,0,110
2100114,8,38,86,20,9,161,3,164
2100115,0,42,80,25,17,164,4,168
2100116,6,83,204,46,19,358,3,361
2100117,0,0,9,5,4,18,0,18
2100201,3,80,97,14,3,197,7,204
2100202,0,39,49,19,11,118,0,118
2100203,4,66,77,16,12,175,3,178
2100204,12,49,51,5,6,123,3,126
2100205,27,100,72,23,6,228,6,234
2100206,0,26,45,13,3,87,0,87
2100207,13,56,58,21,3,151,3,154
2100208,9,63,77,30,15,194,6,200
2100209,0,0,0,0,0,0,0,0
2100210,0,0,0,0,0,0,0,0
2100211,22,104,63,16,5,210,8,218
2100212,8,46,35,5,3,97,0,97
2100213,12,71,54,15,6,158,8,166
2100214,12,95,57,12,5,181,3,184
2100215,34,109,58,16,5,222,11,233
2100216,28,78,49,16,9,180,3,183
2100217,20,64,35,11,5,135,11,146
2100218,8,52,43,8,10,121,5,126
2100219,20,42,11,3,0,76,3,79
2100220,4,48,40,13,0,105,0,105
2100221,12,43,27,8,0,90,0,90
2100222,10,55,69,27,8,169,4,173
2100223,13,74,65,14,9,175,9,184
2100224,16,76,63,17,5,177,10,187
2100225,15,47,33,9,4,108,4,112
2100226,16,38,26,6,3,89,3,92
2100227,13,50,55,9,3,130,3,133
2100228,13,29,41,6,10,99,7,106
2100229,12,52,57,11,3,135,3,138
2100230,19,81,56,9,4,169,3,172
2100231,22,80,55,14,3,174,0,174
2100232,19,68,36,9,3,135,0,135
2100233,8,57,62,8,4,139,3,142
2100234,7,38,25,3,4,77,5,82
2100301,0,21,22,13,11,67,3,70
2100302,18,73,49,12,4,156,8,164
2100303,21,74,32,8,0,135,5,140
2100304,11,76,44,9,11,151,6,157
2100305,24,106,82,19,7,238,7,245
2100306,7,44,36,12,5,104,3,107
2100307,5,58,45,9,6,123,4,127
2100308,26,58,65,18,0,167,7,174
2100309,6,54,63,34,18,175,9,184
2100310,32,81,63,22,3,201,5,206
2100311,0,29,71,29,16,145,0,145
2100312,4,46,67,44,38,199,5,204
2100313,3,38,96,24,8,169,4,173
2100314,4,68,85,18,9,184,4,188
2100315,3,33,90,36,13,175,4,179
2100316,63,142,47,14,8,274,16,290
2100317,6,61,65,16,12,160,7,167
2100318,26,94,66,17,8,211,7,218
2100319,16,69,48,7,7,147,5,152
2100320,11,78,62,13,3,167,4,171
2100321,20,83,66,9,8,186,5,191
2100322,30,103,87,26,3,249,11,260
2100323,9,46,49,16,6,126,5,131
2100324,8,42,53,24,3,130,0,130
2100325,3,34,44,20,4,105,4,109
2100326,4,53,98,39,13,207,3,210
2100327,4,41,113,37,19,214,4,218
2100328,21,108,74,15,12,230,11,241
2100329,5,88,105,34,16,248,7,255
2100330,25,96,76,24,3,224,6,230
2100331,26,106,60,17,4,213,3,216
2100332,18,71,71,17,3,180,7,187
2100333,11,87,102,27,29,256,9,265
2100334,16,85,72,12,5,190,14,204
2100335,42,110,80,12,4,248,15,263
2100336,0,0,0,0,0,0,0,0
2100337,0,15,57,34,24,130,3,133
2100338,11,33,16,4,6,70,0,70
2100339,13,54,26,8,0,101,0,101
2100340,17,68,89,21,7,202,10,212
2100341,13,54,39,18,3,127,3,130
2100342,7,30,73,33,20,163,8,171
2100343,9,43,47,13,3,115,6,121
2100344,9,82,34,11,3,139,4,143
2100345,0,10,72,10,6,98,3,101
2100346,8,41,51,15,6,121,0,121
2100347,4,13,49,25,23,114,4,118
2100348,18,44,34,9,0,105,6,111
2100349,35,109,54,8,9,215,8,223
2100350,15,65,49,8,4,141,4,145
2100351,17,68,34,12,4,135,10,145
2100401,18,78,71,19,11,197,5,202
2100402,69,130,51,19,4,273,23,296
2100403,18,139,137,42,8,344,7,351
2100404,18,55,56,11,3,143,6,149
2100405,18,96,79,21,8,222,7,229
2100406,5,36,46,15,6,108,0,108
2100407,17,78,68,20,3,186,4,190
2100408,20,90,66,19,10,205,5,210
2100409,19,78,54,19,12,182,8,190
2100410,20,68,53,16,3,160,5,165
2100411,15,76,56,14,6,167,4,171
2100412,11,126,92,15,8,252,17,269
2100413,0,0,3,0,0,3,0,3
2100414,4,24,45,12,3,88,4,92
2100415,7,59,43,17,7,133,5,138
2100416,9,65,70,18,9,171,6,177
2100417,9,55,89,17,7,177,3,180
2100418,11,69,31,8,5,124,4,128
2100419,7,62,87,27,12,195,3,198
2100420,25,97,93,22,5,242,10,252
2100421,9,76,73,23,9,190,0,190
2100422,4,58,86,13,8,169,8,177
2100423,4,24,26,18,5,77,6,83
2100424,30,89,66,15,9,209,12,221
2100425,21,115,83,18,7,244,11,255
2100426,13,72,67,14,3,169,6,175
2100427,24,84,44,4,3,159,15,174
2100428,51,89,39,8,3,190,20,210
2100429,11,61,55,6,5,138,11,149
2100430,43,78,55,22,12,210,12,222
2100431,13,70,63,16,8,170,10,180
2100432,41,102,45,19,8,215,12,227
2100433,21,60,47,20,0,148,8,156
2100434,33,99,62,13,9,216,10,226
2100435,27,56,37,11,7,138,6,144
2100436,4,69,81,25,17,196,4,200
2100437,17,59,56,17,8,157,6,163
2100438,39,114,71,25,15,264,10,274
2100439,9,78,79,28,15,209,4,213
2100440,5,65,48,9,15,142,4,146
2100441,36,103,75,20,12,246,8,254
2100442,11,49,52,17,9,138,5,143
2100443,0,5,7,3,5,20,3,23
2100444,10,55,40,16,11,132,0,132
2100445,23,100,77,24,13,237,13,250
2100446,15,53,50,8,3,129,4,133
2100447,10,75,65,18,10,178,4,182
2100448,12,65,35,12,8,132,8,140
2100449,8,43,15,4,3,73,15,88
2100450,0,68,137,38,10,253,6,259
2100451,5,22,55,37,17,136,0,136
2100501,4,29,53,17,8,111,4,115
2100502,7,67,101,40,13,228,13,241
2100503,11,69,139,32,18,269,5,274
2100504,8,51,87,23,12,181,8,189
2100505,0,0,3,0,0,3,0,3
2100506,0,24,72,32,34,162,3,165
2100507,5,41,55,14,13,128,7,135
2100508,0,36,72,24,4,136,0,136
2100509,0,17,34,15,15,81,3,84
2100510,0,16,55,19,14,104,3,107
2100511,0,3,44,22,17,86,4,90
2100512,0,24,40,19,12,95,0,95
2100513,0,9,51,19,19,98,3,101
2100514,0,8,22,9,15,54,0,54
2100515,5,32,60,23,5,125,0,125
2100516,0,17,65,22,10,114,0,114
2100517,4,32,59,17,3,115,4,119
2100601,33,77,21,3,3,137,8,145
2100602,3,47,70,21,8,149,3,152
2100603,6,37,55,17,5,120,4,124
2100604,4,21,70,18,3,116,0,116
2100605,0,34,99,32,16,181,8,189
2100606,0,12,51,29,25,117,4,121
2100607,0,20,30,19,16,85,5,90
2100608,0,8,24,13,10,55,3,58
2100609,22,119,130,49,22,342,15,357
2100610,5,21,65,24,29,144,3,147
2100611,8,50,40,27,9,134,3,137
2100612,5,80,67,23,6,181,6,187
2100613,6,59,29,4,11,109,8,117
2100614,4,27,21,3,0,55,0,55
2100701,0,16,64,23,26,129,3,132
2100702,0,6,54,31,18,109,0,109
2100703,0,24,52,17,10,103,7,110
2100704,0,24,73,29,20,146,3,149
2100705,0,18,62,32,22,134,8,142
2100706,3,24,77,36,23,163,9,172
2100707,0,27,69,26,28,150,3,153
2100708,0,13,52,26,22,113,3,116
2100709,0,14,42,26,15,97,3,100
2100801,22,48,18,8,4,100,5,105
2100802,0,5,22,13,19,59,5,64
2100803,7,72,87,29,8,203,6,209
2100804,21,61,41,11,6,140,6,146
2100805,51,65,25,9,3,153,16,169
2100806,29,76,41,11,0,157,6,163
2100807,23,82,48,16,3,172,8,180
2100808,0,0,0,0,0,0,0,0
2100809,22,96,90,12,6,226,14,240
2100810,6,56,78,30,7,177,7,184
2100811,5,23,36,5,8,77,0,77
2100812,17,63,50,11,7,148,9,157
2100813,15,60,46,10,0,131,7,138
2100814,0,0,0,0,0,0,0,0
2100815,28,63,34,3,4,132,12,144
2100816,0,13,55,21,15,104,0,104
2100817,0,12,33,27,14,86,0,86
2100818,0,26,68,25,13,132,3,135
2100819,3,127,314,69,22,535,8,543
2100820,14,75,65,20,9,183,7,190
2100821,20,84,64,15,8,191,11,202
2100822,29,56,29,12,4,130,6,136
2100823,12,108,93,18,4,235,5,240
2100824,28,84,51,11,0,174,4,178
2100825,18,29,17,5,0,69,7,76
2100826,25,91,54,15,3,188,8,196
2100827,32,127,63,11,5,238,9,247
2100828,19,85,47,13,10,174,7,181
2100829,11,57,37,12,4,121,5,126
2100830,10,60,48,14,15,147,14,161
2100831,12,70,52,18,4,156,9,165
2100832,46,72,52,10,7,187,17,204
2100833,13,85,75,33,3,209,7,216
2100834,8,62,38,11,3,122,5,127
2100835,0,20,54,22,13,109,4,113
2100901,3,80,74,25,13,195,6,201
2100902,0,19,30,17,11,77,17,94
2100903,0,25,61,23,16,125,3,128
2100904,0,11,30,13,12,66,3,69
2100905,5,59,36,21,5,126,3,129
2100906,3,12,32,20,18,85,3,88
2100907,3,18,61,21,25,128,7,135
2100908,0,14,38,19,32,103,0,103
2100909,4,20,57,16,30,127,3,130
2100910,4,12,37,19,24,96,3,99
2100911,0,13,47,17,17,94,3,97
2100912,7,29,48,21,8,113,4,117
2100913,6,19,54,12,11,102,5,107
2100914,0,37,29,8,6,80,4,84
2100915,16,50,36,6,3,111,3,114
2100916,21,75,38,12,11,157,9,166
2100917,0,31,64,41,24,160,0,160
2101001,3,34,45,33,16,131,0,131
2101002,11,57,62,29,3,162,8,170
2101003,11,55,36,17,4,123,3,126
2101004,11,48,35,13,7,114,3,117
2101005,12,28,21,3,7,71,3,74
2101006,14,53,58,29,15,169,3,172
2101007,0,22,37,31,20,110,3,113
2101008,5,31,64,24,13,137,0,137
2101009,5,15,35,10,11,76,3,79
2101010,10,38,45,16,5,114,11,125
2101011,0,26,42,16,26,110,4,114
2101012,14,85,57,22,3,181,11,192
2101013,16,54,52,16,12,150,3,153
2101014,4,18,37,22,22,103,6,109
2101015,0,43,52,17,16,128,9,137
2101016,4,19,40,20,29,112,8,120
2101017,0,19,45,18,17,99,3,102
2101018,0,20,45,32,23,120,7,127
2101019,4,59,100,25,16,204,5,209
2101020,25,92,83,28,17,245,12,257
2101021,13,42,37,11,0,103,4,107
2101101,5,48,72,30,11,166,0,166
2101102,5,18,21,9,11,64,5,69
2101103,3,23,42,14,12,94,7,101
2101104,3,25,36,13,10,87,6,93
2101105,3,22,41,21,8,95,3,98
2101106,5,56,67,23,12,163,0,163
2101107,6,54,72,18,19,169,0,169
2101108,8,52,27,6,4,97,5,102
2101109,6,36,41,17,7,107,6,113
2101110,4,28,45,27,13,117,3,120
2101111,7,63,27,19,5,121,6,127
2101112,15,94,75,22,14,220,13,233
2101113,4,66,68,20,11,169,8,177
2101114,10,63,46,11,3,133,0,133
2101115,34,101,59,13,0,207,11,218
2101116,23,80,40,8,6,157,3,160
2101117,8,70,50,12,3,143,0,143
2101118,12,63,41,15,8,139,4,143
2101119,3,30,55,20,16,124,4,128
2101120,5,27,55,18,13,118,3,121
2101121,3,34,45,23,14,119,0,119
2101122,3,51,63,26,9,152,4,156
2101123,3,39,46,25,10,123,3,126
2101124,0,27,42,12,12,93,0,93
2101125,4,39,57,31,25,156,6,162
2101201,0,23,56,20,16,115,11,126
2101202,0,9,32,11,10,62,3,65
2101203,3,26,71,25,12,137,4,141
2101204,3,21,39,18,9,90,3,93
2101205,3,34,46,31,11,125,0,125
2101206,0,17,40,21,15,93,0,93
2101207,0,19,33,20,14,86,7,93
2101208,3,19,45,16,8,91,5,96
2101209,4,19,51,17,21,112,3,115
2101210,0,34,54,31,21,140,4,144
2101211,3,21,59,20,31,134,7,141
2101212,0,13,30,19,7,69,7,76
2101213,4,18,53,27,14,116,3,119
2101214,5,46,61,16,14,142,6,148
2101215,0,35,40,16,5,96,0,96
2101216,3,20,56,31,17,127,3,130
2101217,0,40,66,31,22,159,7,166
2101301,14,86,75,18,9,202,5,207
2101302,3,36,30,12,9,90,5,95
2101303,3,23,42,30,17,115,3,118
2101304,3,55,70,28,18,174,4,178
2101305,5,43,71,31,26,176,8,184
2101306,10,45,39,12,5,111,3,114
2101307,7,22,33,21,6,89,0,89
2101308,3,37,76,27,21,164,9,173
2101309,0,32,43,21,12,108,0,108
2101310,7,29,41,15,10,102,7,109
2101401,13,67,52,25,12,169,9,178
2101402,26,49,32,9,0,116,7,123
2101403,7,41,62,32,14,156,5,161
2101404,8,30,68,33,26,165,5,170
2101405,3,18,27,14,27,89,4,93
2101406,0,13,43,16,25,97,5,102
2101407,0,31,54,17,11,113,3,116
2101408,5,19,60,33,22,139,8,147
2101409,10,43,28,9,10,100,5,105
2101410,0,9,28,11,12,60,3,63
2101411,3,41,45,20,6,115,3,118
2101412,8,51,44,12,13,128,9,137
2101413,0,3,0,0,4,7,0,7
2101501,0,29,83,36,26,174,5,179
2101502,0,19,40,24,13,96,4,100
2101503,3,13,46,27,16,105,3,108
2101504,4,23,42,15,12,96,0,96
2101505,8,43,66,27,21,165,9,174
2101506,6,62,50,22,10,150,5,155
2101507,7,54,69,23,23,176,3,179
2101508,0,19,51,17,0,87,0,87
2101509,4,37,66,25,8,140,0,140
2101510,0,10,25,21,21,77,0,77
2101511,3,25,38,17,10,93,0,93
2101512,0,28,42,13,16,99,0,99
2101601,3,40,29,9,3,84,3,87
2101602,38,115,66,14,7,240,15,255
2101603,19,72,53,7,3,154,5,159
2101604,22,58,51,11,3,145,11,156
2101605,22,60,21,4,0,107,6,113
2101606,13,81,59,11,4,168,7,175
2101607,11,64,69,27,11,182,4,186
2101608,5,69,43,11,8,136,7,143
2101609,22,84,53,10,5,174,12,186
2101610,26,119,52,26,3,226,6,232
2101611,3,14,27,12,12,68,3,71
2101612,13,67,71,20,8,179,12,191
2101613,27,89,57,18,7,198,0,198
2101614,7,54,57,12,3,133,8,141
2101615,21,46,19,4,0,90,14,104
2101616,14,82,57,19,6,178,10,188
2101617,12,71,40,16,5,144,8,152
2101618,24,56,32,4,3,119,3,122
2101619,18,82,56,14,12,182,7,189
2101620,8,36,55,14,6,119,8,127
2101621,0,17,45,19,16,97,0,97
2101701,13,82,48,10,10,163,15,178
2101702,0,20,40,18,4,82,3,85
2101703,10,32,35,17,8,102,3,105
2101704,5,37,41,24,10,117,3,120
2101705,13,65,42,11,6,137,5,142
2101706,0,34,40,12,9,95,5,100
2101707,0,37,73,30,23,163,5,168
2101708,4,42,40,17,12,115,4,119
2101709,0,50,70,30,17,167,5,172
2101710,3,53,76,18,36,186,3,189
2101711,3,26,57,31,17,134,0,134
2101712,3,54,78,38,25,198,9,207
2101713,0,41,50,20,6,117,5,122
2101714,4,22,54,25,20,125,4,129
2101715,0,25,39,24,9,97,8,105
2101801,27,81,65,9,0,182,18,200
2101802,10,48,33,12,3,106,7,113
2101803,31,89,60,12,3,195,11,206
2101804,4,17,14,8,3,46,0,46
2101805,13,51,42,20,4,130,6,136
2101806,21,61,43,14,5,144,10,154
2101807,14,59,59,14,13,159,4,163
2101808,3,24,33,5,3,68,4,72
2101809,22,73,39,23,0,157,4,161
2101810,30,49,31,12,5,127,6,133
2101811,50,86,43,7,0,186,11,197
2101812,25,51,23,5,0,104,4,108
2101813,18,84,62,13,0,177,8,185
2101814,14,36,24,8,3,85,0,85
2101815,32,101,71,19,6,229,4,233
2101816,28,78,60,6,3,175,3,178
2101817,21,88,65,15,0,189,5,194
2101818,12,70,55,23,3,163,10,173
2101819,8,47,29,15,3,102,0,102
2101820,9,24,10,5,3,51,0,51
2101821,6,51,47,20,9,133,4,137
2101822,12,50,57,10,3,132,6,138
2101823,4,47,48,22,11,132,4,136
2101824,19,80,64,21,7,191,5,196
2101825,8,59,37,8,5,117,4,121
2101826,19,60,32,5,3,119,4,123
2101827,26,97,55,18,3,199,4,203
2101828,31,78,33,9,5,156,11,167
2101829,14,37,21,7,3,82,3,85
2101830,28,135,77,17,17,274,7,281
2101831,24,96,68,17,5,210,7,217
2101832,12,78,43,14,5,152,8,160
2101833,21,72,67,17,6,183,12,195
2101834,10,60,56,11,4,141,3,144
2101835,44,100,63,21,6,234,10,244
2101836,12,40,23,7,3,85,0,85
2101837,13,62,62,29,17,183,10,193
2101838,7,42,21,10,0,80,3,83
2101901,25,102,70,15,12,224,4,228
2101902,29,92,89,23,11,244,10,254
2101903,8,64,44,20,3,139,7,146
2101904,24,70,56,14,5,169,11,180
2101905,32,112,77,17,11,249,7,256
2101906,0,4,15,9,4,32,3,35
2101907,14,62,59,19,7,161,3,164
2101908,18,103,74,16,9,220,11,231
2101909,23,108,80,24,18,253,10,263
2101910,4,50,70,24,4,152,6,158
2101911,0,51,43,16,4,114,12,126
2101912,5,30,45,15,12,107,0,107
2101913,16,77,52,27,9,181,9,190
2101914,69,84,45,19,3,220,24,244
2101915,9,50,43,30,13,145,6,151
2101916,17,59,28,12,4,120,8,128
2101917,9,34,19,9,3,74,3,77
2101918,5,33,43,18,7,106,3,109
2101919,4,47,55,36,26,168,8,176
2101920,0,49,114,30,14,207,3,210
2101921,14,65,68,11,0,158,9,167
2101922,17,62,85,27,8,199,3,202
2101923,16,32,43,11,3,105,3,108
2101924,13,62,34,17,4,130,5,135
2102001,11,47,42,10,3,113,3,116
2102002,7,21,37,14,5,84,0,84
2102003,5,37,51,14,12,119,4,123
2102004,6,84,49,15,4,158,6,164
2102005,14,122,65,8,9,218,9,227
2102006,11,54,57,18,6,146,4,150
2102007,10,45,36,9,8,108,0,108
2102008,0,14,29,19,4,66,0,66
2102009,0,27,63,15,6,111,0,111
2102010,0,39,75,14,11,139,5,144
2102011,3,66,97,27,13,206,4,210
2102012,13,42,52,9,8,124,0,124
2102013,3,43,48,13,3,110,4,114
2102014,0,15,43,14,8,80,5,85
2102015,17,75,48,11,4,155,14,169
2102016,11,47,40,13,3,114,3,117
2102017,0,45,32,10,4,91,3,94
2102018,14,75,83,20,9,201,3,204
2102019,32,115,73,18,3,241,13,254
2102020,4,32,41,15,3,95,0,95
2102021,5,62,72,28,7,174,0,174
2102022,4,22,54,11,4,95,0,95
2102023,11,46,23,5,4,89,9,98
2102024,28,76,55,13,7,179,7,186
2102025,8,89,80,26,14,217,5,222
2102026,15,80,60,26,9,190,10,200
2102027,6,19,30,4,0,59,0,59
2102028,7,78,59,21,9,174,0,174
2102029,21,97,65,20,4,207,3,210
2102030,14,76,56,16,3,165,9,174
2102031,29,98,71,13,7,218,10,228
2102032,12,60,66,7,6,151,4,155
2102033,24,84,62,11,8,189,7,196
2102034,4,45,62,20,7,138,3,141
2102035,6,43,58,15,14,136,6,142
2102036,0,23,42,32,18,115,3,118
2102037,0,0,0,0,0,0,0,0
2102038,18,29,25,11,5,88,4,92
2102039,0,5,3,0,0,8,0,8
2102101,0,35,52,20,13,120,4,124
2102102,11,72,69,14,3,169,3,172
2102103,21,49,46,15,0,131,6,137
2102104,36,109,70,22,6,243,3,246
2102105,15,85,56,17,3,176,4,180
2102106,3,40,36,7,3,89,3,92
2102107,11,68,62,23,5,169,3,172
2102108,6,17,26,18,10,77,3,80
2102109,5,55,59,18,7,144,5,149
2102110,12,62,73,29,3,179,3,182
2102111,61,98,55,18,7,239,9,248
2102112,3,35,48,16,3,105,4,109
2102113,4,39,44,17,7,111,3,114
2102114,6,38,54,18,13,129,3,132
2102115,15,89,66,20,4,194,3,197
2102116,7,36,44,12,3,102,5,107
2102117,13,49,42,12,7,123,6,129
2102118,12,69,70,28,11,190,4,194
2102119,16,75,69,18,3,181,5,186
2102120,14,59,46,11,0,130,0,130
2102121,20,51,29,9,5,114,3,117
2102122,0,14,38,9,8,69,0,69
2102123,0,0,0,0,0,0,0,0
2102124,0,0,0,0,0,0,0,0
2102125,7,49,66,10,5,137,4,141
2102126,6,60,67,12,6,151,4,155
2102127,0,0,0,0,0,0,0,0
2102201,11,63,69,26,7,176,3,179
2102202,27,114,75,17,8,241,11,252
2102203,5,50,24,11,0,90,4,94
2102204,15,74,40,19,5,153,10,163
2102205,3,23,66,23,14,129,4,133
2102206,8,59,65,16,6,154,4,158
2102207,4,58,61,28,5,156,4,160
2102208,5,47,78,29,12,171,4,175
2102209,6,73,65,28,9,181,7,188
2102210,3,51,65,24,7,150,3,153
2102211,19,68,77,20,5,189,12,201
2102212,9,53,56,24,10,152,0,152
2102213,10,48,20,8,4,90,8,98
2102214,8,53,45,12,7,125,11,136
2102215,5,51,45,9,3,113,4,117
2102216,5,63,96,27,14,205,3,208
2102217,53,85,38,17,13,206,22,228
2102218,20,82,88,18,5,213,5,218
2102219,10,66,40,18,7,141,3,144
2102220,24,45,20,4,0,93,4,97
2102221,43,86,35,5,3,172,15,187
2102222,0,42,105,27,9,183,3,186
2102223,14,85,69,26,8,202,4,206
2102224,3,79,73,17,3,175,0,175
2102225,13,96,72,29,8,218,9,227
2102226,12,49,52,10,3,126,0,126
2102227,13,93,74,19,16,215,5,220
2102228,26,80,75,24,9,214,6,220
2102229,3,69,93,16,11,192,3,195
2102230,34,79,44,3,4,164,5,169
2102231,17,72,52,21,3,165,7,172
2102232,20,64,80,24,11,199,5,204
2102233,0,20,47,20,7,94,0,94
2102234,0,13,41,17,13,84,0,84
2102235,8,51,72,21,9,161,4,165
2102236,20,106,99,28,8,261,3,264
2102237,9,56,92,24,7,188,5,193
2102238,4,48,71,23,13,159,3,162
2102239,15,63,54,15,9,156,8,164
2102240,8,23,30,8,10,79,4,83
2102241,7,85,54,29,15,190,11,201
2102242,28,55,25,3,0,111,3,114
2102243,18,66,41,6,0,131,9,140
2102244,9,38,55,18,7,127,3,130
2102301,0,9,69,39,26,143,3,146
2102302,0,14,84,37,19,154,3,157
2102303,3,27,135,37,26,228,3,231
2102304,8,24,125,50,6,213,6,219
2102305,4,24,101,25,22,176,0,176
2102306,3,26,44,31,22,126,4,130
2102307,3,25,77,22,11,138,3,141
2102308,0,11,84,35,33,163,4,167
2102401,0,6,29,12,11,58,0,58
2102402,0,18,42,23,11,94,0,94
2102403,0,12,32,16,9,69,0,69
2102404,5,55,151,50,28,289,4,293
2102405,0,36,110,26,5,177,3,180
2102406,4,55,128,35,14,236,3,239
2102407,3,23,110,21,13,170,4,174
2102408,0,48,110,25,9,192,3,195
2102409,0,33,132,16,4,185,3,188
2102410,3,17,90,41,17,168,6,174
2102411,0,26,39,19,15,99,6,105
2102412,3,30,69,33,21,156,4,160
2102413,0,14,46,24,7,91,0,91
2102414,0,30,49,20,11,110,3,113
2102415,4,8,29,19,9,69,0,69
2102501,10,56,78,15,8,167,0,167
2102502,8,40,66,20,14,148,3,151
2102503,3,30,93,21,12,159,3,162
2102504,14,30,31,23,0,98,3,101
2102505,26,72,46,13,6,163,13,176
2102506,3,62,41,25,6,137,3,140
2102507,0,0,0,0,0,0,0,0
2102508,9,143,229,50,11,442,3,445
2102509,6,30,59,34,22,151,0,151
2102510,7,26,73,21,12,139,4,143
2102511,10,49,46,10,7,122,15,137
2102512,0,10,43,23,16,92,0,92
2102513,0,53,114,44,18,229,5,234
2102514,5,26,77,28,14,150,4,154
2102515,3,17,24,22,12,78,0,78
2102516,0,26,45,20,4,95,7,102
2102517,4,39,60,42,7,152,6,158
2102518,6,57,110,19,9,201,3,204
2102519,3,43,47,24,14,131,3,134
2102520,15,59,85,18,15,192,3,195
2102601,3,14,44,20,20,101,4,105
2102602,0,11,52,17,11,91,0,91
2102603,3,24,79,32,21,159,0,159
2102604,3,26,57,22,19,127,0,127
2102605,0,15,60,20,15,110,3,113
2102606,0,9,25,8,14,56,0,56
2102607,3,19,62,29,21,134,5,139
2102608,3,38,58,26,9,134,5,139
2102609,6,17,40,17,11,91,4,95
2102610,3,17,46,20,15,101,0,101
2102611,0,21,59,32,35,147,7,154
2102612,0,25,63,26,23,137,4,141
2102613,0,13,75,33,28,149,3,152
2102614,0,20,35,20,9,84,0,84
2102615,3,6,37,21,18,85,3,88
2102616,5,17,47,17,12,98,4,102
2102617,3,6,23,6,4,42,0,42
2102618,0,25,56,21,10,112,4,116
2102619,0,11,44,25,14,94,0,94
2102701,18,88,38,11,9,164,5,169
2102702,4,40,43,25,11,123,18,141
2102703,0,0,0,0,0,0,0,0
2102704,9,77,49,12,7,154,8,162
2102705,17,84,45,15,5,166,9,175
2102706,7,67,57,14,15,160,6,166
2102707,0,37,34,14,8,93,0,93
2102708,10,92,66,34,27,229,3,232
2102709,4,28,43,22,10,107,3,110
2102710,11,37,39,20,7,114,13,127
2102711,7,61,47,12,9,136,7,143
2102712,5,29,68,25,6,133,3,136
2102713,16,94,44,8,0,162,6,168
2102714,16,71,30,7,5,129,8,137
2102715,15,102,62,11,11,201,8,209
2102716,30,57,22,8,6,123,10,133
2102717,22,83,39,15,4,163,12,175
2102718,3,37,31,20,13,104,4,108
2102719,13,87,48,16,8,172,6,178
2102720,14,59,50,5,7,135,3,138
2102721,6,58,82,25,11,182,4,186
2102722,31,55,33,3,5,127,6,133
2102723,17,47,36,3,3,106,10,116
2102724,4,34,31,11,3,83,3,86
2102725,30,92,44,8,0,174,11,185
2102726,0,63,82,25,8,178,0,178
2102727,10,94,42,12,7,165,3,168
2102801,0,24,42,15,4,85,3,88
2102802,15,85,84,26,16,226,9,235
2102803,0,27,55,30,17,129,7,136
2102804,0,15,39,19,20,93,3,96
2102805,0,29,64,18,24,135,0,135
2102806,4,26,51,13,16,110,0,110
2102807,5,20,49,20,21,115,0,115
2102808,4,37,57,29,21,148,3,151
2102809,4,13,19,15,7,58,0,58
2102810,29,82,64,23,3,201,3,204
2102811,3,20,49,19,12,103,6,109
2102812,3,20,29,9,13,74,0,74
2102813,3,26,55,24,15,123,0,123
2102814,0,46,54,6,14,120,0,120
2102815,3,58,79,24,19,183,5,188
2102816,4,25,64,20,18,131,3,134
2102817,4,46,44,10,4,108,0,108
2102818,10,62,49,12,11,144,3,147
2102819,3,24,33,16,10,86,3,89
2102820,4,42,76,30,11,163,5,168
2102821,0,53,35,21,5,114,3,117
2102822,3,33,29,11,7,83,3,86
2102823,3,34,50,16,18,121,6,127
2102824,5,24,54,33,22,138,0,138
2102825,8,17,22,8,10,65,0,65
2102826,5,45,68,28,8,154,4,158
2102901,15,103,53,16,9,196,22,218
2102902,4,53,32,21,4,114,3,117
2102903,4,21,35,10,12,82,3,85
2102904,3,26,54,20,11,114,4,118
2102905,0,26,52,17,10,105,3,108
2102906,5,29,41,16,9,100,3,103
2102907,3,48,67,40,16,174,5,179
2102908,10,42,58,16,16,142,9,151
2102909,12,51,43,19,10,135,3,138
2102910,20,67,35,19,0,141,3,144
2102911,3,29,55,24,14,125,3,128
2102912,7,55,47,11,6,126,3,129
2102913,4,12,23,13,7,59,7,66
2103001,0,20,65,30,19,134,6,140
2103002,0,21,64,31,13,129,0,129
2103003,7,32,82,25,22,168,3,171
2103004,0,26,76,25,28,155,4,159
2103005,0,12,45,28,14,99,6,105
2103006,3,20,42,23,16,104,3,107
2103007,0,27,52,34,14,127,5,132
2103008,0,15,29,21,13,78,4,82
2103009,3,40,56,18,12,129,7,136
2103010,8,39,45,24,9,125,4,129
2103011,6,30,30,14,6,86,0,86
2103012,23,58,62,27,15,185,4,189
2103013,22,112,60,17,5,216,5,221
2103014,27,40,32,5,0,104,5,109
2103015,12,73,54,9,3,151,7,158
2103016,23,79,40,21,5,168,8,176
2103017,3,45,88,43,26,205,9,214
2103018,19,79,48,17,15,178,11,189
2103019,22,97,71,13,8,211,3,214
2103020,16,96,85,25,12,234,4,238
2103021,0,40,64,24,13,141,0,141
2103022,0,0,0,0,0,0,0,0
2103023,12,36,35,10,3,96,4,100
2103101,8,63,71,21,10,173,0,173
2103102,10,81,89,30,12,222,3,225
2103103,0,17,68,22,10,117,3,120
2103104,4,30,79,36,18,167,0,167
2103105,3,26,97,37,6,169,3,172
2103106,0,19,55,17,7,98,3,101
2103107,0,34,90,42,23,189,6,195
2103108,3,8,49,26,12,98,0,98
2103109,0,13,30,14,16,73,0,73
2103110,3,17,49,19,7,95,0,95
2103111,4,43,61,16,8,132,5,137
2103112,7,39,42,10,5,103,0,103
2103113,6,48,61,25,5,145,0,145
2103114,5,43,31,10,4,93,5,98
2103115,29,106,45,11,5,196,9,205
2103116,5,60,47,24,9,145,3,148
2103201,0,22,90,33,15,160,4,164
2103202,14,64,43,26,3,150,4,154
2103203,0,21,41,20,14,96,3,99
2103204,0,23,40,21,19,103,5,108
2103205,0,28,45,27,21,121,6,127
2103206,7,29,45,39,23,143,4,147
2103207,7,34,57,30,37,165,4,169
2103208,0,16,38,20,19,93,3,96
2103209,0,27,39,30,12,108,7,115
2103210,3,10,26,20,10,69,3,72
2103211,0,13,38,25,22,98,0,98
2103212,0,11,26,17,0,54,3,57
2103213,21,49,49,10,6,135,6,141
2103301,18,57,53,25,10,163,8,171
2103302,9,38,57,16,14,134,7,141
2103303,0,10,22,18,26,76,0,76
2103304,8,58,49,17,6,138,7,145
2103305,4,33,37,19,22,115,0,115
2103306,4,41,53,19,29,146,8,154
2103307,4,39,49,30,22,144,0,144
2103308,0,29,53,18,27,127,4,131
2103309,3,45,45,22,7,122,4,126
2103310,8,41,34,15,7,105,4,109
2103311,0,9,19,8,13,49,3,52
2103312,0,28,48,16,21,113,4,117
2103313,5,20,54,41,31,151,3,154
2103314,26,65,47,17,9,164,11,175
2103315,5,54,57,15,4,135,3,138
2103316,0,27,49,27,22,125,3,128
2103317,3,24,59,46,26,158,3,161
2103318,9,56,62,18,9,154,4,158
2103319,22,41,28,5,3,99,0,99
2103320,9,31,26,4,5,75,7,82
2103321,11,52,48,13,10,134,16,150
2103322,11,46,51,5,7,120,9,129
2103401,0,34,84,18,16,152,4,156
2103402,0,16,66,37,20,139,3,142
2103403,0,16,61,32,15,124,3,127
2103404,0,7,64,29,26,126,0,126
2103405,4,7,23,28,17,79,0,79
2103406,5,68,137,34,22,266,6,272
2103407,0,29,77,34,20,160,3,163
2103408,4,39,34,11,5,93,3,96
2103409,3,21,75,33,17,149,0,149
2103410,0,5,16,16,16,53,0,53
2103411,0,24,40,21,21,106,8,114
2103501,0,17,56,17,8,98,0,98
2103502,3,38,62,18,14,135,6,141
2103503,4,36,80,34,23,177,7,184
2103504,0,13,36,20,13,82,0,82
2103505,6,39,61,26,21,153,5,158
2103506,0,29,65,47,21,162,0,162
2103507,0,18,39,23,13,93,0,93
2103508,0,13,37,28,14,92,3,95
2103509,0,21,47,33,21,122,0,122
2103510,4,16,52,31,25,128,0,128
2103511,3,18,50,19,24,114,0,114
2103512,0,54,100,32,20,206,8,214
2103513,0,43,60,38,24,165,6,171
2103514,0,24,74,30,20,148,0,148
2103515,0,15,38,21,11,85,3,88
2103516,3,18,70,35,15,141,5,146
2103601,13,32,31,10,3,89,7,96
2103602,4,22,85,50,34,195,0,195
2103603,0,13,43,25,30,111,0,111
2103604,5,44,51,20,15,135,3,138
2103605,0,18,43,25,10,96,4,100
2103606,0,8,25,15,12,60,3,63
2103607,0,20,64,35,23,142,9,151
2103608,0,17,29,20,16,82,4,86
2103609,0,8,35,16,22,81,3,84
2103610,3,12,51,21,24,111,3,114
2103611,0,26,50,22,25,123,4,127
2103612,0,14,61,15,8,98,0,98
2103613,10,33,46,11,8,108,6,114
2103614,0,6,64,21,9,100,0,100
2103615,5,48,71,22,13,159,3,162
2103616,11,61,97,22,19,210,25,235
2103701,10,68,62,24,7,171,3,174
2103702,30,113,77,24,10,254,4,258
2103703,8,44,66,14,0,132,3,135
2103704,8,53,63,16,4,144,4,148
2103705,29,111,56,16,7,219,6,225
2103706,29,79,46,13,3,170,3,173
2103707,16,105,66,24,9,220,19,239
2103708,0,0,0,0,0,0,0,0
2103709,18,92,73,25,4,212,4,216
2103710,18,50,40,5,3,116,3,119
2103711,15,102,78,27,3,225,5,230
2103712,15,93,71,17,4,200,5,205
2103713,6,58,47,13,4,128,4,132
2103714,4,62,51,8,3,128,3,131
2103715,11,81,68,20,9,189,4,193
2103716,24,89,72,12,5,202,7,209
2103717,9,105,82,23,6,225,8,233
2103718,7,68,63,13,4,155,3,158
2103719,6,51,54,7,8,126,3,129
2103720,12,90,54,13,7,176,6,182
2103721,0,43,61,21,15,140,4,144
2103722,12,75,87,12,13,199,9,208
2103723,21,98,76,19,5,219,7,226
2103724,17,105,73,30,5,230,6,236
2103725,3,47,47,10,6,113,0,113
2103726,37,78,65,22,0,202,9,211
2103727,40,120,79,21,8,268,15,283
2103728,29,50,44,10,8,141,6,147
2103729,18,99,87,23,3,230,3,233
2103730,12,52,70,14,7,155,11,166
2103731,25,85,73,18,4,205,10,215
2103732,3,29,36,8,3,79,0,79
2103801,18,72,57,19,0,166,12,178
2103802,12,36,31,15,4,98,0,98
2103803,11,51,37,14,3,116,8,124
2103804,23,56,32,12,0,123,13,136
2103805,16,65,25,4,0,110,7,117
2103806,58,43,29,7,3,140,15,155
2103807,9,37,34,9,3,92,3,95
2103808,15,47,48,13,3,126,4,130
2103809,24,64,37,6,3,134,5,139
2103810,18,86,83,25,10,222,7,229
2103811,19,62,57,14,0,152,9,161
2103812,11,41,35,9,4,100,9,109
2103813,3,63,96,18,7,187,3,190
2103814,16,45,29,13,3,106,3,109
2103815,6,28,44,15,0,93,4,97
2103816,20,59,43,10,4,136,4,140
2103817,12,38,49,12,4,115,8,123
2103818,25,47,40,11,4,127,4,131
2103819,11,41,42,9,4,107,4,111
2103820,6,39,54,21,11,131,6,137
2103821,6,45,39,9,3,102,4,106
2103822,3,27,47,27,10,114,3,117
2103823,13,42,56,21,13,145,9,154
2103824,4,30,33,9,7,83,4,87
2103825,24,81,62,9,4,180,8,188
2103826,38,72,43,6,0,159,8,167
2103827,21,73,27,4,8,133,7,140
2103828,37,59,18,7,3,124,6,130
2103829,63,104,56,10,3,236,13,249
2103830,46,68,26,4,0,144,11,155
2103831,45,52,43,9,3,152,16,168
2103832,26,83,33,18,3,163,16,179
2103833,32,57,14,10,3,116,11,127
2103834,41,47,24,3,3,118,4,122
2103835,10,35,20,6,6,77,3,80
2103836,18,64,44,12,4,142,3,145
2103837,4,53,35,9,3,104,3,107
2103838,28,63,42,18,0,151,6,157
2103839,23,56,29,14,4,126,3,129
2103840,11,50,37,14,4,116,4,120
2103841,4,46,30,16,3,99,0,99
2103842,38,79,61,22,7,207,22,229
2103843,30,59,26,6,3,124,7,131
2103844,26,91,41,7,9,174,8,182
2103845,18,60,28,9,3,118,3,121
2103846,3,19,6,0,3,31,0,31
2103847,7,74,62,7,4,154,3,157
2103848,50,96,35,7,4,192,17,209
2103849,62,84,35,13,3,197,17,214
2103850,32,65,36,3,3,139,7,146
2103851,0,13,24,20,15,72,0,72
2103852,3,9,22,14,9,57,3,60
2103853,0,0,0,0,0,0,0,0
2103854,4,25,26,12,3,70,7,77
2103855,21,54,47,21,6,149,9,158
2103856,19,82,81,20,3,205,4,209
2103857,24,69,56,16,3,168,5,173
2103858,0,25,26,10,9,70,0,70
2103859,50,109,47,5,3,214,23,237
2103860,24,64,26,9,4,127,11,138
2103861,41,78,32,13,4,168,6,174
2103862,0,0,0,0,0,0,0,0
2103863,0,0,3,0,0,3,0,3
2103864,21,52,39,12,4,128,3,131
2103865,4,26,57,18,8,113,5,118
2103866,14,65,26,6,4,115,7,122
2103867,3,9,18,15,22,67,3,70
2103868,0,15,31,30,22,98,3,101
2103869,0,24,18,0,0,42,0,42
2103870,3,27,36,12,18,96,0,96
2103871,3,23,50,9,9,94,3,97
2103872,5,32,41,19,3,100,4,104
2103873,10,60,49,15,8,142,3,145
2103874,7,26,51,19,3,106,3,109
2103875,7,39,54,16,9,125,8,133
2103876,16,35,20,9,0,80,3,83
2103901,18,80,47,10,3,158,7,165
2103902,17,47,50,12,5,131,4,135
2103903,33,65,72,8,7,185,3,188
2103904,16,56,40,11,6,129,3,132
2103905,29,79,47,8,3,166,10,176
2103906,6,56,44,8,3,117,3,120
2103907,20,79,84,15,8,206,6,212
2103908,9,87,67,6,3,172,3,175
2103909,9,48,48,10,9,124,0,124
2103910,18,84,55,12,3,172,6,178
2103911,16,50,35,11,6,118,3,121
2103912,21,90,62,12,5,190,5,195
2103913,22,59,48,18,3,150,0,150
2103914,30,98,65,19,4,216,9,225
2103915,30,108,64,23,13,238,12,250
2103916,25,78,41,12,4,160,3,163
2103917,13,57,69,3,7,149,0,149
2103918,14,68,63,11,3,159,7,166
2103919,23,103,82,16,11,235,5,240
2103920,11,78,52,15,6,162,3,165
2103921,7,32,39,10,3,91,3,94
2103922,14,69,61,19,3,166,3,169
2103923,12,62,82,14,6,176,4,180
2103924,4,61,54,17,10,146,3,149
2103925,20,89,52,10,3,174,13,187
2103926,0,0,0,0,0,0,0,0
2103927,11,65,69,12,3,160,13,173
2103928,21,92,71,21,5,210,13,223
2103929,22,78,41,11,3,155,10,165
2103930,55,101,30,4,4,194,20,214
2103931,0,0,0,0,0,0,0,0
2103932,21,48,27,3,6,105,4,109
2104001,15,66,56,21,11,169,5,174
2104002,21,76,80,29,11,217,7,224
2104003,13,71,51,17,3,155,7,162
2104004,32,83,90,19,5,229,6,235
2104005,15,27,42,11,4,99,3,102
2104006,12,62,51,11,3,139,0,139
2104007,10,57,60,16,3,146,5,151
2104008,21,83,54,12,3,173,5,178
2104009,27,77,43,9,7,163,4,167
2104010,22,71,55,3,3,154,4,158
2104011,9,54,56,8,5,132,3,135
2104012,25,77,61,15,5,183,6,189
2104013,15,50,35,10,4,114,7,121
2104014,26,76,65,20,5,192,8,200
2104015,50,87,60,12,0,209,8,217
2104016,32,88,60,13,4,197,13,210
2104017,3,62,50,19,3,137,5,142
2104018,22,91,62,12,8,195,5,200
2104019,22,53,34,12,0,121,0,121
2104020,9,37,31,5,3,85,3,88
2104021,12,58,39,12,0,121,3,124
2104022,19,56,52,12,3,142,3,145
2104023,13,64,47,11,0,135,6,141
2104024,11,54,54,13,9,141,5,146
2104025,21,95,75,11,4,206,9,215
2104026,31,101,43,17,3,195,8,203
2104027,5,53,40,8,7,113,5,118
2104028,4,44,37,7,3,95,3,98
2104029,25,91,43,9,5,173,4,177
2104030,7,60,30,8,6,111,3,114
2104031,15,96,85,20,9,225,12,237
2104032,6,45,33,4,4,92,6,98
2104033,13,69,49,14,0,145,5,150
2104034,14,57,93,17,12,193,9,202
2104035,8,42,73,23,12,158,0,158
2104036,4,19,59,26,9,117,3,120
2104037,0,13,22,17,13,65,3,68
2104038,20,103,63,16,8,210,7,217
2104039,16,68,64,17,10,175,4,179
2104040,21,54,48,18,6,147,0,147
2104041,26,103,89,25,10,253,10,263
2104042,21,89,63,14,4,191,8,199
2104043,9,68,61,16,4,158,10,168
2104044,15,68,46,29,6,164,5,169
2104045,6,47,45,21,4,123,4,127
2104046,5,47,50,22,3,127,3,130
2104047,11,48,49,10,3,121,3,124
2104048,6,40,36,8,0,90,4,94
2104049,16,58,32,4,3,113,4,117
2104050,5,43,46,10,10,114,9,123
2104101,7,71,70,25,6,179,3,182
2104102,12,66,68,13,4,163,0,163
2104103,9,83,93,24,14,223,9,232
2104104,7,43,66,10,7,133,4,137
2104105,11,65,89,26,10,201,6,207
2104106,31,123,74,12,8,248,16,264
2104107,3,66,107,23,18,217,10,227
2104108,14,59,61,20,12,166,11,177
2104109,8,52,57,18,7,142,3,145
2104110,6,51,54,19,6,136,4,140
2104111,3,88,69,25,9,194,4,198
2104112,6,60,66,18,9,159,5,164
2104113,4,61,81,21,9,176,0,176
2104114,7,117,174,39,10,347,5,352
2104115,9,40,53,18,8,128,4,132
2104116,26,69,66,14,7,182,0,182
2104117,5,13,18,3,4,43,0,43
2104118,3,34,75,23,11,146,3,149
2104119,4,45,119,39,10,217,0,217
2104120,72,135,49,13,8,277,21,298
2104121,3,43,65,17,12,140,0,140
2104122,8,57,56,14,9,144,4,148
2104123,17,52,63,12,9,153,9,162
2104124,9,36,62,9,14,130,6,136
2104125,3,56,61,21,10,151,3,154
2104126,0,37,62,16,0,115,4,119
2104127,4,67,189,41,21,322,5,327
2104128,6,21,93,22,5,147,3,150
2104129,3,45,62,21,13,144,0,144
2104130,6,51,44,12,7,120,0,120
2104131,0,22,54,18,13,107,3,110
2104132,0,33,69,15,13,130,3,133
2104133,4,29,65,14,4,116,3,119
2104134,4,43,60,24,12,143,8,151
2104135,3,40,68,23,8,142,3,145
2104136,0,33,55,24,3,115,3,118
2104137,4,47,63,18,9,141,3,144
2104138,0,35,91,41,22,189,3,192
2104139,0,12,30,29,18,89,3,92
2104140,3,18,17,19,11,68,5,73
2104141,0,25,43,28,20,116,4,120
2104142,20,86,97,23,8,234,6,240
2104143,11,53,30,4,0,98,6,104
2104201,6,64,100,21,5,196,5,201
2104202,4,38,97,36,24,199,4,203
2104203,3,59,56,16,7,141,5,146
2104204,0,25,47,20,6,98,3,101
2104205,3,26,66,14,8,117,0,117
2104206,0,31,110,43,17,201,4,205
2104207,3,20,134,31,10,198,3,201
2104208,19,143,82,10,4,258,5,263
2104209,11,87,77,22,5,202,7,209
2104210,3,45,52,26,9,135,9,144
2104211,0,36,89,40,11,176,0,176
2104212,9,47,60,17,4,137,3,140
2104213,0,37,64,13,15,129,3,132
2104214,7,91,169,63,40,370,7,377
2104215,11,66,78,25,8,188,3,191
2104216,6,58,98,22,14,198,5,203
2104217,15,43,65,21,12,156,3,159
2104218,8,82,104,23,11,228,7,235
2104219,19,85,49,16,5,174,9,183
2104220,0,23,63,20,15,121,4,125
2104221,3,9,45,15,20,92,0,92
2104222,0,46,88,34,15,183,3,186
2104223,9,95,88,21,6,219,11,230
2104224,0,19,73,23,17,132,0,132
2104225,6,23,28,17,16,90,0,90
2104226,0,3,4,0,3,10,0,10
2104227,0,18,31,17,11,77,0,77
2104228,10,80,77,18,3,188,6,194
2104229,14,91,79,14,6,204,5,209
2104230,0,21,92,25,20,158,0,158
2104231,4,22,104,32,3,165,3,168
2104232,20,51,52,22,7,152,4,156
2104233,34,72,42,22,9,179,7,186
2104234,0,11,63,24,13,111,0,111
2104235,14,72,63,13,11,173,13,186
2104236,3,37,52,9,10,111,3,114
2104237,12,55,91,38,9,205,3,208
2104238,10,54,66,12,9,151,3,154
2104239,8,62,51,18,7,146,0,146
2104240,0,42,52,17,6,117,0,117
2104241,0,6,12,5,8,31,0,31
2104242,4,10,50,18,3,85,3,88
2104243,0,21,88,31,18,158,0,158
2104244,0,0,0,0,0,0,0,0
2104301,3,38,86,27,8,162,5,167
2104302,3,37,38,9,7,94,0,94
2104303,0,14,32,24,26,96,0,96
2104304,0,23,47,30,22,122,4,126
2104305,0,14,50,27,30,121,0,121
2104306,0,16,21,26,15,78,0,78
2104307,4,33,65,41,33,176,0,176
2104308,0,4,4,3,5,16,0,16
2104309,0,0,9,5,9,23,0,23
2104310,12,72,55,19,6,164,6,170
2104311,0,8,34,24,24,90,6,96
2104312,3,9,33,22,12,79,3,82
2104313,3,65,68,18,7,161,3,164
2104314,3,28,42,20,8,101,0,101
2104315,35,52,3,3,0,93,9,102
2104316,0,34,49,14,7,104,4,108
2104317,0,13,32,15,30,90,0,90
2104318,9,66,89,25,15,204,4,208
2104319,0,15,66,37,56,174,8,182
2104320,6,43,76,15,27,167,4,171
2104321,9,51,80,39,11,190,4,194
2104322,4,36,50,17,5,112,3,115
2104323,3,30,68,46,35,182,7,189
2104324,4,38,54,16,0,112,0,112
2104325,0,3,7,0,0,10,3,13
2104326,4,35,58,20,6,123,3,126
2104327,3,45,52,24,17,141,5,146
2104328,4,123,257,54,11,449,5,454
2104329,0,14,85,12,3,114,0,114
2104330,0,31,66,22,12,131,0,131
2104331,5,45,93,30,11,184,7,191
2104332,8,73,100,26,15,222,7,229
2104333,8,63,35,12,6,124,6,130
2104334,4,53,70,21,11,159,0,159
2104335,9,56,45,17,4,131,0,131
2104336,3,61,107,36,10,217,4,221
2104337,6,48,75,19,3,151,4,155
2104401,5,42,46,17,6,116,3,119
2104402,0,56,64,22,10,152,0,152
2104403,0,20,53,3,3,79,4,83
2104404,9,67,72,22,6,176,5,181
2104405,0,55,84,17,9,165,3,168
2104406,0,38,95,25,18,176,3,179
2104407,9,65,70,15,13,172,4,176
2104408,9,26,34,11,7,87,0,87
2104409,0,45,80,25,14,164,9,173
2104410,3,69,83,28,9,192,3,195
2104411,0,15,60,28,12,115,3,118
2104412,9,71,86,20,9,195,4,199
2104413,4,31,59,38,20,152,6,158
2104414,14,61,86,24,13,198,3,201
2104415,8,73,39,6,10,136,5,141
2104416,0,40,44,9,12,105,0,105
2104417,0,57,145,33,13,248,3,251
2104418,8,62,65,6,4,145,3,148
2104419,8,117,123,35,7,290,3,293
2104420,4,16,39,4,13,76,0,76
2104421,5,21,34,24,19,103,0,103
2104422,0,40,57,21,11,129,0,129
2104423,5,42,65,18,9,139,4,143
2104424,0,7,28,23,10,68,3,71
2104501,25,73,72,14,10,194,4,198
2104502,3,34,58,20,7,122,4,126
2104503,30,59,51,10,3,153,7,160
2104504,67,134,41,12,10,264,16,280
2104505,10,75,70,27,8,190,4,194
2104506,6,55,95,24,8,188,6,194
2104507,6,66,61,9,11,153,6,159
2104508,4,73,93,20,16,206,8,214
2104509,0,28,49,20,7,104,0,104
2104510,0,19,28,16,20,83,6,89
2104511,18,80,54,8,5,165,17,182
2104512,18,87,45,12,10,172,0,172
2104513,9,81,55,18,3,166,6,172
2104514,27,84,42,15,8,176,8,184
2104515,9,46,36,14,3,108,7,115
2104516,28,93,54,12,5,192,7,199
2104517,0,47,111,30,12,200,4,204
2104518,0,12,38,22,14,86,0,86
2104519,9,37,60,38,33,177,6,183
2104520,35,94,60,6,8,203,6,209
2104521,20,60,39,12,8,139,4,143
2104522,12,52,36,15,21,136,5,141
2104523,13,85,56,9,4,167,7,174
2104524,17,87,50,16,7,177,3,180
2104525,15,75,55,21,6,172,5,177
2104526,4,44,67,14,6,135,6,141
2104527,9,71,59,19,5,163,6,169
2104528,23,82,62,21,5,193,8,201
2104529,0,0,0,0,0,0,0,0
2104530,13,71,39,15,16,154,13,167
2104531,43,71,68,5,5,192,12,204
2104532,21,72,56,10,0,159,10,169
2104533,19,94,61,16,7,197,5,202
2104534,15,79,61,17,4,176,7,183
2104535,33,95,56,9,7,200,6,206
2104601,16,75,84,16,5,196,6,202
2104602,13,71,97,19,7,207,5,212
2104603,8,53,49,7,5,122,8,130
2104604,8,22,28,11,0,69,6,75
2104605,6,13,35,11,4,69,4,73
2104606,34,98,83,18,9,242,6,248
2104607,15,78,50,7,5,155,3,158
2104608,10,55,53,14,5,137,3,140
2104609,8,48,51,13,5,125,12,137
2104610,6,34,70,17,7,134,7,141
2104611,7,53,96,23,4,183,5,188
2104612,21,64,91,17,6,199,3,202
2104613,14,68,55,15,7,159,10,169
2104614,9,35,72,16,7,139,0,139
2104615,5,86,94,21,6,212,3,215
2104616,6,35,38,16,3,98,3,101
2104617,31,92,90,24,11,248,3,251
2104618,10,55,40,9,4,118,3,121
2104619,12,19,35,5,6,77,0,77
2104620,3,48,53,23,3,130,3,133
2104621,6,57,61,14,8,146,3,149
2104622,3,30,46,9,3,91,0,91
2104623,26,72,60,18,6,182,6,188
2104624,8,54,57,23,0,142,0,142
2104625,5,36,43,12,5,101,0,101
2104701,0,0,0,0,0,0,0,0
2104702,3,3,0,0,0,6,0,6
2104703,10,49,49,18,3,129,6,135
2104704,18,96,73,9,8,204,8,212
2104705,21,39,25,14,4,103,4,107
2104706,11,58,74,17,4,164,14,178
2104707,7,55,58,11,6,137,6,143
2104708,0,25,40,17,11,93,3,96
2104709,15,43,64,18,7,147,5,152
2104710,9,63,71,11,4,158,8,166
2104711,15,94,75,24,11,219,4,223
2104712,6,68,40,18,12,144,5,149
2104713,11,38,44,22,10,125,4,129
2104714,10,33,36,13,4,96,5,101
2104715,7,58,114,27,11,217,3,220
2104716,5,86,93,32,15,231,5,236
2104717,0,0,0,0,0,0,0,0
2104718,35,98,51,14,9,207,14,221
2104719,21,56,38,11,3,129,6,135
2104720,18,72,40,5,3,138,4,142
2104721,36,103,63,8,8,218,11,229
2104722,26,45,36,10,0,117,4,121
2104723,5,13,8,3,0,29,3,32
2104724,34,102,70,19,3,228,7,235
2104725,13,21,13,4,7,58,5,63
2104726,32,54,30,5,3,124,7,131
2104727,0,3,3,0,0,6,0,6
2104728,4,56,69,24,16,169,0,169
2104729,17,77,101,33,10,238,5,243
2104730,4,68,81,8,7,168,5,173
2104731,7,59,68,14,15,163,3,166
2104732,0,0,0,0,0,0,0,0
2104733,3,9,33,18,14,77,3,80
2104734,4,61,30,5,3,103,6,109
2104735,7,47,53,34,20,161,7,168
2104736,0,23,6,0,11,40,12,52
2104737,13,38,45,19,8,123,0,123
2104738,7,79,105,25,9,225,10,235
2104739,6,57,50,11,5,129,7,136
2104740,24,83,49,12,4,172,6,178
2104801,30,118,57,15,10,230,6,236
2104802,3,38,41,13,3,98,3,101
2104803,16,68,71,25,12,192,0,192
2104804,3,25,45,18,10,101,5,106
2104805,13,56,59,19,15,162,9,171
2104806,0,7,25,7,20,59,3,62
2104807,0,18,34,12,12,76,4,80
2104808,0,18,47,26,22,113,0,113
2104809,4,37,31,11,6,89,0,89
2104810,0,34,58,16,4,112,5,117
2104811,0,55,78,17,6,156,4,160
2104812,3,44,43,12,4,106,0,106
2104813,17,122,114,34,14,301,12,313
2104814,6,31,44,17,5,103,3,106
2104815,0,19,35,18,11,83,0,83
2104816,6,75,89,26,16,212,3,215
2104817,6,103,117,23,7,256,7,263
2104818,3,33,33,11,13,93,6,99
2104819,3,47,66,22,14,152,5,157
2104820,0,55,63,20,10,148,5,153
2104821,10,46,65,17,6,144,3,147
2104822,3,17,37,15,7,79,4,83
2104823,5,56,119,32,22,234,4,238
2104824,3,30,43,12,8,96,4,100
2104825,3,60,67,18,6,154,3,157
2104826,0,39,61,19,4,123,6,129
2104827,3,42,47,15,8,115,3,118
2104828,4,56,79,14,11,164,8,172
2104829,0,38,59,23,6,126,0,126
2104830,0,17,34,14,0,65,3,68
2104831,0,14,28,15,10,67,0,67
2104901,4,37,51,15,4,111,0,111
2104902,11,61,59,14,7,152,3,155
2104903,9,62,61,8,7,147,0,147
2104904,8,70,103,23,4,208,4,212
2104905,11,87,87,31,9,225,6,231
2104906,10,88,58,20,4,180,6,186
2104907,3,27,53,19,12,114,0,114
2104908,19,98,64,13,6,200,16,216
2104909,3,56,63,24,5,151,3,154
2104910,0,40,63,15,12,130,3,133
2104911,3,31,52,20,8,114,3,117
2105001,6,27,46,12,3,94,3,97
2105002,0,30,54,16,4,104,3,107
2105003,3,40,59,21,9,132,3,135
2105004,0,52,78,19,5,154,0,154
2105005,4,41,81,34,7,167,11,178
2105006,12,70,69,27,7,185,6,191
2105007,3,36,32,9,4,84,0,84
2105008,9,62,63,9,3,146,8,154
2105009,8,79,78,16,4,185,4,189
2105010,20,66,42,14,7,149,5,154
2105011,12,93,64,16,3,188,7,195
2105012,9,60,66,26,3,164,7,171
2105013,3,38,72,15,7,135,4,139
2105014,7,45,64,13,8,137,3,140
2105015,5,58,52,10,4,129,5,134
2105016,3,35,78,14,7,137,3,140
2105017,3,34,65,13,8,123,4,127
2105018,0,28,55,34,14,131,0,131
2105019,3,58,63,15,3,142,5,147
2105020,12,53,95,18,13,191,6,197
2105021,5,56,56,24,0,141,3,144
2105022,5,57,90,22,12,186,3,189
2105023,4,45,74,15,7,145,3,148
2105024,0,10,62,23,19,114,0,114
2105025,3,47,39,17,3,109,8,117
2105026,5,69,76,14,11,175,0,175
2105027,3,126,202,34,21,386,4,390
2105028,3,46,58,12,3,122,0,122
2105029,0,74,82,25,9,190,3,193
2105030,3,34,49,13,3,102,3,105
2105031,5,63,77,12,6,163,3,166
2105032,4,46,113,24,0,187,3,190
2105033,8,76,46,9,4,143,4,147
2105034,0,52,43,14,0,109,4,113
2105035,3,55,93,20,11,182,3,185
2105036,0,64,84,16,13,177,0,177
2105037,0,12,23,11,14,60,0,60
2105038,3,58,146,31,12,250,5,255
2105039,4,24,55,32,22,137,0,137
2105040,0,20,71,44,16,151,3,154
2105041,0,12,32,14,8,66,3,69
2105042,3,43,83,21,10,160,0,160
2105043,0,9,22,11,11,53,0,53
2105044,0,15,32,25,16,88,0,88
2105101,4,107,87,17,4,219,8,227
2105102,15,68,47,9,3,142,12,154
2105103,7,35,43,8,4,97,5,102
2105104,9,98,105,29,4,245,6,251
2105105,5,46,38,10,4,103,5,108
2105106,11,94,43,10,5,163,5,168
2105107,14,65,47,6,7,139,8,147
2105108,5,44,50,16,3,118,0,118
2105109,7,78,76,26,6,193,5,198
2105110,13,78,84,16,3,194,8,202
2105111,0,78,63,10,3,154,3,157
2105112,0,84,106,29,12,231,4,235
2105113,14,47,43,9,3,116,6,122
2105114,5,58,60,4,4,131,6,137
2105115,8,110,64,11,7,200,6,206
2105116,3,25,59,41,29,157,3,160
2105117,9,51,41,8,5,114,3,117
2105201,5,57,48,6,3,119,4,123
2105202,8,76,72,12,0,168,4,172
2105203,0,48,55,9,0,112,4,116
2105204,8,79,104,12,7,210,0,210
2105205,14,93,64,18,6,195,4,199
2105206,8,80,64,12,3,167,3,170
2105207,3,75,82,19,12,191,4,195
2105208,8,54,49,7,4,122,6,128
2105209,12,43,43,9,5,112,5,117
2105210,10,64,40,16,5,135,7,142
2105211,0,13,23,23,12,71,3,74
2105301,3,35,88,17,7,150,0,150
2105302,3,11,77,35,14,140,4,144
2105303,0,35,103,30,11,179,5,184
2105304,0,4,23,9,6,42,0,42
2105305,3,57,89,24,3,176,6,182
2105306,3,40,76,30,18,167,4,171
2105307,0,57,88,20,6,171,10,181
2105308,8,35,59,11,4,117,0,117
2105309,0,57,69,14,4,144,4,148
2105310,3,53,99,32,7,194,3,197
2105311,13,73,61,18,5,170,6,176
2105312,19,75,55,13,6,168,4,172
2105313,12,63,45,8,5,133,6,139
2105314,4,70,102,26,12,214,9,223
2105315,14,93,91,27,5,230,4,234
2105316,0,54,162,25,14,255,3,258
2105317,0,51,145,21,15,232,3,235
2105318,0,8,46,33,35,122,0,122
2105319,0,39,78,24,6,147,3,150
2105320,4,31,58,19,6,118,0,118
2105321,3,56,53,7,0,119,3,122
2105322,4,40,57,13,4,118,6,124
2105323,6,68,80,17,7,178,3,181
2105324,0,31,68,25,6,130,6,136
2105325,0,24,76,16,3,119,4,123
2105326,0,37,113,25,7,182,3,185
2105327,6,72,72,13,5,168,3,171
2105328,0,10,27,17,11,65,3,68
2105329,5,34,83,15,3,140,4,144
2105330,0,43,83,18,3,147,5,152
2105331,0,5,27,9,9,50,3,53
2105332,4,47,45,18,12,126,5,131
2105333,4,19,67,37,24,151,0,151
2105334,11,44,56,22,9,142,6,148
2105401,0,32,40,9,4,85,4,89
2105402,0,28,48,6,8,90,6,96
2105403,15,65,44,11,8,143,10,153
2105404,3,30,46,12,11,102,3,105
2105405,0,4,0,0,0,4,0,4
2105406,3,45,86,39,25,198,7,205
2105407,0,22,52,20,12,106,6,112
2105408,3,40,56,23,9,131,8,139
2105409,4,54,57,14,13,142,7,149
2105410,3,23,53,31,20,130,0,130
2105411,10,60,53,11,7,141,9,150
2105412,8,54,50,7,3,122,7,129
2105413,3,29,39,18,3,92,7,99
2105414,13,50,33,15,9,120,7,127
2105415,8,37,65,25,7,142,7,149
2105416,7,65,50,16,7,145,9,154
2105417,3,46,69,33,29,180,7,187
2105418,4,51,36,9,0,100,3,103
2105419,15,96,54,20,3,188,9,197
2105501,3,68,74,19,8,172,12,184
2105502,23,65,38,8,3,137,11,148
2105503,3,24,40,6,6,79,4,83
2105504,6,40,39,15,5,105,4,109
2105505,4,26,37,14,4,85,3,88
2105506,3,71,56,28,5,163,14,177
2105507,8,30,45,16,4,103,4,107
2105508,13,62,74,16,4,169,4,173
2105509,15,61,39,5,3,123,6,129
2105510,8,40,22,10,3,83,3,86
2105511,22,69,49,17,3,160,7,167
2105512,3,48,60,41,20,172,7,179
2105513,0,18,50,20,15,103,11,114
2105514,0,40,72,26,19,157,4,161
2105515,3,24,68,22,17,134,3,137
2105516,0,25,47,32,25,129,3,132
2105517,0,8,34,14,13,69,0,69
2105518,3,11,34,15,11,74,3,77
2105519,0,44,43,28,11,126,4,130
2105601,4,30,62,39,31,166,0,166
2105602,0,21,40,23,23,107,0,107
2105603,3,6,31,18,15,73,0,73
2105604,3,18,35,12,4,72,6,78
2105605,3,87,86,34,20,230,4,234
2105606,8,43,49,7,7,114,5,119
2105607,14,57,44,21,3,139,5,144
2105608,9,74,62,22,7,174,4,178
2105609,9,51,79,38,28,205,3,208
2105610,0,27,46,28,22,123,3,126
2105611,0,16,27,12,11,66,0,66
2105612,0,33,22,7,10,72,5,77
2105613,3,76,102,35,11,227,0,227
2105614,8,70,64,23,10,175,11,186
2105615,3,23,74,47,30,177,0,177
2105616,3,21,61,28,18,131,0,131
2105617,5,93,89,33,9,229,6,235
2105618,6,32,38,15,4,95,5,100
2105619,0,42,69,20,7,138,0,138
2105620,0,36,105,31,9,181,3,184
2105621,3,51,48,8,11,121,3,124
2105622,0,33,24,11,12,80,0,80
2105623,0,10,33,7,7,57,0,57
2105624,11,62,37,10,3,123,8,131
2105625,7,69,54,13,8,151,7,158
2105626,5,27,45,21,8,106,7,113
2105627,7,29,31,6,4,77,3,80
2105628,17,62,52,14,14,159,6,165
2105629,0,7,28,12,7,54,0,54
2105630,0,37,66,16,10,129,4,133
2105631,0,9,37,17,15,78,0,78
2105701,6,69,72,17,8,172,7,179
2105702,0,30,43,21,24,118,4,122
2105703,4,55,84,30,16,189,6,195
2105704,6,55,91,41,20,213,6,219
2105705,0,63,122,33,40,258,8,266
2105706,0,13,15,10,8,46,0,46
2105707,0,23,40,18,21,102,0,102
2105708,0,23,16,10,5,54,0,54
2105709,0,0,0,0,3,3,0,3
2105710,9,34,28,16,0,87,4,91
2105711,10,70,40,6,9,135,5,140
2105712,5,50,35,8,3,101,3,104
2105713,12,102,90,31,12,247,5,252
2105714,23,122,96,25,19,285,8,293
2105715,0,28,39,7,0,74,5,79
2105716,3,59,67,24,16,169,3,172
2105717,0,50,57,14,8,129,6,135
2105718,3,22,28,22,10,85,7,92
2105719,20,100,96,32,12,260,10,270
2105720,5,17,3,0,3,28,0,28
2105721,0,16,37,18,11,82,0,82
2105722,0,21,53,16,11,101,3,104
2105801,6,36,36,9,3,90,0,90
2105802,0,21,42,13,20,96,7,103
2105803,0,15,32,19,12,78,0,78
2105804,4,37,49,17,12,119,5,124
2105805,13,39,29,8,6,95,3,98
2105806,5,48,41,16,6,116,4,120
2105807,3,47,69,19,14,152,4,156
2105808,3,23,24,14,5,69,3,72
2105809,6,49,54,21,6,136,3,139
2105810,0,0,3,0,0,3,0,3
2105811,0,13,40,12,23,88,0,88
2105812,3,17,42,12,3,77,3,80
2105813,5,64,30,6,0,105,26,131
2105814,9,32,55,23,4,123,10,133
2105901,12,81,65,13,0,171,7,178
2105902,13,56,43,12,8,132,5,137
2105903,3,35,56,16,3,113,3,116
2105904,23,42,21,4,6,96,7,103
2105905,30,51,32,3,6,122,7,129
2105906,19,86,77,22,8,212,6,218
2105907,3,27,45,19,14,108,8,116
2105908,6,5,15,6,10,42,0,42
2105909,37,95,49,3,3,187,11,198
2105910,35,72,33,11,5,156,9,165
2105911,3,35,60,22,14,134,7,141
2105912,26,83,52,12,4,177,10,187
2105913,26,48,54,10,0,138,3,141
2105914,13,68,62,21,7,171,9,180
2105915,18,85,80,26,3,212,12,224
2105916,32,45,39,5,5,126,4,130
2105917,28,60,34,9,0,131,7,138
2106001,0,21,41,14,16,92,4,96
2106002,4,39,67,17,16,143,3,146
2106003,4,24,36,16,3,83,0,83
2106004,0,0,0,0,0,0,0,0
2106005,3,26,66,33,22,150,7,157
2106006,5,12,46,24,23,110,3,113
2106007,0,25,50,21,24,120,3,123
2106008,0,15,54,27,18,114,5,119
2106009,4,28,23,23,26,104,0,104
2106010,3,34,66,29,18,150,6,156
2106011,5,101,132,20,5,263,4,267
2106101,5,34,31,8,7,85,3,88
2106201,5,33,56,25,23,142,7,149
2106202,4,21,39,18,6,88,3,91
2106203,7,68,56,15,3,149,13,162
2106204,18,64,39,10,3,134,12,146
2106205,5,40,85,40,28,198,9,207
2106206,17,63,65,15,6,166,7,173
2106207,3,33,61,26,18,141,3,144
2106208,0,23,42,28,13,106,4,110
2106209,3,27,39,26,9,104,3,107
2106210,0,27,33,13,7,80,0,80
2106301,10,42,58,14,5,129,8,137
2106302,20,88,61,21,0,190,5,195
2106303,11,50,30,3,4,98,0,98
2106304,44,81,36,7,0,168,5,173
2106305,8,38,30,7,3,86,0,86
2106306,13,109,72,17,8,219,9,228
2106307,18,89,81,19,4,211,8,219
2106308,19,94,67,11,8,199,12,211
2106309,3,12,53,21,19,108,0,108
2106310,21,51,38,12,4,126,7,133
2106311,12,57,50,4,4,127,9,136
2106312,14,57,74,17,8,170,8,178
2106313,35,88,44,6,3,176,8,184
2106314,16,64,49,13,3,145,5,150
2106315,11,52,29,13,4,109,5,114
2106316,0,0,0,0,0,0,0,0
2106317,18,60,39,16,8,141,0,141
2106318,29,81,46,14,3,173,7,180
2106319,32,90,73,10,6,211,3,214
2106320,23,74,54,13,3,167,7,174
2106321,5,32,51,24,21,133,8,141
2106322,0,20,48,35,29,132,0,132
2106323,13,74,22,11,0,120,7,127
2106324,8,50,55,11,7,131,3,134
2106325,26,82,55,18,3,184,9,193
2106326,0,48,73,12,6,139,6,145
2106327,0,47,68,18,10,143,4,147
2106328,0,16,45,21,10,92,0,92
2106329,0,16,30,22,12,80,0,80
2106401,0,29,48,20,23,120,6,126
2106402,3,44,78,30,26,181,3,184
2106403,4,35,48,28,28,143,4,147
2106404,3,37,65,30,35,170,5,175
2106405,0,12,35,26,13,86,4,90
2106406,0,35,91,52,22,200,6,206
2106407,0,24,65,28,16,133,5,138
2106408,0,31,73,40,29,173,3,176
2106409,0,13,25,21,13,72,0,72
2106501,4,46,42,13,3,108,4,112
2106502,3,17,42,31,20,113,6,119
2106503,13,76,56,23,3,171,3,174
2106504,22,77,63,32,5,199,7,206
2106505,3,40,51,11,0,105,6,111
2106506,7,58,55,15,8,143,6,149
2106507,0,26,48,29,24,127,4,131
2106508,3,23,57,15,6,104,3,107
2106509,0,29,48,20,3,100,0,100
2106510,3,25,58,12,5,103,3,106
2106511,16,50,38,14,4,122,4,126
2106601,0,29,84,23,5,141,0,141
2106602,3,30,88,24,9,154,3,157
2106603,5,92,73,21,5,196,11,207
2106604,13,81,33,6,3,136,5,141
2106605,16,67,43,9,0,135,3,138
2106606,34,152,71,20,4,281,23,304
2106607,7,66,63,13,8,157,8,165
2106608,0,10,92,35,24,161,4,165
2106609,40,71,45,8,4,168,12,180
2106610,8,40,36,11,3,98,4,102
2106611,29,115,56,16,0,216,12,228
2106612,46,87,47,19,5,204,12,216
2106613,17,54,52,22,3,148,3,151
2106614,4,54,56,18,3,135,0,135
2106615,20,86,92,22,11,231,12,243
2106616,15,86,66,22,10,199,9,208
2106617,5,71,108,21,7,212,5,217
2106618,9,68,80,24,4,185,8,193
2106619,26,83,59,10,0,178,8,186
2106620,10,58,60,8,3,139,3,142
2106621,20,76,39,6,3,144,3,147
2106622,15,63,51,10,3,142,6,148
2106623,16,59,65,14,7,161,8,169
2106624,8,52,48,13,0,121,8,129
2106625,13,59,51,12,8,143,0,143
2106626,14,63,35,14,4,130,5,135
2106627,10,69,41,14,0,134,10,144
2106628,11,44,36,14,4,109,3,112
2106629,13,71,75,22,12,193,4,197
2106630,31,85,56,27,7,206,14,220
2106631,11,62,47,12,7,139,8,147
2106632,3,19,31,11,14,78,3,81
2106633,0,9,13,9,9,40,0,40
2106634,11,62,62,10,4,149,11,160
2106635,24,57,52,16,5,154,3,157
2106636,36,80,34,15,4,169,10,179
2106637,32,74,37,11,5,159,7,166
2106638,4,28,31,4,3,70,5,75
2106639,0,0,0,0,0,0,0,0
2106640,5,23,31,6,4,69,0,69
2106641,17,37,29,15,8,106,8,114
2106642,4,70,84,13,12,183,4,187
2106643,5,32,29,5,3,74,3,77
2106644,6,40,40,9,0,95,3,98
2106645,14,61,50,17,3,145,8,153
2106646,3,64,75,29,12,183,4,187
2106647,14,50,29,8,3,104,4,108
2106701,0,26,50,21,18,115,3,118
2106702,3,33,41,16,5,98,3,101
2106703,0,37,65,46,30,178,5,183
2106704,0,20,49,33,13,115,0,115
2106705,3,23,60,21,14,121,4,125
2106706,4,33,51,24,31,143,3,146
2106707,0,16,32,17,21,86,4,90
2106708,0,13,37,16,17,83,0,83
2106709,0,14,27,16,21,78,4,82
2106710,0,33,32,15,4,84,3,87
2106711,5,21,36,19,13,94,0,94
2106712,0,30,38,19,3,90,0,90
2106713,0,28,66,20,10,124,4,128
2106714,3,16,35,23,14,91,3,94
2106715,0,21,38,21,12,92,5,97
2106716,3,22,42,29,5,101,7,108
2106717,0,19,69,32,19,139,5,144
2106718,0,19,27,28,12,86,3,89
2106719,0,16,56,27,20,119,3,122
2106720,4,18,47,24,14,107,5,112
2106721,0,21,43,22,25,111,4,115
2106722,0,24,56,28,12,120,4,124
2106723,0,17,60,33,15,125,0,125
2106724,3,35,55,20,6,119,3,122
2106725,0,22,54,22,11,109,4,113
2106726,0,10,40,18,25,93,0,93
2106727,3,16,50,24,13,106,0,106
2106728,8,30,37,18,8,101,5,106
2106729,3,31,74,34,23,165,5,170
2106730,3,23,47,17,20,110,0,110
2106731,5,15,25,14,13,72,3,75
2106801,5,40,49,11,10,115,4,119
2106802,0,29,39,26,14,108,5,113
2106803,3,45,43,25,10,126,4,130
2106804,0,12,50,30,17,109,3,112
2106805,6,49,56,13,6,130,3,133
2106806,9,26,34,12,0,81,9,90
2106807,17,53,54,8,7,139,4,143
2106808,14,98,59,16,7,194,5,199
2106809,11,44,52,13,9,129,6,135
2106810,4,17,38,28,26,113,4,117
2106811,14,80,67,13,3,177,11,188
2106812,3,47,41,15,6,112,3,115
2106901,3,54,42,4,6,109,3,112
2106902,13,52,30,4,4,103,3,106
2106903,0,36,43,15,8,102,3,105
2106904,13,74,44,9,0,140,3,143
2106905,5,59,41,10,0,115,0,115
2106906,3,38,30,9,4,84,5,89
2106907,4,39,45,17,5,110,0,110
2106908,0,0,0,4,0,4,0,4
2106909,9,46,22,4,0,81,5,86
2106910,3,28,30,5,4,70,4,74
2106911,23,87,55,17,4,186,6,192
2106912,0,13,20,17,7,57,3,60
2106913,0,14,21,11,4,50,4,54
2106914,13,34,50,18,5,120,3,123
2106915,6,37,45,26,17,131,4,135
2106916,3,29,52,10,8,102,0,102
2106917,13,67,32,5,5,122,0,122
2106918,4,41,37,6,0,88,0,88
2106919,15,54,43,5,0,117,6,123
2106920,0,0,0,0,0,0,0,0
2106921,0,31,46,18,3,98,3,101
2106922,4,44,68,23,17,156,0,156
2106923,4,45,50,12,7,118,0,118
2106924,0,29,46,6,7,88,3,91
2106925,3,8,5,0,3,19,0,19
2106926,3,31,47,26,14,121,4,125
2106927,3,20,50,24,13,110,4,114
2106928,3,33,40,22,15,113,3,116
2106929,10,18,5,3,0,36,0,36
2106930,4,15,18,5,4,46,3,49
2106931,0,54,34,13,6,107,7,114
2107001,0,59,71,32,12,174,4,178
2107002,4,20,31,8,10,73,5,78
2107003,11,52,57,20,8,148,3,151
2107004,9,44,34,9,3,99,0,99
2107005,0,16,64,35,35,150,3,153
2107006,0,12,40,26,9,87,8,95
2107007,3,16,30,28,11,88,4,92
2107008,0,20,27,34,22,103,3,106
2107009,7,49,53,12,7,128,3,131
2107101,6,68,89,30,7,200,6,206
2107102,0,20,42,22,14,98,5,103
2107103,12,49,32,5,11,109,0,109
2107104,0,19,34,9,6,68,4,72
2107105,0,12,28,11,10,61,0,61
2107106,0,17,46,22,12,97,4,101
2107107,5,39,62,24,20,150,3,153
2107108,11,54,51,9,4,129,7,136
2107109,5,50,41,19,3,118,4,122
2107110,0,24,19,6,9,58,0,58
2107111,7,29,64,21,10,131,0,131
2107112,22,86,63,24,10,205,8,213
2107113,0,0,0,0,0,0,0,0
2107114,11,42,37,11,11,112,4,116
2107115,15,88,67,22,10,202,8,210
2107201,3,24,32,16,4,79,0,79
2107202,3,30,55,33,10,131,5,136
2107203,12,42,33,9,5,101,4,105
2107204,14,54,49,11,4,132,4,136
2107205,12,33,27,6,6,84,3,87
2107206,18,73,36,13,5,145,0,145
2107207,0,11,46,20,19,96,0,96
2107208,0,21,54,16,19,110,9,119
2107209,5,21,24,16,16,82,0,82
2107210,9,37,53,23,16,138,5,143
2107211,0,27,58,24,18,127,7,134
2107212,4,20,26,24,23,97,5,102
2107213,8,63,71,22,11,175,12,187
2107214,13,95,62,14,4,188,13,201
2107215,0,0,0,0,0,0,0,0
2107216,3,42,54,23,16,138,0,138
2107217,0,17,41,14,11,83,4,87
2107218,0,19,33,15,19,86,3,89
2107219,8,32,71,27,27,165,5,170
2107220,0,13,39,21,14,87,0,87
2107301,20,43,20,7,0,90,4,94
2107302,5,56,93,28,8,190,4,194
2107303,4,56,59,14,3,136,3,139
2107304,11,74,81,14,3,183,6,189
2107305,3,75,88,21,6,193,9,202
2107306,3,37,90,25,9,164,7,171
2107307,14,96,82,18,0,210,0,210
2107308,57,80,19,6,3,165,14,179
2107309,3,44,44,6,0,97,3,100
2107310,0,54,53,11,6,124,4,128
2107311,6,39,75,16,5,141,5,146
2107312,22,59,26,3,0,110,13,123
2107313,0,26,66,20,13,125,4,129
2107314,0,33,43,18,3,97,0,97
2107315,4,38,92,24,12,170,3,173
2107316,9,68,54,11,0,142,3,145
2107317,4,58,56,22,7,147,4,151
2107318,0,8,37,15,12,72,3,75
2107319,0,13,56,23,18,110,3,113
2107320,3,43,129,45,7,227,3,230
2107321,5,29,66,20,3,123,0,123
2107322,6,52,68,15,0,141,5,146
2107323,4,63,91,30,3,191,7,198
2107324,0,18,63,25,8,114,3,117
2107325,4,46,109,23,3,185,3,188
2107326,3,12,70,29,26,140,3,143
2107327,5,65,80,10,5,165,7,172
2107328,14,93,74,10,9,200,5,205
2107329,6,53,52,18,8,137,6,143
2107330,20,55,58,9,4,146,4,150
2107331,8,63,66,22,9,168,3,171
2107332,7,54,58,22,12,153,11,164
2107333,8,76,94,24,13,215,13,228
2107334,16,62,60,17,6,161,4,165
2107335,4,25,45,12,3,89,3,92
2107401,0,12,38,25,23,98,3,101
2107402,11,31,68,35,15,160,0,160
2107403,0,4,24,13,8,49,3,52
2107404,0,8,30,11,12,61,0,61
2107405,7,69,138,42,10,266,3,269
2107406,0,20,88,31,18,157,0,157
2107407,9,67,46,8,3,133,3,136
2107408,0,0,0,0,7,7,0,7
2107409,3,27,43,9,3,85,3,88
2107410,0,0,0,0,0,0,0,0
2107411,23,96,78,18,9,224,11,235
2107412,12,91,90,13,3,209,5,214
2107413,27,94,52,6,3,182,13,195
2107414,34,70,33,8,5,150,8,158
2107415,0,33,104,43,12,192,3,195
2107416,3,24,40,16,3,86,3,89
2107417,17,92,40,16,3,168,13,181
2107418,14,73,50,21,6,164,8,172
2107419,3,43,53,14,9,122,6,128
2107420,25,81,66,13,6,191,4,195
2107421,33,58,40,8,0,139,4,143
2107422,38,108,61,17,0,224,15,239
2107423,56,87,46,17,3,209,8,217
2107424,11,54,36,6,7,114,7,121
2107425,0,24,56,14,10,104,0,104
2107426,0,35,70,32,12,149,0,149
2107427,28,108,82,13,6,237,13,250
2107428,22,89,66,16,10,203,9,212
2107429,4,31,26,4,3,68,3,71
2107430,22,77,31,11,7,148,3,151
2107431,0,3,3,3,0,9,0,9
2107432,11,55,37,8,3,114,9,123
2107433,3,59,87,19,7,175,3,178
2107434,19,83,71,10,6,189,8,197
2107435,0,16,43,14,3,76,0,76
2107436,0,16,52,12,6,86,0,86
2107437,0,45,117,26,18,206,3,209
2107438,4,61,57,18,3,143,7,150
2107439,24,102,62,15,5,208,10,218
2107440,7,70,115,42,15,249,8,257
2107441,19,87,91,32,7,236,3,239
2107442,10,63,47,21,3,144,7,151
2107443,17,79,76,21,4,197,5,202
2107444,0,45,95,32,9,181,4,185
2107445,25,67,43,13,3,151,5,156
2107446,0,41,84,22,3,150,3,153
2107447,0,5,54,24,13,96,0,96
2107448,0,3,0,0,0,3,0,3
2107449,0,32,37,3,3,75,4,79
2107450,6,32,27,7,0,72,4,76
2107451,22,78,41,6,4,151,5,156
2107452,3,54,58,15,3,133,6,139
2107453,10,57,38,15,4,124,7,131
2107454,3,10,7,3,7,30,3,33
2107455,0,6,43,20,18,87,0,87
2107501,14,68,76,20,14,192,3,195
2107502,4,49,70,16,11,150,4,154
2107503,3,25,55,20,5,108,3,111
2107504,0,13,50,30,16,109,0,109
2107505,0,13,19,20,11,63,3,66
2107506,0,25,47,33,21,126,3,129
2107507,0,19,61,24,24,128,0,128
2107508,3,20,29,12,15,79,3,82
2107509,3,24,53,42,28,150,4,154
2107510,0,28,64,36,22,150,3,153
2107511,0,9,47,21,16,93,3,96
2107512,5,39,66,15,9,134,0,134
2107601,32,108,31,9,13,193,9,202
2107602,32,165,131,45,24,397,7,404
2107603,5,39,31,7,8,90,5,95
2107604,5,75,89,28,9,206,4,210
2107605,7,33,28,10,0,78,7,85
2107606,10,84,123,21,14,252,8,260
2107607,12,82,102,24,8,228,5,233
2107608,7,58,83,19,8,175,4,179
2107609,5,74,94,29,3,205,10,215
2107610,3,17,76,30,31,157,3,160
2107611,0,19,42,25,16,102,4,106
2107612,0,29,41,14,11,95,0,95
2107613,0,19,50,40,25,134,6,140
2107614,0,32,59,21,24,136,5,141
2107615,0,8,40,18,10,76,3,79
2107616,11,76,73,27,11,198,0,198
2107617,10,49,57,27,11,154,8,162
2107618,0,19,43,26,15,103,4,107
2107619,0,12,45,19,10,86,0,86
2107620,3,19,72,43,18,155,0,155
2107621,5,28,86,20,16,155,9,164
2107622,6,49,44,8,5,112,9,121
2107623,0,8,28,11,10,57,0,57
2107624,4,22,41,29,16,112,5,117
2107625,0,11,22,9,8,50,0,50
2107626,0,5,12,11,11,39,0,39
2107627,6,34,45,8,4,97,4,101
2107628,4,39,48,7,8,106,3,109
2107629,4,77,94,26,13,214,7,221
2107630,12,70,34,14,9,139,10,149
2107631,3,93,80,21,8,205,9,214
2107632,14,55,74,9,4,156,8,164
2107633,5,7,26,18,14,70,0,70
2107701,0,0,0,0,0,0,0,0
2107702,0,11,25,10,14,60,0,60
2107703,3,41,39,13,9,105,8,113
2107704,0,20,30,18,16,84,3,87
2107705,9,40,45,28,14,136,3,139
2107706,0,5,3,0,0,8,0,8
2107707,0,0,0,0,0,0,0,0
2107708,3,42,48,19,5,117,5,122
2107709,5,48,67,26,3,149,4,153
2107710,3,27,33,14,4,81,0,81
2107711,6,43,42,6,11,108,5,113
2107712,3,36,72,35,27,173,4,177
2107713,0,38,51,28,32,149,0,149
2107714,0,33,64,34,26,157,3,160
2107715,0,27,45,28,29,129,3,132
2107716,0,18,48,25,11,102,3,105
2107717,0,13,46,12,16,87,0,87
2107718,0,0,0,0,0,0,0,0
2107719,4,37,66,39,21,167,8,175
2107720,3,11,27,22,11,74,3,77
2107721,0,21,48,24,17,110,0,110
2107722,0,16,37,20,9,82,5,87
2107801,7,76,99,21,11,214,7,221
2107802,0,28,48,30,21,127,5,132
2107803,0,11,37,19,15,82,0,82
2107804,3,20,47,29,11,110,3,113
2107805,4,21,44,17,19,105,0,105
2107806,8,70,44,25,11,158,4,162
2107807,5,15,31,17,5,73,0,73
2107808,3,41,63,18,11,136,4,140
2107809,20,78,52,18,5,173,11,184
2107810,13,55,26,9,3,106,3,109
2107811,6,59,116,34,9,224,5,229
2107812,11,83,96,17,21,228,3,231
2107813,3,26,33,16,5,83,0,83
2107814,0,32,37,27,23,119,0,119
2107815,0,11,27,17,15,70,0,70
2107816,0,10,26,13,5,54,0,54
2107817,5,35,83,35,26,184,3,187
2107818,0,9,27,15,4,55,3,58
2107819,0,26,41,19,9,95,0,95
2107820,3,36,35,16,5,95,0,95
2107821,7,48,42,3,3,103,5,108
2107901,0,29,45,19,12,105,3,108
2107902,9,77,77,30,6,199,12,211
2107903,6,45,72,12,8,143,3,146
2107904,16,77,57,22,6,178,3,181
2107905,19,85,82,17,14,217,9,226
2107906,11,80,43,7,4,145,8,153
2107907,5,24,55,28,15,127,0,127
2107908,0,19,54,22,32,127,0,127
2107909,6,48,46,13,3,116,3,119
2107910,21,97,70,18,3,209,5,214
2107911,11,55,42,13,10,131,8,139
2107912,38,91,45,6,7,187,8,195
2107913,17,85,67,16,5,190,6,196
2107914,0,10,44,27,16,97,4,101
2107915,0,16,40,33,14,103,0,103
2107916,21,71,62,23,6,183,8,191
2107917,3,32,44,25,13,117,0,117
2107918,0,20,30,17,7,74,0,74
2107919,3,15,31,14,25,88,0,88
2107920,0,18,57,23,14,112,3,115
2107921,3,21,71,30,25,150,3,153
2107922,3,13,47,23,27,113,0,113
2107923,28,96,65,12,4,205,8,213
2107924,13,58,31,0,4,106,14,120
2107925,12,71,45,22,7,157,5,162
2107926,3,79,38,15,16,151,4,155
2107927,11,79,90,17,11,208,5,213
2107928,5,76,101,28,17,227,10,237
2107929,37,64,55,9,7,172,12,184
2107930,0,44,81,21,4,150,3,153
2107931,6,53,77,26,15,177,0,177
2107932,0,56,96,32,12,196,3,199
2107933,3,36,54,19,7,119,3,122
2107934,6,77,151,43,21,298,9,307
2107935,26,96,46,12,0,180,12,192
2107936,0,22,54,23,28,127,0,127
2107937,4,24,48,32,13,121,0,121
2107938,4,22,60,29,18,133,6,139
2107939,35,84,60,19,3,201,4,205
2107940,0,15,56,25,19,115,0,115
2108001,0,0,0,0,0,0,0,0
2108101,3,9,17,4,7,40,3,43
2108102,11,90,181,45,21,348,7,355
2108103,4,15,33,12,21,85,3,88
2108104,0,40,85,49,31,205,3,208
2108105,3,21,71,31,24,150,3,153
2108106,3,64,81,27,15,190,5,195
2108107,29,94,76,33,9,241,14,255
2108108,0,118,131,35,19,303,8,311
2108109,16,88,76,43,18,241,6,247
2108110,34,92,60,17,10,213,10,223
2108111,29,50,25,11,0,115,4,119
2108112,30,91,40,8,4,173,14,187
2108113,24,109,65,26,5,229,18,247
2108114,30,124,68,14,3,239,8,247
2108115,16,65,25,6,5,117,7,124
2108116,32,96,43,8,8,187,10,197
2108117,17,104,80,22,4,227,10,237
2108118,9,54,53,13,4,133,4,137
2108119,3,24,43,9,3,82,4,86
2108120,19,99,76,23,3,220,5,225
2108121,14,68,57,10,6,155,10,165
2108122,11,67,78,12,4,172,3,175
2108123,11,74,46,12,3,146,3,149
2108124,14,54,34,10,0,112,4,116
2108125,8,101,80,26,3,218,7,225
2108126,15,49,57,24,7,152,3,155
2108127,3,47,33,10,4,97,3,100
2108128,8,66,54,20,3,151,10,161
2108129,8,50,20,5,6,89,5,94
2108130,25,52,7,3,0,87,9,96
2108201,0,10,15,8,3,36,0,36
2108202,3,46,71,24,12,156,4,160
2108203,5,41,84,35,24,189,5,194
2108204,3,22,43,22,23,113,4,117
2108205,3,22,51,28,18,122,0,122
2108206,3,10,39,15,10,77,3,80
2108207,0,22,32,18,8,80,0,80
2108208,5,45,30,15,7,102,4,106
2108209,0,21,35,20,11,87,5,92
2108210,0,15,38,11,11,75,4,79
2108211,7,64,60,22,17,170,0,170
2108212,4,40,57,9,9,119,4,123
2108213,0,37,32,20,0,89,3,92
2108214,6,27,38,16,8,95,3,98
2108215,0,27,47,24,15,113,0,113
2108216,6,50,61,17,10,144,8,152
2108217,4,39,23,3,0,69,3,72
2108218,0,26,53,26,10,115,3,118
2108219,3,39,92,36,23,193,3,196
2108220,4,20,30,17,8,79,0,79
2108221,0,13,45,21,12,91,6,97
2108222,3,30,52,21,12,118,3,121
2108223,3,18,31,4,3,59,4,63
2108224,5,31,50,26,22,134,8,142
2108225,4,32,44,18,13,111,0,111
2108301,0,0,0,0,0,0,0,0
2108401,9,71,58,12,5,155,3,158
2108402,12,66,62,15,9,164,7,171
2108403,9,57,40,3,7,116,4,120
2108404,12,64,67,28,10,181,3,184
2108405,0,69,81,14,3,167,7,174
2108406,19,79,111,29,16,254,15,269
2108407,3,31,90,25,22,171,6,177
2108408,8,27,41,24,10,110,4,114
2108409,0,20,44,20,18,102,3,105
2108410,3,45,69,17,8,142,4,146
2108411,3,63,45,16,3,130,6,136
2108412,8,48,52,4,3,115,5,120
2108413,0,19,48,16,9,92,3,95
2108414,13,45,24,4,7,93,3,96
2108415,15,72,22,6,0,115,6,121
2108416,3,55,77,17,10,162,5,167
2108417,15,85,37,11,0,148,13,161
2108418,25,59,37,8,10,139,6,145
2108419,8,47,26,16,4,101,0,101
2108420,8,54,42,11,3,118,5,123
2108421,43,88,39,6,3,179,18,197
2108422,0,0,3,0,0,3,0,3
2108423,6,37,47,4,3,97,0,97
2108424,6,67,77,16,3,169,5,174
2108425,0,24,50,16,4,94,0,94
2108426,3,35,45,3,4,90,3,93
2108427,4,38,51,11,4,108,3,111
2108428,0,14,40,14,6,74,0,74
2108501,14,50,33,5,3,105,8,113
2108502,7,43,41,11,5,107,9,116
2108503,8,41,26,10,0,85,5,90
2108504,17,49,45,4,3,118,3,121
2108505,6,71,75,18,9,179,3,182
2108506,28,80,39,12,4,163,12,175
2108507,11,43,50,12,0,116,10,126
2108508,14,10,3,0,0,27,10,37
2108509,21,70,46,25,3,165,5,170
2108510,6,38,27,4,3,78,4,82
2108511,3,45,54,30,16,148,6,154
2108512,4,46,55,17,4,126,3,129
2108513,3,15,35,18,7,78,0,78
2108514,3,34,74,31,10,152,7,159
2108515,3,54,69,25,18,169,0,169
2108516,0,27,48,13,22,110,3,113
2108517,4,28,35,15,6,88,0,88
2108518,9,42,41,24,15,131,7,138
2108519,3,64,36,18,3,124,0,124
2108520,18,100,60,10,3,191,5,196
2108521,3,38,27,6,6,80,4,84
2108522,3,56,68,10,3,140,5,145
2108601,0,13,31,16,7,67,0,67
2108602,0,20,46,13,9,88,3,91
2108603,0,76,90,23,6,195,9,204
2108604,0,21,78,19,21,139,0,139
2108605,7,76,73,19,3,178,8,186
2108606,0,62,105,21,12,200,5,205
2108607,10,88,86,25,8,217,8,225
2108608,16,78,46,8,0,148,0,148
2108609,6,50,36,11,3,106,4,110
2108610,10,77,66,23,13,189,4,193
2108611,0,41,43,10,3,97,0,97
2108612,8,64,37,7,3,119,8,127
2108613,3,29,24,12,3,71,3,74
2108614,5,72,50,9,4,140,10,150
2108615,3,32,45,12,6,98,4,102
2108616,8,62,51,14,5,140,7,147
2108617,0,0,0,0,0,0,0,0
2108701,11,88,62,9,0,170,0,170
2108702,0,61,29,3,0,93,11,104
2108703,3,38,16,7,0,64,3,67
2108704,0,27,52,11,12,102,5,107
2108705,3,42,49,24,16,134,5,139
2108706,12,57,46,16,5,136,3,139
2108707,5,52,33,10,7,107,3,110
2108708,3,42,31,5,3,84,4,88
2108709,4,54,64,25,26,173,7,180
2108710,3,19,33,15,8,78,3,81
2108711,8,43,76,35,22,184,3,187
2108712,14,80,44,12,3,153,9,162
2108713,12,88,53,18,7,178,8,186
2108714,6,51,74,28,11,170,5,175
2108715,0,43,60,30,17,150,6,156
2108716,4,41,53,41,28,167,0,167
2108717,5,24,47,23,7,106,8,114
2108718,0,17,29,7,11,64,4,68
2108719,4,30,73,37,30,174,3,177
2108720,4,52,114,35,24,229,0,229
2108721,4,18,38,13,3,76,3,79
2108722,3,38,56,31,15,143,3,146
2108723,0,40,58,23,15,136,4,140
2108724,3,40,33,7,3,86,3,89
2108725,3,34,15,14,3,69,3,72
2108801,7,23,6,6,4,46,0,46
2108901,19,95,64,30,6,214,4,218
2108902,3,49,37,17,5,111,4,115
2108903,0,26,49,18,14,107,3,110
2108904,3,58,61,26,3,151,6,157
2108905,23,73,52,14,10,172,5,177
2108906,8,42,30,13,0,93,0,93
2108907,13,67,78,30,4,192,12,204
2108908,12,104,90,22,10,238,17,255
2108909,3,34,46,18,14,115,3,118
2108910,0,18,51,24,15,108,0,108
2108911,3,18,56,14,15,106,4,110
2108912,3,21,66,26,21,137,5,142
2108913,0,20,37,20,14,91,0,91
2108914,4,21,49,25,14,113,3,116
2108915,0,16,40,18,16,90,0,90
2108916,3,16,41,21,12,93,0,93
2108917,3,44,62,35,18,162,6,168
2108918,5,44,60,22,8,139,4,143
2108919,4,41,92,40,34,211,4,215
2108920,3,22,43,14,15,97,0,97
2108921,21,95,72,21,12,221,4,225
2108922,5,24,71,29,16,145,4,149
2108923,4,3,19,18,14,58,0,58
2109001,0,25,47,26,6,104,5,109
2109002,9,72,44,9,0,134,5,139
2109003,7,49,56,24,3,139,0,139
2109004,6,63,66,9,6,150,6,156
2109005,20,67,47,18,9,161,8,169
2109006,6,72,64,13,0,155,4,159
2109007,19,67,55,13,5,159,7,166
2109008,4,40,51,24,6,125,0,125
2109009,3,42,61,9,7,122,6,128
2109010,10,41,56,14,3,124,0,124
2109011,3,67,96,15,9,190,3,193
2109012,4,41,59,29,23,156,4,160
2109013,0,27,64,40,21,152,3,155
2109014,0,32,64,22,13,131,3,134
2109015,3,27,96,33,29,188,3,191
2109016,4,26,62,25,30,147,6,153
2109017,6,34,97,42,18,197,3,200
2109018,28,111,103,25,5,272,13,285
2109019,0,46,84,34,32,196,6,202
2109020,0,28,39,38,15,120,7,127
2109021,3,51,47,13,9,123,0,123
2109022,12,54,34,25,8,133,0,133
2109023,3,44,90,16,6,159,3,162
2109024,4,38,51,21,4,118,5,123
2109025,0,19,45,13,10,87,3,90
2109026,3,46,38,11,5,103,5,108
2109101,59,173,48,3,0,283,23,306
2109102,0,81,83,21,9,194,4,198
2109103,0,46,63,21,0,130,4,134
2109104,3,66,111,22,9,211,3,214
2109105,0,53,54,10,6,123,3,126
2109106,16,60,36,12,6,130,3,133
2109107,21,90,98,23,7,239,13,252
2109108,7,116,120,20,4,267,9,276
2109109,4,51,56,6,3,120,6,126
2109110,0,25,39,9,7,80,3,83
2109111,4,31,30,13,6,84,3,87
2109112,5,61,59,15,3,143,3,146
2109113,3,13,25,15,16,72,0,72
2109114,0,10,17,12,6,45,0,45
2109115,5,84,105,20,6,220,6,226
2109116,5,65,62,20,3,155,4,159
2109117,8,62,43,11,3,127,7,134
2109118,3,47,47,5,3,105,4,109
2109119,8,58,48,20,5,139,8,147
2109120,23,104,78,20,8,233,4,237
2109121,21,83,57,3,4,168,6,174
2109122,4,74,70,14,4,166,3,169
2109123,3,35,68,17,6,129,8,137
2109124,0,0,0,0,0,0,0,0
2109201,0,3,3,0,0,6,0,6
2109301,8,88,90,22,3,211,15,226
2109302,4,74,67,10,6,161,9,170
2109303,26,71,51,11,0,159,8,167
2109304,0,12,56,16,13,97,4,101
2109305,0,3,25,11,10,49,0,49
2109306,8,32,69,26,24,159,3,162
2109307,3,20,31,20,4,78,0,78
2109308,5,72,48,18,4,147,9,156
2109309,0,15,40,25,14,94,3,97
2109310,3,34,59,31,8,135,7,142
2109311,0,0,0,0,0,0,0,0
2109312,5,55,56,22,5,143,4,147
2109313,0,20,44,9,11,84,0,84
2109314,30,75,29,6,3,143,9,152
2109315,24,100,72,25,9,230,12,242
2109316,56,113,24,3,0,196,18,214
2109317,18,60,75,26,14,193,4,197
2109318,26,106,51,9,3,195,8,203
2109319,15,79,78,28,12,212,10,222
2109320,5,48,57,22,15,147,3,150
2109321,16,66,57,11,3,153,4,157
2109322,11,93,68,16,4,192,16,208
2109323,6,116,174,15,7,318,8,326
2109324,12,99,60,23,3,197,8,205
2109325,0,14,35,24,9,82,0,82
2109326,9,73,43,16,5,146,7,153
2109327,3,46,56,17,6,128,7,135
2109328,16,64,42,14,3,139,7,146
2109329,0,28,49,15,0,92,0,92
2109330,3,52,71,20,3,149,3,152
2109331,10,56,51,18,3,138,6,144
2109332,5,69,64,24,0,162,8,170
2109333,19,80,59,17,3,178,4,182
2109334,8,61,60,20,0,149,4,153
2109335,3,67,58,17,5,150,0,150
2109336,0,36,69,14,4,123,3,126
2109337,13,66,55,17,5,156,10,166
2109338,4,34,57,38,21,154,9,163
2109339,19,170,106,28,6,329,19,348
2109340,41,94,54,24,7,220,11,231
2109341,25,109,60,7,6,207,16,223
2109342,6,93,96,24,14,233,3,236
2109343,15,76,65,37,13,206,6,212
2109344,3,13,51,31,21,119,5,124
2109345,25,87,46,15,3,176,11,187
2109346,11,55,42,3,13,124,9,133
2109347,5,41,28,7,6,87,3,90
2109348,3,49,36,7,6,101,6,107
2109349,3,40,51,13,3,110,8,118
2109350,6,53,97,27,13,196,10,206
2109351,0,3,16,4,7,30,4,34
2109401,11,57,41,3,0,112,5,117
2109402,7,57,68,14,0,146,5,151
2109403,15,68,47,6,4,140,9,149
2109404,3,22,35,24,22,106,3,109
2109405,5,32,86,39,25,187,5,192
2109406,0,20,25,16,7,68,0,68
2109407,6,31,71,37,18,163,7,170
2109408,0,21,50,25,21,117,3,120
2109409,0,12,37,14,6,69,3,72
2109410,5,80,90,25,12,212,4,216
2109411,17,65,30,15,11,138,6,144
2109412,0,0,0,0,0,0,0,0
2109413,0,26,101,59,32,218,8,226
2109414,11,73,87,28,9,208,8,216
2109415,3,40,65,38,25,171,3,174
2109416,3,14,76,34,18,145,6,151
2109417,0,7,51,25,18,101,0,101
2109418,6,18,29,11,8,72,0,72
2109419,0,20,46,21,17,104,3,107
2109420,0,17,57,38,15,127,0,127
2109421,6,50,63,16,11,146,4,150
2109422,19,34,29,10,5,97,3,100
2109423,13,44,31,19,13,120,7,127
2109424,0,16,41,21,23,101,0,101
2109425,9,63,67,14,8,161,5,166
2109426,9,50,40,16,4,119,7,126
2109427,5,31,59,14,4,113,4,117
2109428,3,18,23,15,20,79,3,82
2109429,0,28,80,21,9,138,3,141
2109430,5,41,47,18,5,116,3,119
2109431,0,12,33,21,12,78,0,78
2109501,8,46,27,12,6,99,8,107
2109502,8,66,74,23,9,180,6,186
2109503,38,61,34,14,3,150,14,164
2109504,46,114,65,10,5,240,10,250
2109505,24,80,51,13,6,174,13,187
2109506,13,44,48,17,7,129,4,133
2109507,33,65,36,8,4,146,10,156
2109508,79,90,20,8,4,201,20,221
2109509,6,14,52,41,22,135,4,139
2109510,0,0,0,0,0,0,0,0
2109511,24,98,66,35,14,237,14,251
2109512,25,111,52,13,6,207,14,221
2109513,0,29,64,23,20,136,0,136
2109514,10,85,68,28,4,195,6,201
2109515,11,125,102,26,12,276,9,285
2109516,20,84,55,17,3,179,6,185
2109517,11,49,53,25,10,148,6,154
2109518,0,32,63,26,15,136,9,145
2109519,18,67,37,19,3,144,6,150
2109520,31,104,58,14,7,214,18,232
2109521,14,70,47,11,5,147,11,158
2109522,14,53,37,9,6,119,4,123
2109523,31,88,59,30,14,222,19,241
2109524,25,61,41,9,3,139,10,149
2109525,38,93,64,16,7,218,3,221
2109526,3,40,82,35,26,186,0,186
2109527,12,87,70,22,11,202,11,213
2109528,18,73,40,13,9,153,10,163
2109529,19,66,61,18,4,168,6,174
2109530,11,67,52,11,11,152,10,162
2109531,14,58,53,24,7,156,8,164
2109532,12,64,92,32,16,216,3,219
2109533,21,82,44,10,5,162,11,173
2109534,16,101,48,16,4,185,13,198
2109535,33,118,65,16,9,241,18,259
2109536,28,83,53,12,3,179,12,191
2109537,43,56,38,10,6,153,13,166
2109538,20,70,38,9,3,140,3,143
2109601,5,59,85,20,12,181,5,186
2109602,11,46,18,4,8,87,11,98
2109603,0,26,56,29,9,120,3,123
2109604,0,0,5,0,0,5,0,5
2109605,32,94,54,17,3,200,9,209
2109606,12,70,37,11,3,133,14,147
2109607,21,71,42,16,3,153,3,156
2109608,64,73,39,5,3,184,17,201
2109609,33,124,72,19,9,257,5,262
2109610,17,73,37,8,9,144,9,153
2109611,27,88,47,8,3,173,14,187
2109612,23,88,46,10,4,171,6,177
2109613,46,95,55,15,0,211,16,227
2109614,43,95,58,8,4,208,11,219
2109615,48,102,27,15,3,195,24,219
2109616,56,78,51,11,3,199,16,215
2109617,25,49,37,8,4,123,8,131
2109618,24,46,30,7,3,110,11,121
2109619,31,107,55,19,3,215,9,224
2109620,21,73,45,8,4,151,8,159
2109621,4,31,38,12,0,85,0,85
2109622,27,71,39,9,0,146,15,161
2109623,11,88,75,31,3,208,5,213
2109624,25,78,63,18,8,192,11,203
2109625,0,0,0,0,0,0,0,0
2109626,23,101,71,12,6,213,6,219
2109627,8,61,48,17,11,145,4,149
2109628,7,44,78,25,14,168,11,179
2109629,11,42,36,23,8,120,3,123
2109630,3,65,83,29,8,188,3,191
2109631,21,57,26,7,3,114,6,120
2109632,18,66,29,14,0,127,9,136
2109633,34,89,51,11,11,196,8,204
2109634,32,109,50,9,3,203,20,223
2109635,0,22,35,23,19,99,0,99
2109636,0,0,0,0,0,0,0,0
2109701,9,51,45,16,3,124,3,127
2109702,12,47,51,11,9,130,4,134
2109703,14,42,28,6,0,90,4,94
2109704,20,49,32,3,5,109,11,120
2109705,12,37,33,4,4,90,0,90
2109706,0,40,53,16,5,114,5,119
2109707,9,36,38,6,3,92,3,95
2109708,4,84,56,19,3,166,3,169
2109709,15,51,40,6,0,112,0,112
2109710,5,42,48,13,9,117,4,121
2109711,26,87,52,6,3,174,3,177
2109712,10,29,26,6,10,81,0,81
2109713,12,42,22,0,0,76,3,79
2109714,12,61,50,11,4,138,6,144
2109715,34,69,52,9,0,164,9,173
2109716,10,49,36,7,9,111,4,115
2109717,15,116,101,27,5,264,13,277
2109718,0,3,4,8,3,18,0,18
2109719,4,53,40,13,3,113,5,118
2109720,0,40,72,28,11,151,3,154
2109721,4,78,142,31,12,267,3,270
2109722,6,77,57,15,4,159,6,165
2109723,0,41,85,16,10,152,0,152
2109724,0,21,54,12,10,97,0,97
2109725,7,50,51,9,3,120,5,125
2109726,19,85,64,19,7,194,0,194
2109727,15,50,26,6,3,100,3,103
2109728,22,60,49,12,3,146,4,150
2109729,4,99,148,38,15,304,8,312
2109730,0,11,34,26,12,83,6,89
2109731,26,66,57,12,10,171,9,180
2109732,0,13,57,17,10,97,4,101
2109733,0,31,48,7,8,94,0,94
2109734,10,37,62,10,4,123,5,128
2109735,6,63,111,23,5,208,4,212
2109736,18,71,55,11,6,161,3,164
2109737,42,150,38,9,5,244,16,260
2109738,4,32,37,18,7,98,3,101
2109739,7,77,153,42,15,294,0,294
2109740,22,67,57,19,8,173,7,180
2109741,3,43,99,29,8,182,3,185
2109742,14,65,63,25,5,172,3,175
2109743,0,29,158,53,27,267,3,270
2109744,4,22,69,30,16,141,4,145
2109745,16,57,75,28,7,183,4,187
2109746,6,48,53,14,3,124,8,132
2109747,10,55,56,8,6,135,3,138
2109748,6,49,80,21,9,165,3,168
2109749,11,88,64,21,10,194,6,200
2109750,8,82,86,20,7,203,6,209
2109751,7,52,59,21,0,139,6,145
2109752,3,27,68,24,8,130,3,133
2109753,16,49,33,8,4,110,3,113
2109754,67,94,15,0,5,181,12,193
2109755,0,21,49,20,5,95,0,95
2109756,13,75,43,21,9,161,8,169
2109757,5,17,48,25,18,113,0,113
2109758,14,70,74,20,10,188,9,197
2109759,16,83,91,19,11,220,7,227
2109760,9,53,31,10,7,110,4,114
2109761,13,56,63,20,8,160,4,164
2109762,0,34,118,27,17,196,0,196
2109763,0,0,0,0,3,3,0,3
2109764,7,47,75,24,0,153,4,157
2109801,0,22,68,20,17,127,0,127
2109802,0,0,0,0,0,0,0,0
2109803,0,31,67,48,23,169,3,172
2109804,0,10,47,31,31,119,0,119
2109805,0,0,3,3,0,6,3,9
2109806,3,24,58,30,23,138,8,146
2109807,15,57,69,28,9,178,5,183
2109808,11,58,58,13,3,143,4,147
2109809,4,45,42,9,4,104,9,113
2109810,4,10,35,16,5,70,0,70
2109811,3,22,53,9,6,93,6,99
2109812,0,12,24,11,8,55,0,55
2109813,0,36,91,50,26,203,4,207
2109814,4,48,67,35,12,166,0,166
2109901,0,3,3,0,0,6,0,6
2110001,12,79,47,17,3,158,5,163
2110002,4,17,18,16,19,74,0,74
2110003,3,27,70,37,27,164,8,172
2110004,3,17,83,35,20,158,7,165
2110005,0,0,0,0,0,0,0,0
2110006,4,21,57,24,17,123,8,131
2110007,0,5,0,0,0,5,0,5
2110008,0,20,61,23,14,118,3,121
2110009,7,107,43,12,3,172,10,182
2110010,4,44,60,28,21,157,11,168
2110011,3,48,49,15,3,118,8,126
2110012,14,67,40,10,4,135,7,142
2110013,0,8,8,4,0,20,0,20
2110101,3,31,49,17,9,109,3,112
2110102,14,63,52,16,5,150,3,153
2110103,3,50,115,30,18,216,0,216
2110104,0,6,52,27,17,102,7,109
2110105,0,34,32,16,7,89,3,92
2110106,0,36,44,19,12,111,4,115
2110107,0,32,69,45,23,169,3,172
2110108,0,39,45,17,7,108,3,111
2110109,4,39,50,24,24,141,4,145
2110110,15,74,62,13,3,167,4,171
2110111,5,43,46,18,8,120,4,124
2110112,5,81,51,11,4,152,4,156
2110113,17,61,42,17,3,140,7,147
2110114,0,25,49,17,17,108,4,112
2110115,3,57,69,35,8,172,9,181
2110116,13,74,65,25,8,185,5,190
2110117,10,64,63,22,4,163,12,175
2110118,3,34,64,41,20,162,4,166
2110119,3,36,53,41,25,158,0,158
2110120,0,14,25,14,14,67,0,67
2110121,7,46,60,22,13,148,5,153
2110122,3,47,102,35,11,198,4,202
2110123,9,72,63,14,6,164,0,164
2110124,9,64,60,15,5,153,6,159
2110125,15,72,94,12,9,202,3,205
2110126,44,101,79,16,6,246,13,259
2110127,3,27,35,30,13,108,3,111
2110128,0,20,44,23,21,108,0,108
2110129,3,15,40,34,22,114,6,120
2110130,4,46,66,57,21,194,9,203
2110131,0,11,32,17,16,76,5,81
2110132,6,65,48,20,3,142,7,149
2110133,0,19,40,25,13,97,5,102
2110134,3,16,37,20,17,93,4,97
2110135,0,10,29,13,18,70,0,70
2110201,0,9,35,21,28,93,4,97
2110202,3,31,51,42,38,165,5,170
2110203,0,3,4,3,0,10,4,14
2110204,3,32,37,15,3,90,13,103
2110205,11,52,40,13,4,120,4,124
2110206,3,38,61,38,26,166,7,173
2110207,3,24,43,22,19,111,4,115
2110208,0,15,35,23,21,94,3,97
2110209,4,26,62,32,25,149,0,149
2110210,6,21,55,23,14,119,3,122
2110211,10,44,44,10,14,122,7,129
2110212,7,21,43,9,9,89,3,92
2110301,5,55,91,30,7,188,0,188
2110302,0,9,17,6,4,36,3,39
2110303,6,31,88,26,15,166,0,166
2110304,17,64,36,11,3,131,0,131
2110305,9,52,75,16,10,162,3,165
2110306,9,64,28,12,4,117,4,121
2110307,7,85,58,29,5,184,8,192
2110308,5,66,60,14,6,151,3,154
2110309,3,34,76,12,15,140,3,143
2110310,5,20,21,5,8,59,4,63
2110311,17,73,83,16,3,192,10,202
2110312,0,22,64,19,4,109,0,109
2110313,25,101,80,21,10,237,8,245
2110314,10,64,51,15,3,143,0,143
2110315,27,64,23,8,0,122,10,132
2110316,28,91,61,12,5,197,7,204
2110317,5,68,84,20,9,186,6,192
2110318,10,66,70,21,6,173,7,180
2110319,35,97,55,11,3,201,7,208
2110320,28,105,57,6,3,199,11,210
2110321,8,64,60,23,4,159,3,162
2110322,10,36,46,8,6,106,5,111
2110323,20,110,82,19,9,240,4,244
2110324,12,50,39,16,0,117,4,121
2110325,3,77,87,13,8,188,3,191
2110326,17,65,61,27,3,173,4,177
2110327,37,130,66,13,6,252,7,259
2110328,47,86,39,5,3,180,15,195
2110329,10,36,22,13,3,84,3,87
2110330,9,54,46,11,3,123,8,131
2110331,12,92,63,12,5,184,7,191
2110332,10,39,15,8,3,75,7,82
2110333,28,106,65,5,11,215,11,226
2110334,25,93,65,21,6,210,13,223
2110401,3,20,38,18,13,92,5,97
2110402,0,21,22,13,17,73,4,77
2110403,3,40,77,38,20,178,0,178
2110404,5,21,37,17,11,91,3,94
2110405,3,35,41,18,21,118,5,123
2110406,0,28,39,22,13,102,0,102
2110407,0,0,0,0,0,0,0,0
2110408,3,52,48,7,4,114,4,118
2110409,3,33,44,18,6,104,3,107
2110410,7,46,45,28,10,136,9,145
2110411,3,54,91,30,24,202,8,210
2110412,33,67,49,12,10,171,10,181
2110413,18,67,53,10,0,148,3,151
2110414,19,110,82,16,4,231,4,235
2110415,20,75,52,20,8,175,11,186
2110416,0,23,62,40,21,146,3,149
2110501,19,38,20,7,0,84,4,88
2110502,71,120,49,7,3,250,3,253
2110503,32,87,31,12,0,162,5,167
2110504,27,67,30,7,0,131,3,134
2110505,15,74,33,8,4,134,4,138
2110506,53,77,34,5,4,173,14,187
2110507,35,94,43,10,3,185,4,189
2110508,41,88,27,8,3,167,8,175
2110509,27,72,19,3,0,121,3,124
2110510,60,121,47,5,0,233,4,237
2110511,64,230,89,16,4,403,9,412
2110512,16,55,31,10,3,115,3,118
2110513,58,171,64,13,3,309,6,315
2110514,34,75,44,9,3,165,4,169
2110515,21,61,50,11,0,143,3,146
2110516,17,54,25,8,0,104,10,114
2110517,19,88,45,11,3,166,6,172
2110518,25,63,46,8,4,146,0,146
2110519,43,55,22,0,0,120,4,124
2110520,18,46,49,12,4,129,9,138
2110521,50,85,38,8,0,181,9,190
2110522,87,116,41,14,5,263,6,269
2110523,61,132,52,11,4,260,10,270
2110524,24,77,51,4,6,162,6,168
2110525,24,73,29,3,3,132,6,138
2110526,35,78,37,17,3,170,9,179
2110527,28,59,28,7,3,125,3,128
2110528,15,46,36,9,3,109,3,112
2110529,33,102,43,12,4,194,4,198
2110530,73,88,38,6,5,210,8,218
2110531,34,97,48,15,4,198,5,203
2110532,19,40,21,6,0,86,4,90
2110533,34,101,41,8,0,184,3,187
2110534,64,123,52,14,0,253,7,260
2110535,51,143,56,6,3,259,5,264
2110536,27,70,40,8,3,148,5,153
2110537,24,102,36,11,3,176,0,176
2110538,33,88,47,12,3,183,8,191
2110539,63,85,41,4,3,196,3,199
2110540,32,99,58,7,3,199,4,203
2110541,129,115,38,4,4,290,29,319
2110542,36,69,49,10,3,167,7,174
2110543,58,119,52,10,3,242,6,248
2110544,87,160,66,16,3,332,5,337
2110545,53,156,60,9,0,278,7,285
2110546,21,59,11,4,3,98,3,101
2110547,39,64,14,0,0,117,4,121
2110548,21,42,19,4,0,86,0,86
2110549,25,53,41,8,3,130,3,133
2110550,16,90,36,12,4,158,4,162
2110601,30,106,67,15,8,226,6,232
2110602,65,114,54,13,5,251,6,257
2110603,48,88,40,6,3,185,8,193
2110604,25,98,50,14,3,190,4,194
2110605,27,101,43,3,3,177,3,180
2110606,20,66,26,11,3,126,4,130
2110607,43,84,44,14,4,189,7,196
2110608,40,80,60,11,4,195,6,201
2110609,40,115,47,7,0,209,9,218
2110610,45,96,23,5,3,172,3,175
2110611,31,82,55,14,0,182,8,190
2110612,36,125,52,6,3,222,8,230
2110613,18,70,55,12,0,155,4,159
2110614,74,153,46,14,5,292,3,295
2110615,26,73,50,9,0,158,5,163
2110616,19,62,34,3,3,121,3,124
2110617,27,93,55,13,6,194,12,206
2110618,26,74,28,4,3,135,3,138
2110619,15,55,26,3,3,102,3,105
2110701,37,84,58,7,0,186,10,196
2110702,26,72,40,8,3,149,0,149
2110703,63,111,46,6,0,226,6,232
2110704,24,53,57,10,6,150,5,155
2110705,31,100,44,11,3,189,10,199
2110706,28,114,67,16,6,231,7,238
2110707,32,85,71,8,10,206,6,212
2110708,20,58,40,14,5,137,6,143
2110709,75,188,50,8,3,324,6,330
2110710,44,76,30,6,0,156,3,159
2110711,17,61,34,6,3,121,3,124
2110712,29,72,69,17,0,187,7,194
2110713,27,67,52,14,4,164,5,169
2110714,16,88,58,7,11,180,0,180
2110715,28,98,43,10,6,185,7,192
2110716,44,108,50,10,6,218,10,228
2110717,34,40,47,12,4,137,6,143
2110718,26,95,49,6,3,179,5,184
2110719,62,110,36,14,3,225,10,235
2110720,104,115,33,4,5,261,7,268
2110721,47,90,42,4,3,186,3,189
2110722,14,22,33,3,3,75,3,78
2110723,29,61,38,9,3,140,7,147
2110724,31,59,32,12,3,137,3,140
2110725,13,76,69,10,0,168,12,180
2110726,27,63,49,5,3,147,5,152
2110727,23,77,44,7,0,151,7,158
2110728,12,44,44,8,0,108,4,112
2110729,11,55,26,9,3,104,0,104
2110730,41,88,16,3,6,154,6,160
2110731,24,92,62,24,7,209,8,217
2110801,22,58,48,6,0,134,4,138
2110802,21,52,26,3,0,102,4,106
2110803,25,78,48,14,8,173,9,182
2110804,27,45,26,13,3,114,4,118
2110805,34,104,50,8,4,200,7,207
2110806,34,72,45,13,3,167,11,178
2110807,8,57,35,10,3,113,3,116
2110808,27,75,38,14,11,165,3,168
2110809,40,75,51,20,11,197,13,210
2110810,20,66,47,22,0,155,3,158
2110811,14,77,47,11,7,156,8,164
2110812,8,41,29,7,0,85,0,85
2110813,11,60,53,10,4,138,3,141
2110814,20,67,53,10,5,155,6,161
2110815,37,90,59,12,4,202,15,217
2110816,20,53,41,11,10,135,4,139
2110817,5,39,41,15,3,103,0,103
2110818,22,35,31,16,5,109,5,114
2110819,22,94,70,13,4,203,15,218
2110820,39,84,42,15,0,180,8,188
2110821,26,77,52,15,8,178,16,194
2110822,10,91,86,25,12,224,9,233
2110823,36,101,58,15,4,214,8,222
2110824,17,69,75,18,11,190,3,193
2110825,35,71,54,14,10,184,9,193
2110826,14,56,53,8,3,134,3,137
2110827,15,64,45,11,0,135,3,138
2110828,15,73,52,7,4,151,4,155
2110829,23,72,59,21,9,184,11,195
2110830,12,44,40,7,4,107,3,110
2110831,14,83,48,18,12,175,6,181
2110832,39,67,39,13,0,158,4,162
2110833,42,115,46,14,3,220,3,223
2110834,36,71,31,7,4,149,10,159
2110835,18,62,37,15,6,138,3,141
2110836,6,47,47,12,3,115,3,118
2110837,12,44,44,10,0,110,7,117
2110838,21,87,70,12,7,197,8,205
2110839,22,38,28,17,3,108,11,119
2110840,16,44,25,15,3,103,5,108
2110841,35,76,31,7,0,149,3,152
2110842,33,86,39,11,4,173,5,178
2110843,22,66,36,11,7,142,11,153
2110844,10,82,51,17,3,163,11,174
2110845,9,38,35,12,4,98,9,107
2110846,24,65,47,16,3,155,5,160
2110847,9,54,39,11,0,113,3,116
2110848,11,46,23,6,3,89,0,89
2110849,26,58,58,11,5,158,3,161
2110850,22,64,51,17,4,158,5,163
2110851,18,48,31,5,0,102,6,108
2110852,13,47,16,6,0,82,4,86
2110853,26,134,86,11,9,266,3,269
2110854,20,54,25,11,4,114,3,117
2110855,18,58,45,17,4,142,3,145
2110856,9,22,22,5,8,66,3,69
2110857,8,24,23,15,5,75,5,80
2110858,17,64,60,18,0,159,6,165
2110859,22,33,24,3,0,82,6,88
2110860,19,99,20,8,0,146,0,146
2110901,22,94,64,23,3,206,3,209
2110902,6,48,62,16,3,135,3,138
2110903,12,54,46,12,0,124,0,124
2110904,20,37,61,17,9,144,0,144
2110905,15,41,51,9,6,122,3,125
2110906,9,49,69,19,9,155,0,155
2110907,17,59,64,6,7,153,7,160
2110908,10,39,49,15,4,117,3,120
2110909,12,63,81,21,3,180,3,183
2110910,12,31,39,14,4,100,0,100
2110911,10,70,69,13,6,168,3,171
2110912,14,39,52,19,3,127,6,133
2110913,8,52,77,16,3,156,8,164
2110914,8,28,50,7,10,103,0,103
2110915,6,28,60,10,10,114,0,114
2110916,5,47,40,17,9,118,4,122
2110917,11,49,46,12,8,126,5,131
2110918,8,56,71,26,9,170,9,179
2110919,13,56,32,8,3,112,3,115
2110920,14,45,53,9,8,129,8,137
2110921,13,63,42,18,5,141,11,152
2110922,19,52,62,14,5,152,4,156
2110923,11,39,63,20,4,137,4,141
2110924,7,39,32,10,0,88,4,92
2111001,22,62,51,12,6,153,3,156
2111002,23,80,44,9,6,162,4,166
2111003,17,81,67,18,3,186,3,189
2111004,7,60,29,7,0,103,0,103
2111005,0,46,28,3,3,80,0,80
2111006,16,63,69,19,5,172,3,175
2111007,38,93,60,16,4,211,5,216
2111008,20,90,71,11,5,197,3,200
2111009,0,3,0,0,0,3,0,3
2111010,33,106,95,20,8,262,7,269
2111011,12,56,49,3,3,123,3,126
2111012,4,52,77,18,5,156,0,156
2111013,27,120,64,7,3,221,3,224
2111014,22,82,39,11,4,158,7,165
2111015,16,107,84,14,10,231,6,237
2111016,10,59,53,14,8,144,4,148
2111017,10,35,40,8,6,99,4,103
2111018,38,90,40,4,3,175,3,178
2111019,38,113,46,6,5,208,4,212
2111020,0,0,0,0,0,0,0,0
2111021,0,0,0,3,0,3,0,3
2111022,25,84,42,6,0,157,6,163
2111101,41,66,32,7,5,151,3,154
2111102,25,64,27,6,4,126,0,126
2111103,60,166,80,10,3,319,3,322
2111104,42,138,49,14,4,247,9,256
2111105,32,105,71,9,4,221,5,226
2111106,9,70,31,3,3,116,3,119
2111107,24,85,62,10,3,184,11,195
2111108,49,101,54,4,3,211,3,214
2111109,13,47,26,7,3,96,6,102
2111110,20,89,76,7,4,196,6,202
2111111,14,39,39,4,3,99,5,104
2111112,21,124,63,6,8,222,9,231
2111113,74,99,49,12,0,234,14,248
2111114,29,84,60,13,12,198,14,212
2111115,17,57,68,9,13,164,3,167
2111116,7,46,32,10,3,98,4,102
2111117,16,70,41,9,3,139,6,145
2111118,22,73,47,17,3,162,7,169
2111119,10,43,39,16,0,108,4,112
2111120,16,72,39,11,3,141,0,141
2111121,18,66,35,3,0,122,3,125
2111122,30,78,31,3,3,145,0,145
2111123,98,137,54,15,7,311,23,334
2111124,17,83,50,8,5,163,0,163
2111125,21,59,34,4,0,118,0,118
2111126,41,82,30,13,0,166,7,173
2111127,13,63,48,8,5,137,3,140
2111128,21,77,72,14,8,192,9,201
2111129,32,100,42,13,0,187,3,190
2111130,42,96,62,13,3,216,9,225
2111131,44,64,28,13,0,149,5,154
2111132,18,87,53,17,0,175,6,181
2111133,32,100,64,6,5,207,3,210
2111134,14,59,46,8,0,127,0,127
2111135,19,99,32,5,6,161,4,165
2111136,23,91,66,13,3,196,10,206
2111137,8,80,66,16,3,173,0,173
2111138,5,71,50,10,8,144,5,149
2111139,9,43,45,8,4,109,6,115
2111140,22,92,68,14,3,199,5,204
2111141,27,68,43,5,10,153,3,156
2111142,26,52,35,5,0,118,6,124
2111143,56,139,46,8,10,259,6,265
2111144,17,84,39,10,5,155,0,155
2111145,37,120,61,3,3,224,3,227
2111146,34,91,42,5,3,175,3,178
2111147,14,62,30,12,3,121,9,130
2111148,39,97,77,15,8,236,4,240
2111149,45,81,35,8,0,169,3,172
2111150,34,24,12,3,3,76,3,79
2111151,27,74,41,6,0,148,4,152
2111152,20,59,45,14,0,138,9,147
2111153,0,0,0,0,0,0,0,0
2111201,32,82,66,14,7,201,8,209
2111202,21,89,49,14,3,176,9,185
2111203,20,52,41,17,3,133,3,136
2111204,30,50,33,3,3,119,0,119
2111205,70,126,51,11,4,262,10,272
2111206,21,68,37,9,5,140,7,147
2111207,23,94,46,7,3,173,4,177
2111208,16,79,38,10,11,154,6,160
2111209,55,126,40,4,7,232,9,241
2111210,26,73,65,17,3,184,8,192
2111211,16,55,29,3,0,103,3,106
2111212,67,125,36,7,0,235,12,247
2111213,27,82,53,12,3,177,9,186
2111214,43,104,51,8,6,212,4,216
2111215,12,67,49,10,7,145,9,154
2111216,33,90,44,11,3,181,6,187
2111217,17,35,51,11,7,121,0,121
2111218,18,66,31,10,5,130,3,133
2111219,17,70,62,10,4,163,6,169
2111220,25,75,57,19,3,179,5,184
2111221,21,98,46,4,3,172,6,178
2111222,16,55,28,12,3,114,3,117
2111223,17,72,51,18,7,165,7,172
2111224,23,63,44,20,8,158,7,165
2111225,28,71,69,17,7,192,5,197
2111226,27,65,54,10,3,159,3,162
2111227,17,59,44,10,4,134,4,138
2111228,15,70,60,12,7,164,6,170
2111229,26,91,53,10,0,180,7,187
2111230,24,109,50,8,4,195,3,198
2111231,18,52,30,4,0,104,3,107
2111232,24,91,46,11,0,172,12,184
2111233,12,65,37,10,8,132,10,142
2111234,51,87,29,9,4,180,3,183
2111235,45,129,62,11,4,251,7,258
2111236,19,42,27,10,5,103,3,106
2111237,26,64,40,6,5,141,7,148
2111238,25,64,49,4,3,145,8,153
2111239,52,91,33,0,8,184,5,189
2111240,35,48,34,4,4,125,9,134
2111241,12,56,36,8,6,118,3,121
2111242,45,89,16,4,3,157,3,160
2111301,0,0,0,0,0,0,0,0
2111302,12,71,34,8,5,130,4,134
2111303,16,61,87,22,9,195,3,198
2111304,6,66,107,25,9,213,4,217
2111305,17,83,120,27,17,264,7,271
2111306,9,74,98,34,14,229,5,234
2111307,19,76,107,14,6,222,3,225
2111308,21,58,40,12,6,137,0,137
2111309,23,64,48,9,3,147,3,150
2111310,11,48,36,7,4,106,5,111
2111311,29,119,77,15,0,240,5,245
2111312,22,115,60,8,3,208,3,211
2111313,25,63,46,18,0,152,4,156
2111314,24,67,38,19,4,152,4,156
2111315,29,88,56,8,0,181,3,184
2111316,38,68,35,6,0,147,6,153
2111317,92,94,14,0,0,200,38,238
2111318,61,49,11,3,3,127,18,145
2111319,22,95,56,14,0,187,3,190
2111320,42,68,33,8,0,151,9,160
2111321,69,79,7,3,0,158,12,170
2111322,18,68,37,9,3,135,3,138
2111323,36,75,51,7,3,172,3,175
2111324,25,75,66,16,5,187,6,193
2111325,6,49,62,10,6,133,4,137
2111326,25,92,46,15,4,182,7,189
2111327,17,96,61,17,7,198,4,202
2111328,25,51,68,17,5,166,3,169
2111329,4,18,38,3,3,66,0,66
2111330,14,61,33,8,3,119,3,122
2111331,20,57,37,5,4,123,3,126
2111332,21,26,24,7,4,82,10,92
2111401,16,41,38,5,4,104,7,111
2111402,24,95,62,15,5,201,4,205
2111403,35,70,40,4,4,153,5,158
2111404,25,68,51,11,4,159,4,163
2111405,21,61,56,8,3,149,5,154
2111406,11,60,73,20,9,173,3,176
2111407,12,65,98,21,7,203,5,208
2111408,12,52,65,11,7,147,4,151
2111409,11,61,92,20,10,194,3,197
2111410,17,62,68,21,11,179,3,182
2111411,4,34,48,9,4,99,3,102
2111412,6,46,50,12,3,117,4,121
2111413,9,89,90,25,10,223,5,228
2111414,5,37,70,24,13,149,3,152
2111415,9,36,35,6,8,94,3,97
2111416,8,37,35,12,9,101,0,101
2111417,4,38,65,15,5,127,3,130
2111418,6,43,55,15,7,126,4,130
2111419,0,30,39,16,9,94,5,99
2111420,4,13,45,20,13,95,3,98
2111421,3,57,61,27,17,165,0,165
2111422,5,29,43,9,6,92,3,95
2111423,11,65,72,12,8,168,0,168
2111424,16,34,38,18,3,109,3,112
2111425,20,49,66,10,7,152,5,157
2111426,23,64,62,14,4,167,4,171
2111427,47,112,58,15,3,235,5,240
2111428,23,106,60,7,5,201,8,209
2111429,22,48,41,13,7,131,3,134
2111430,5,31,42,12,9,99,0,99
2111431,17,49,36,6,0,108,6,114
2111432,39,94,38,11,3,185,3,188
2111433,27,96,50,13,3,189,0,189
2111434,8,28,33,18,17,104,0,104
2111435,10,80,75,16,4,185,10,195
2111436,12,50,51,17,3,133,5,138
2111437,27,78,80,14,7,206,4,210
2111438,16,69,72,25,10,192,3,195
2111439,3,27,46,19,6,101,3,104
2111440,18,49,55,9,3,134,10,144
2111441,17,60,69,17,4,167,7,174
2111442,17,73,84,13,7,194,3,197
2111443,21,88,39,13,10,171,9,180
2111444,37,83,77,15,4,216,3,219
2111445,35,97,39,14,3,188,3,191
2111446,10,59,48,20,5,142,0,142
2111447,14,45,52,12,0,123,6,129
2111448,13,35,53,19,3,123,3,126
2111449,23,46,63,17,14,163,3,166
2111450,22,54,45,6,5,132,5,137
2111451,12,53,32,8,4,109,0,109
2111452,26,88,64,20,3,201,4,205
2111453,8,25,48,18,17,116,6,122
2111454,6,14,57,22,11,110,0,110
2111455,5,45,24,13,3,90,3,93
2111456,22,45,33,5,9,114,3,117
2111457,48,47,20,12,0,127,10,137
2111458,12,71,47,11,13,154,4,158
2111459,19,46,46,8,4,123,3,126
2111460,23,49,50,14,8,144,0,144
2111461,23,79,63,25,6,196,6,202
2111501,38,88,36,10,0,172,3,175
2111502,47,94,30,7,3,181,4,185
2111503,34,67,24,9,0,134,4,138
2111504,23,71,31,4,0,129,5,134
2111505,49,97,36,10,3,195,6,201
2111506,67,60,15,3,0,145,13,158
2111507,96,65,16,0,0,177,24,201
2111508,53,138,58,3,0,252,6,258
2111509,21,43,24,8,0,96,0,96
2111510,61,84,40,3,0,188,6,194
2111511,41,93,50,9,0,193,8,201
2111512,80,97,39,6,3,225,38,263
2111513,26,82,52,7,0,167,3,170
2111514,20,62,25,3,3,113,4,117
2111515,56,76,41,4,0,177,9,186
2111516,18,83,60,13,6,180,3,183
2111517,151,302,94,5,6,558,10,568
2111518,0,0,0,0,0,0,0,0
2111519,43,49,6,0,0,98,19,117
2111520,60,53,9,0,0,122,19,141
2111521,39,43,4,3,3,92,9,101
2111601,16,40,41,19,0,116,3,119
2111602,95,67,43,7,6,218,22,240
2111603,12,55,64,21,7,159,3,162
2111604,9,59,64,15,3,150,7,157
2111605,35,90,35,7,3,170,11,181
2111606,6,51,59,15,8,139,4,143
2111607,38,70,46,19,3,176,7,183
2111608,12,47,62,16,17,154,6,160
2111609,17,41,45,13,3,119,5,124
2111610,9,39,59,17,8,132,3,135
2111611,22,55,56,9,6,148,7,155
2111612,25,54,59,15,4,157,0,157
2111613,28,76,78,24,6,212,5,217
2111614,30,85,58,8,0,181,5,186
2111615,38,98,52,11,3,202,4,206
2111616,33,113,48,12,8,214,7,221
2111617,13,81,63,17,3,177,5,182
2111618,20,66,65,15,4,170,0,170
2111619,17,83,60,15,7,182,3,185
2111620,9,42,61,11,8,131,0,131
2111621,21,86,64,5,3,179,5,184
2111622,29,67,70,18,3,187,4,191
2111623,33,85,58,11,7,194,3,197
2111624,20,51,58,10,3,142,5,147
2111625,36,94,39,12,4,185,4,189
2111626,31,78,52,10,6,177,4,181
2111627,11,57,57,12,0,137,0,137
2111628,40,85,44,9,0,178,5,183
2111629,0,0,3,0,0,3,0,3
2111630,17,56,43,6,5,127,3,130
2111631,32,80,65,21,5,203,4,207
2111632,8,44,31,11,4,98,0,98
2111701,108,108,42,5,0,263,5,268
2111702,61,89,29,3,0,182,6,188
2111703,37,55,16,3,0,111,3,114
2111704,57,60,18,4,0,139,5,144
2111705,43,69,17,5,0,134,10,144
2111706,322,51,11,3,0,387,12,399
2111707,134,96,13,3,0,246,3,249
2111708,166,26,0,0,0,192,0,192
2111709,75,101,21,0,0,197,4,201
2111710,177,16,3,0,0,196,7,203
2111711,41,67,26,6,0,140,0,140
2111712,49,84,26,0,4,163,6,169
2111713,30,83,32,8,3,156,3,159
2111714,29,54,12,3,3,101,0,101
2111715,63,91,25,3,3,185,9,194
2111716,27,46,28,8,0,109,4,113
2111717,15,52,21,3,0,91,3,94
2111718,91,84,15,0,0,190,8,198
2111719,295,51,3,0,0,349,8,357
2111720,63,40,9,3,0,115,15,130
2111721,233,39,4,0,0,276,39,315
2111722,62,38,9,3,0,112,17,129
2111723,34,45,16,3,0,98,15,113
2111724,0,0,0,0,0,0,0,0
2111725,32,87,19,3,0,141,3,144
2111726,46,43,17,0,0,106,0,106
2111727,73,70,20,3,0,166,6,172
2111728,179,101,13,3,0,296,4,300
2111729,84,56,8,4,0,152,9,161
2111730,391,34,4,4,4,437,7,444
2111731,212,13,8,0,0,233,4,237
2111732,455,26,4,0,0,485,4,489
2111801,22,119,46,10,3,200,0,200
2111802,10,109,74,18,3,214,0,214
2111803,161,212,29,0,0,402,6,408
2111804,89,134,23,4,0,250,6,256
2111805,45,143,35,3,0,226,3,229
2111806,13,63,18,0,0,94,3,97
2111807,23,53,22,3,3,104,3,107
2111808,17,64,52,4,0,137,0,137
2111809,31,51,8,4,0,94,8,102
2111810,140,160,26,5,4,335,10,345
2111811,0,0,0,0,0,0,0,0
2111812,8,55,12,5,0,80,3,83
2111813,114,135,40,5,0,294,6,300
2111814,3,7,16,6,7,39,0,39
2111901,13,47,35,9,3,107,3,110
2111902,72,87,29,0,4,192,7,199
2111903,27,95,44,6,3,175,3,178
2111904,39,55,32,0,0,126,0,126
2111905,17,45,29,9,5,105,3,108
2111906,25,58,42,10,3,138,0,138
2111907,67,124,57,7,3,258,3,261
2111908,27,74,52,12,0,165,5,170
2111909,55,190,33,3,0,281,3,284
2111910,22,51,15,4,0,92,0,92
2111911,19,35,26,9,0,89,0,89
2111912,26,123,49,6,3,207,3,210
2111913,0,0,0,0,0,0,0,0
2111914,26,73,36,5,0,140,4,144
2111915,23,93,34,4,3,157,0,157
2112001,7,16,7,3,0,33,0,33
2112101,0,6,4,0,0,10,0,10
2112102,22,73,43,3,0,141,0,141
2112103,31,94,60,5,3,193,4,197
2112104,33,73,40,6,4,156,7,163
2112105,41,111,56,9,3,220,10,230
2112106,0,0,0,0,0,0,0,0
2112107,163,234,62,4,4,467,26,493
2112108,99,113,38,3,0,253,19,272
2112109,20,89,38,7,0,154,5,159
2112110,45,67,23,12,0,147,3,150
2112111,0,0,0,0,0,0,0,0
2112112,18,70,48,7,3,146,0,146
2112113,64,83,27,3,0,177,8,185
2112114,15,70,34,4,0,123,0,123
2112115,24,114,79,13,3,233,3,236
2112116,10,63,30,3,0,106,7,113
2112117,35,121,82,22,0,260,9,269
2112118,22,73,61,15,3,174,5,179
2112119,5,98,83,17,5,208,3,211
2112120,15,178,102,24,7,326,5,331
2112121,3,34,22,8,3,70,0,70
2112122,20,104,68,15,3,210,3,213
2112123,45,150,83,13,4,295,8,303
2112201,414,72,5,3,0,494,16,510
2112202,112,39,8,0,0,159,7,166
2112203,264,78,9,3,0,354,8,362
2112204,128,56,0,0,0,184,3,187
2112205,0,0,0,0,0,0,0,0
2112206,195,58,4,0,0,257,5,262
2112207,277,116,23,4,0,420,10,430
2112208,443,26,4,0,0,473,10,483
2112209,188,24,3,0,0,215,3,218
2112210,140,11,0,0,0,151,3,154
2112211,108,72,4,0,0,184,5,189
2112212,227,51,0,0,3,281,8,289
2112213,179,49,5,0,0,233,5,238
2112214,158,41,14,0,3,216,4,220
2112215,258,47,3,0,0,308,8,316
2112216,141,31,4,0,0,176,3,179
2112217,225,47,10,0,0,282,3,285
2112218,98,8,0,0,0,106,5,111
2112219,257,213,24,3,0,497,17,514
2112220,282,67,10,0,0,359,15,374
2112221,38,83,18,0,0,139,6,145
2112222,168,38,3,0,0,209,3,212
2112223,54,47,3,4,0,108,6,114
2112224,89,44,7,0,0,140,0,140
2112225,49,15,8,0,0,72,6,78
2112226,257,190,23,0,0,470,10,480
2112227,531,174,29,3,0,737,13,750
2112228,114,50,9,0,0,173,4,177
2112229,255,129,13,0,0,397,3,400
2112230,53,89,26,3,0,171,3,174
2112231,66,51,13,0,0,130,3,133
2112232,223,36,3,0,0,262,5,267
2112233,68,102,13,0,0,183,6,189
2112234,68,65,11,0,0,144,6,150
2112235,119,139,13,0,0,271,6,277
2112301,142,197,32,4,0,375,9,384
2112302,28,57,19,3,0,107,3,110
2112303,41,75,35,3,0,154,6,160
2112304,13,55,34,3,0,105,4,109
2112305,35,63,24,0,0,122,0,122
2112306,46,62,23,7,0,138,8,146
2112307,34,47,22,4,0,107,3,110
2112308,39,116,46,8,0,209,6,215
2112309,69,109,21,0,0,199,4,203
2112310,50,58,16,0,0,124,0,124
2112311,59,102,35,3,3,202,9,211
2112312,201,94,21,3,3,322,3,325
2112313,0,0,0,0,0,0,0,0
2112314,150,124,24,3,0,301,8,309
2112315,0,0,0,0,0,0,0,0
2112316,41,87,57,10,0,195,7,202
2112317,0,0,0,0,0,0,0,0
2112318,32,106,46,6,3,193,6,199
2112319,38,71,40,5,0,154,5,159
2112320,17,37,5,5,0,64,3,67
2112321,37,65,14,0,0,116,10,126
2112322,127,64,13,3,3,210,34,244
2112323,29,33,17,0,0,79,3,82
2112324,73,85,32,0,3,193,9,202
2112325,63,96,41,7,0,207,6,213
2112326,34,30,11,3,0,78,6,84
2112327,38,62,12,0,0,112,0,112
2112328,46,75,29,5,0,155,5,160
2112329,27,95,41,10,0,173,6,179
2112330,49,96,50,7,3,205,5,210
2112331,30,54,29,7,4,124,3,127
2112332,36,100,55,7,3,201,10,211
2112333,3,7,0,0,0,10,0,10
2112334,37,108,25,3,0,173,3,176
2112335,86,112,39,8,3,248,11,259
2112336,19,45,16,3,3,86,3,89
2112337,116,116,35,5,0,272,31,303
2112338,19,35,33,4,3,94,0,94
2112401,0,0,0,0,0,0,0,0
2112402,50,63,14,0,3,130,0,130
2112403,0,3,0,0,0,3,0,3
2112404,55,80,26,0,0,161,6,167
2112405,48,145,51,11,4,259,7,266
2112406,33,59,20,4,0,116,3,119
2112407,0,10,10,0,0,20,0,20
2112408,36,101,85,22,23,267,10,277
2112409,37,68,25,0,0,130,5,135
2112410,16,30,15,3,0,64,3,67
2112411,20,33,32,4,0,89,7,96
2112412,14,56,38,3,3,114,3,117
2112413,30,56,50,4,0,140,8,148
2112501,53,98,32,14,0,197,5,202
2112502,51,121,58,6,3,239,4,243
2112503,53,119,45,11,4,232,7,239
2112504,17,94,42,7,0,160,4,164
2112505,59,124,36,3,0,222,0,222
2112506,42,95,52,6,0,195,3,198
2112507,45,111,63,15,0,234,13,247
2112508,52,112,42,6,0,212,3,215
2112509,24,65,34,7,0,130,7,137
2112510,47,102,61,5,5,220,3,223
2112511,8,30,22,7,4,71,3,74
2112512,65,169,45,3,8,290,7,297
2112513,22,61,47,4,5,139,0,139
2112514,20,83,26,10,0,139,3,142
2112601,91,252,42,4,0,389,7,396
2112602,39,155,46,10,0,250,6,256
2112603,31,110,43,6,0,190,3,193
2112604,33,88,24,6,0,151,5,156
2112605,5,59,76,7,3,150,3,153
2112606,38,113,39,5,0,195,0,195
2112607,65,139,20,4,0,228,5,233
2112608,70,117,47,3,0,237,9,246
2112609,64,193,53,8,3,321,3,324
2112610,29,54,19,3,0,105,0,105
2112611,94,175,44,5,0,318,3,321
2112612,0,0,0,0,0,0,0,0
2112613,63,121,16,3,4,207,3,210
2112614,45,81,9,3,3,141,4,145
2112615,69,121,20,0,0,210,3,213
2112616,54,99,30,5,3,191,6,197
2112617,80,125,31,3,0,239,3,242
2112618,134,236,32,3,0,405,8,413
2112619,97,162,44,0,0,303,3,306
2112620,43,76,20,0,0,139,0,139
2112621,143,163,23,0,0,329,7,336
2112622,3,15,3,0,0,21,0,21
2112623,0,0,0,0,0,0,0,0
2112624,0,0,0,0,0,0,0,0
2112625,20,38,23,4,0,85,3,88
2112626,0,0,0,0,0,0,0,0
2112627,21,58,4,0,0,83,0,83
2112628,46,76,22,0,0,144,4,148
2112701,0,0,0,0,0,0,0,0
2112702,0,0,0,0,0,0,0,0
2112801,22,65,30,5,3,125,3,128
2112802,14,67,54,7,0,142,3,145
2112803,12,82,72,18,3,187,3,190
2112804,30,98,54,11,5,198,0,198
2112805,8,54,46,0,7,115,3,118
2112806,41,104,33,3,3,184,3,187
2112807,26,92,50,4,9,181,4,185
2112808,78,99,38,12,0,227,9,236
2112809,24,90,65,3,3,185,5,190
2112810,12,36,30,7,0,85,0,85
2112811,18,72,44,11,3,148,3,151
2112812,12,67,65,12,0,156,6,162
2112813,22,114,80,20,8,244,3,247
2112814,6,79,52,13,3,153,0,153
2112815,14,68,57,12,3,154,0,154
2112816,63,85,54,20,0,222,9,231
2112817,17,79,47,3,3,149,3,152
2112818,8,45,43,11,0,107,0,107
2112819,13,102,66,10,3,194,3,197
2112820,22,101,64,8,4,199,3,202
2112821,19,63,37,10,4,133,3,136
2112822,16,81,52,16,4,169,3,172
2112823,13,63,51,7,3,137,6,143
2112824,12,58,56,10,4,140,3,143
2112825,15,70,68,6,0,159,7,166
2112826,11,78,73,20,0,182,6,188
2112827,21,148,68,11,0,248,5,253
2112828,69,152,57,5,5,288,9,297
2112829,88,280,93,21,5,487,4,491
2112830,93,201,51,0,4,349,3,352
2112831,17,52,22,7,0,98,3,101
2112832,0,0,0,0,0,0,0,0
2112833,38,176,61,3,3,281,0,281
2112901,26,91,43,3,0,163,7,170
2112902,31,142,77,15,5,270,7,277
2112903,37,115,60,4,4,220,9,229
2112904,21,86,67,7,0,181,4,185
2112905,21,127,96,9,4,257,10,267
2112906,22,102,25,9,4,162,5,167
2112907,40,161,89,17,4,311,3,314
2112908,17,120,79,11,3,230,0,230
2112909,21,130,68,3,0,222,3,225
2112910,24,98,57,3,0,182,3,185
2112911,16,73,21,3,5,118,10,128
2112912,16,68,33,3,0,120,0,120
2112913,24,84,57,3,3,171,5,176
2112914,20,81,37,13,3,154,8,162
2112915,10,44,32,13,0,99,0,99
2112916,26,104,59,3,0,192,4,196
2112917,0,0,0,0,0,0,0,0
2112918,0,0,0,0,0,0,0,0
2112919,0,0,0,0,0,0,0,0
2112920,0,0,0,0,0,0,0,0
2112921,45,115,51,3,3,217,0,217
2112922,33,133,76,8,0,250,3,253
2112923,53,154,59,10,4,280,3,283
2112924,22,95,53,3,4,177,3,180
2112925,33,139,69,7,3,251,9,260
2112926,20,91,63,9,0,183,0,183
2112927,23,84,40,5,3,155,3,158
2112928,23,102,41,5,3,174,0,174
2112929,42,69,36,5,3,155,8,163
2112930,34,76,43,6,0,159,6,165
2112931,36,142,58,7,3,246,3,249
2112932,40,89,42,3,3,177,3,180
2112933,21,86,56,5,0,168,4,172
2112934,12,68,51,7,0,138,7,145
2112935,23,76,64,11,4,178,0,178
2112936,12,94,66,3,6,181,0,181
2112937,12,35,32,3,3,85,0,85
2112938,4,36,48,8,0,96,4,100
2112939,14,90,62,8,0,174,3,177
2112940,7,64,51,7,4,133,0,133
2113001,18,128,94,12,0,252,0,252
2113002,43,104,76,8,0,231,8,239
2113003,15,97,72,14,6,204,7,211
2113004,41,68,33,3,3,148,13,161
2113005,11,63,47,12,0,133,3,136
2113006,33,71,41,3,4,152,3,155
2113007,14,96,71,12,3,196,6,202
2113008,18,52,28,4,0,102,3,105
2113009,12,56,52,6,0,126,0,126
2113010,20,189,79,4,3,295,3,298
2113011,51,101,39,3,0,194,9,203
2113012,15,63,27,7,0,112,0,112
2113013,44,73,27,5,0,149,15,164
2113014,16,49,30,4,3,102,9,111
2113015,15,54,32,5,0,106,7,113
2113016,37,116,53,16,0,222,10,232
2113017,19,115,79,11,0,224,8,232
2113018,75,455,184,17,4,735,17,752
2113019,19,67,43,5,0,134,6,140
2113020,60,118,74,12,3,267,15,282
2113021,10,60,31,0,3,104,0,104
2113022,23,169,94,14,3,303,6,309
2113023,7,47,40,16,3,113,3,116
2113024,11,69,59,19,11,169,0,169
2113025,8,108,58,7,3,184,3,187
2113026,4,118,91,10,8,231,4,235
2113027,74,74,37,3,6,194,9,203
2113028,14,58,60,8,0,140,0,140
2113029,16,57,72,15,0,160,3,163
2113030,9,68,70,9,3,159,4,163
2113031,9,107,126,29,0,271,6,277
2113032,16,49,34,3,0,102,3,105
2113033,18,90,22,6,0,136,4,140
2113101,0,0,0,0,0,0,0,0
2113102,0,0,3,0,0,3,0,3
2113201,20,76,38,3,3,140,3,143
2113202,74,54,10,0,0,138,13,151
2113203,158,86,25,5,0,274,28,302
2113204,15,54,32,8,0,109,7,116
2113205,23,74,37,3,3,140,7,147
2113206,24,73,38,7,4,146,0,146
2113207,19,74,51,4,3,151,0,151
2113208,18,101,71,5,0,195,5,200
2113209,16,75,66,16,0,173,4,177
2113210,65,64,22,8,0,159,15,174
2113211,19,42,27,3,0,91,7,98
2113212,16,52,48,16,3,135,4,139
2113213,33,105,48,6,0,192,5,197
2113214,44,70,41,8,0,163,7,170
2113215,25,135,62,7,3,232,5,237
2113216,43,214,69,3,3,332,0,332
2113217,31,96,72,27,8,234,3,237
2113218,37,90,19,3,0,149,3,152
2113219,38,115,32,3,3,191,3,194
2113220,28,83,41,3,3,158,0,158
2113221,31,63,10,0,3,107,0,107
2113222,21,49,13,0,0,83,0,83
2113223,44,126,34,0,0,204,3,207
2113224,40,65,31,15,0,151,3,154
2113225,40,31,11,0,0,82,8,90
2113226,6,61,35,4,3,109,0,109
2113301,36,75,11,5,0,127,0,127
2113302,42,68,19,0,0,129,7,136
2113303,30,87,24,5,0,146,3,149
2113304,32,83,29,4,3,151,11,162
2113305,46,93,30,8,4,181,10,191
2113306,0,0,0,0,0,0,0,0
2113307,72,133,44,6,3,258,5,263
2113308,109,154,61,5,5,334,15,349
2113309,0,0,0,0,0,0,0,0
2113310,6,29,44,7,0,86,0,86
2113311,32,83,37,5,3,160,3,163
2113312,34,81,30,3,3,151,4,155
2113313,60,87,28,3,0,178,5,183
2113314,56,150,49,5,0,260,6,266
2113315,38,104,43,3,0,188,3,191
2113316,60,117,45,3,0,225,6,231
2113317,54,139,36,0,0,229,3,232
2113318,67,132,34,5,0,238,3,241
2113319,0,0,0,0,0,0,0,0
2113320,30,83,23,10,3,149,3,152
2113321,11,49,35,8,6,109,0,109
2113322,79,117,45,11,0,252,4,256
2113323,40,120,51,6,4,221,4,225
2113324,19,76,36,3,0,134,0,134
2113325,0,0,0,0,0,0,0,0
2113326,74,156,36,4,3,273,3,276
2113327,67,122,28,7,0,224,5,229
2113328,45,95,33,8,0,181,3,184
2113329,46,131,45,11,4,237,0,237
2113330,51,88,24,0,3,166,10,176
2113331,44,124,47,4,5,224,6,230
2113332,67,169,55,7,0,298,9,307
2113333,26,100,67,5,0,198,5,203
2113334,87,214,61,5,3,370,10,380
2113335,53,83,38,3,0,177,3,180
2113336,46,113,44,3,3,209,5,214
2113337,129,170,52,5,4,360,11,371
2113338,116,50,26,7,0,199,15,214
2113339,41,182,53,8,5,289,5,294
2113340,46,121,20,3,0,190,3,193
2113341,41,58,14,0,3,116,4,120
2113342,57,52,13,3,3,128,7,135
2113343,51,139,33,6,3,232,6,238
2113344,56,142,38,7,0,243,7,250
2113345,36,56,30,4,0,126,3,129
2113346,49,105,27,3,0,184,4,188
2113347,19,69,27,7,0,122,3,125
2113348,61,101,29,7,4,202,3,205
2113349,59,133,60,3,0,255,5,260
2113350,59,85,38,3,0,185,7,192
2113351,56,113,46,13,3,231,7,238
2113352,116,152,32,0,9,309,10,319
2113353,62,106,60,11,0,239,3,242
2113354,70,104,24,3,3,204,11,215
2113355,47,112,36,11,0,206,10,216
2113356,46,78,21,3,3,151,4,155
2113401,36,115,28,8,5,192,7,199
2113402,26,99,37,3,3,168,3,171
2113403,39,97,44,5,3,188,9,197
2113404,12,51,22,4,0,89,3,92
2113405,36,91,41,9,4,181,4,185
2113406,57,144,36,7,0,244,11,255
2113407,46,103,44,4,3,200,7,207
2113408,32,78,41,11,3,165,7,172
2113409,29,86,31,3,0,149,4,153
2113410,15,62,21,8,0,106,5,111
2113411,32,92,49,5,3,181,4,185
2113412,54,148,68,12,0,282,0,282
2113413,31,138,66,15,3,253,3,256
2113414,14,70,48,10,3,145,5,150
2113415,35,103,42,3,3,186,6,192
2113416,29,86,62,13,3,193,3,196
2113417,42,129,41,4,3,219,12,231
2113418,25,97,30,0,0,152,7,159
2113419,16,98,55,13,7,189,3,192
2113420,66,151,56,4,3,280,3,283
2113421,16,57,42,3,0,118,4,122
2113422,80,110,36,3,3,232,14,246
2113423,48,106,30,4,3,191,0,191
2113424,31,61,25,4,3,124,3,127
2113425,48,115,47,5,0,215,6,221
2113426,38,71,43,5,3,160,4,164
2113427,55,107,45,3,3,213,7,220
2113428,45,85,53,9,3,195,3,198
2113429,44,89,21,4,0,158,3,161
2113430,34,77,37,9,3,160,4,164
2113431,28,74,27,3,0,132,4,136
2113432,47,136,61,4,0,248,4,252
2113433,36,64,41,10,4,155,3,158
2113434,49,129,44,6,4,232,3,235
2113435,33,70,56,7,3,169,4,173
2113436,15,41,31,3,3,93,3,96
2113437,35,102,45,3,0,185,7,192
2113438,73,113,44,9,4,243,11,254
2113439,49,76,35,0,0,160,5,165
2113501,38,104,67,0,0,209,6,215
2113502,19,61,53,13,4,150,3,153
2113503,34,117,109,23,4,287,13,300
2113504,6,53,82,18,4,163,5,168
2113505,12,61,49,0,4,126,5,131
2113506,29,101,71,10,4,215,10,225
2113507,43,123,83,14,0,263,6,269
2113508,21,59,59,9,3,151,0,151
2113509,24,68,65,5,4,166,3,169
2113510,24,80,60,8,0,172,7,179
2113511,13,58,59,11,0,141,4,145
2113512,27,106,37,6,3,179,5,184
2113513,12,72,79,16,10,189,7,196
2113514,28,88,45,10,0,171,0,171
2113515,70,110,39,12,3,234,13,247
2113516,64,134,64,10,3,275,8,283
2113517,64,156,67,13,7,307,9,316
2113518,14,64,25,3,3,109,0,109
2113519,13,88,80,9,7,197,8,205
2113601,148,154,47,0,3,352,6,358
2113602,75,134,35,0,3,247,4,251
2113603,46,89,42,11,0,188,5,193
2113604,32,72,39,8,3,154,5,159
2113605,35,102,48,8,0,193,3,196
2113606,119,66,20,0,3,208,30,238
2113607,32,88,72,10,0,202,7,209
2113608,51,125,50,8,4,238,7,245
2113609,21,60,40,6,0,127,4,131
2113610,49,103,55,7,4,218,5,223
2113611,38,107,43,6,0,194,4,198
2113612,15,63,36,0,0,114,0,114
2113613,30,96,42,10,3,181,3,184
2113614,69,75,17,4,4,169,11,180
2113615,15,74,14,0,0,103,4,107
2113616,151,40,8,3,3,205,32,237
2113617,29,74,56,8,0,167,6,173
2113618,30,84,38,4,5,161,0,161
2113619,27,95,53,5,4,184,3,187
2113620,33,101,47,3,0,184,7,191
2113621,56,72,39,4,0,171,3,174
2113622,13,84,41,11,0,149,3,152
2113623,51,148,45,3,8,255,6,261
2113624,60,158,51,13,3,285,7,292
2113625,43,121,54,9,3,230,0,230
2113626,29,108,68,15,3,223,4,227
2113627,34,139,52,4,4,233,0,233
2113628,33,165,81,12,5,296,3,299
2113629,25,99,39,8,0,171,3,174
2113630,64,100,42,13,0,219,3,222
2113631,19,67,47,8,0,141,0,141
2113632,34,88,43,6,3,174,0,174
2113633,35,115,66,6,3,225,6,231
2113634,31,91,56,4,0,182,6,188
2113635,27,139,59,3,3,231,0,231
2113636,18,66,27,5,0,116,3,119
2113637,46,106,18,8,0,178,10,188
2113638,16,68,36,4,3,127,4,131
2113639,44,129,45,12,0,230,5,235
2113640,17,53,24,9,0,103,4,107
2113641,24,58,31,5,0,118,0,118
2113701,0,0,0,0,0,0,0,0
2113702,134,147,54,3,6,344,9,353
2113703,39,79,19,6,0,143,0,143
2113704,55,129,71,17,0,272,6,278
2113705,52,78,49,5,0,184,6,190
2113706,47,92,59,9,0,207,3,210
2113707,90,117,38,5,0,250,3,253
2113708,25,95,37,7,4,168,4,172
2113709,68,148,46,6,4,272,6,278
2113710,64,149,70,11,6,300,11,311
2113711,38,98,50,8,4,198,4,202
2113712,15,78,51,8,0,152,3,155
2113713,27,84,38,8,0,157,9,166
2113714,40,87,36,12,0,175,3,178
2113715,46,119,51,6,4,226,0,226
2113716,22,64,42,5,4,137,4,141
2113717,61,164,57,4,0,286,9,295
2113718,39,63,46,5,0,153,5,158
2113719,67,124,39,5,4,239,3,242
2113720,76,143,65,12,4,300,0,300
2113721,29,69,37,6,5,146,4,150
2113722,90,139,47,4,4,284,7,291
2113723,76,156,50,9,3,294,0,294
2113724,65,118,47,3,3,236,3,239
2113725,57,131,57,12,3,260,4,264
2113726,46,91,48,0,0,185,3,188
2113727,139,75,10,0,0,224,35,259
2113728,133,91,10,4,0,238,14,252
2113729,55,217,87,12,0,371,3,374
2113730,67,159,73,13,3,315,7,322
2113731,30,90,29,7,0,156,8,164
2113801,22,64,46,7,3,142,0,142
2113802,41,92,49,12,3,197,0,197
2113803,14,51,42,9,3,119,7,126
2113804,3,27,65,16,13,124,6,130
2113805,13,66,54,18,8,159,7,166
2113806,0,14,41,18,11,84,5,89
2113807,6,70,34,5,4,119,7,126
2113808,20,55,46,12,14,147,8,155
2113809,4,29,45,19,17,114,3,117
2113810,4,54,66,13,17,154,0,154
2113811,7,23,54,19,29,132,7,139
2113812,62,144,80,11,3,300,13,313
2113813,26,96,72,8,4,206,0,206
2113814,46,132,78,6,4,266,8,274
2113815,28,71,52,14,3,168,11,179
2113816,17,68,55,16,4,160,7,167
2113817,7,95,57,20,5,184,9,193
2113818,14,78,71,18,6,187,0,187
2113819,15,83,47,23,11,179,5,184
2113820,5,62,79,35,19,200,3,203
2113821,3,20,54,24,12,113,3,116
2113822,8,59,57,19,14,157,4,161
2113823,25,113,79,16,8,241,13,254
2113824,6,73,74,25,5,183,6,189
2113825,29,96,60,8,7,200,5,205
2113826,19,60,53,17,4,153,7,160
2113827,65,111,47,5,3,231,0,231
2113828,4,24,53,15,4,100,0,100
2113829,12,84,56,7,11,170,7,177
2113830,11,85,73,18,5,192,3,195
2113831,12,60,50,14,16,152,5,157
2113832,4,24,35,11,9,83,3,86
2113901,13,44,22,14,3,96,5,101
2113902,36,64,25,9,3,137,5,142
2113903,30,105,44,10,5,194,4,198
2113904,26,46,21,3,0,96,4,100
2113905,43,90,61,9,3,206,6,212
2113906,12,81,52,7,4,156,3,159
2113907,55,154,57,10,0,276,9,285
2113908,7,60,43,8,0,118,3,121
2113909,27,80,51,5,0,163,7,170
2113910,25,68,38,3,3,137,6,143
2113911,34,107,50,5,3,199,5,204
2114001,25,44,36,9,3,117,0,117
2114002,37,65,29,11,6,148,6,154
2114003,20,58,25,6,0,109,5,114
2114004,16,56,39,13,0,124,0,124
2114005,44,82,27,5,0,158,3,161
2114006,28,74,25,10,0,137,5,142
2114007,27,69,29,4,0,129,6,135
2114008,60,111,37,6,4,218,13,231
2114009,17,80,54,14,5,170,4,174
2114010,27,97,47,12,0,183,6,189
2114011,22,59,38,12,3,134,0,134
2114012,21,55,32,13,3,124,3,127
2114013,0,3,0,0,0,3,0,3
2114014,40,113,47,5,4,209,5,214
2114015,28,84,50,8,5,175,3,178
2114016,37,111,64,8,3,223,5,228
2114017,35,62,35,9,0,141,10,151
2114018,31,77,30,3,0,141,3,144
2114019,22,86,39,6,0,153,3,156
2114020,16,53,26,7,3,105,0,105
2114021,73,85,30,0,0,188,10,198
2114022,31,86,39,6,0,162,8,170
2114023,26,83,31,9,0,149,4,153
2114101,61,124,62,12,7,266,10,276
2114102,36,94,48,4,3,185,10,195
2114103,33,77,21,3,0,134,4,138
2114104,90,109,38,0,5,242,4,246
2114105,46,168,59,8,0,281,3,284
2114106,115,108,17,0,0,240,27,267
2114107,64,47,3,0,0,114,15,129
2114108,93,38,9,0,0,140,15,155
2114109,48,121,33,4,0,206,7,213
2114110,36,52,20,4,0,112,7,119
2114111,35,78,37,8,0,158,5,163
2114112,52,148,53,11,5,269,8,277
2114113,21,57,30,3,0,111,3,114
2114114,74,49,12,3,3,141,17,158
2114201,94,62,9,0,0,165,16,181
2114202,24,92,43,0,0,159,7,166
2114203,66,58,14,0,0,138,11,149
2114204,82,72,7,0,0,161,25,186
2114205,87,65,12,4,0,168,11,179
2114206,74,83,27,9,4,197,14,211
2114207,12,37,23,0,4,76,0,76
2114208,45,89,42,7,0,183,5,188
2114209,26,96,46,3,5,176,3,179
2114210,58,113,35,7,3,216,4,220
2114211,20,75,38,4,3,140,5,145
2114212,83,95,34,5,3,220,3,223
2114213,78,60,20,0,3,161,4,165
2114214,30,26,10,0,0,66,3,69
2114215,13,5,4,3,0,25,12,37
2114216,32,72,34,4,0,142,0,142
2114217,37,142,66,8,3,256,7,263
2114218,14,46,23,5,0,88,4,92
2114219,41,84,32,0,0,157,0,157
2114220,52,108,39,4,0,203,0,203
2114221,50,83,45,10,0,188,3,191
2114222,21,67,22,4,0,114,4,118
2114223,50,149,55,5,5,264,3,267
2114301,20,72,57,8,3,160,6,166
2114302,25,55,36,3,3,122,0,122
2114303,31,90,48,4,3,176,7,183
2114304,19,54,26,7,0,106,4,110
2114305,42,92,57,10,6,207,3,210
2114306,63,113,44,16,4,240,15,255
2114307,45,106,54,7,4,216,3,219
2114308,91,101,37,6,3,238,15,253
2114309,29,107,56,9,0,201,11,212
2114310,7,79,41,7,0,134,3,137
2114311,21,106,52,7,0,186,0,186
2114312,40,107,49,4,0,200,3,203
2114313,24,49,19,6,0,98,5,103
2114314,74,95,29,7,0,205,8,213
2114315,36,101,34,10,4,185,3,188
2114316,62,128,47,3,0,240,0,240
2114317,27,110,57,9,3,206,9,215
2114318,41,86,36,5,4,172,0,172
2114319,66,66,21,5,0,158,7,165
2114320,9,63,33,12,3,120,4,124
2114321,22,66,32,11,0,131,4,135
2114322,24,76,41,18,0,159,4,163
2114323,38,61,38,9,0,146,11,157
2114324,45,101,53,13,0,212,15,227
2114325,19,65,47,14,4,149,5,154
2114326,26,54,36,5,3,124,3,127
2114327,14,82,57,8,3,164,4,168
2114401,38,49,38,16,0,141,8,149
2114402,83,57,13,0,0,153,17,170
2114403,48,143,46,5,3,245,4,249
2114404,26,64,29,8,3,130,0,130
2114405,95,52,12,0,0,159,20,179
2114406,92,66,6,3,0,167,16,183
2114407,102,72,7,3,0,184,11,195
2114408,41,104,27,3,0,175,3,178
2114409,56,124,53,3,3,239,0,239
2114410,34,92,63,14,3,206,3,209
2114411,20,49,28,3,0,100,3,103
2114412,36,103,70,9,3,221,4,225
2114413,24,117,66,11,0,218,4,222
2114414,6,74,65,13,4,162,4,166
2114415,44,69,41,3,5,162,5,167
2114416,28,84,50,15,5,182,4,186
2114417,46,87,60,7,0,200,4,204
2114418,20,112,71,11,0,214,7,221
2114419,33,71,51,8,3,166,0,166
2114420,24,79,42,7,0,152,3,155
2114421,52,57,7,3,0,119,3,122
2114422,24,57,27,4,0,112,4,116
2114423,31,93,51,14,0,189,4,193
2114424,37,111,48,7,3,206,3,209
2114425,30,151,50,10,0,241,4,245
2114426,33,89,43,18,0,183,5,188
2114427,29,121,57,10,0,217,4,221
2114428,21,93,69,14,0,197,3,200
2114429,19,59,38,3,0,119,0,119
2114430,30,102,43,7,5,187,5,192
2114431,20,64,29,3,0,116,0,116
2114432,43,127,47,6,0,223,8,231
2114433,32,113,43,10,3,201,4,205
2114434,7,36,46,7,4,100,0,100
2114435,53,107,52,11,4,227,5,232
2114436,24,87,49,8,5,173,8,181
2114437,29,40,30,4,3,106,3,109
2114438,31,59,28,10,4,132,3,135
2114439,25,49,25,5,0,104,6,110
2114440,70,101,37,9,5,222,13,235
2114441,45,52,12,4,0,113,7,120
2114442,35,80,53,13,4,185,0,185
2114443,57,108,71,9,0,245,14,259
2114444,36,181,106,22,5,350,6,356
2114445,44,176,83,8,3,314,4,318
2114446,33,83,58,12,0,186,7,193
2114447,28,96,46,9,0,179,0,179
2114448,34,101,60,14,0,209,8,217
2114449,28,87,69,10,3,197,6,203
2114450,73,116,69,9,0,267,10,277
2114451,22,112,40,9,0,183,5,188
2114452,26,88,57,13,5,189,0,189
2114453,56,88,53,7,0,204,4,208
2114454,139,77,14,0,0,230,12,242
2114455,49,118,69,5,0,241,7,248
2114456,30,63,33,3,0,129,8,137
2114457,49,107,57,11,0,224,4,228
2114458,22,69,26,3,0,120,4,124
2114459,51,56,21,4,0,132,0,132
2114460,64,83,37,8,3,195,11,206
2114461,0,0,0,0,0,0,0,0
2114501,31,100,48,10,0,189,5,194
2114502,17,85,78,4,4,188,5,193
2114503,7,92,72,12,3,186,0,186
2114504,21,82,36,9,4,152,0,152
2114505,25,93,59,10,3,190,7,197
2114506,21,125,69,16,3,234,0,234
2114507,12,51,43,7,3,116,3,119
2114508,14,65,50,9,0,138,0,138
2114509,0,0,0,0,0,0,0,0
2114510,13,106,87,23,4,233,4,237
2114511,9,60,54,15,4,142,4,146
2114512,5,43,62,17,9,136,3,139
2114513,14,54,42,5,6,121,3,124
2114514,24,97,48,9,0,178,3,181
2114515,15,72,37,13,3,140,5,145
2114516,31,78,23,3,0,135,3,138
2114517,15,111,85,4,0,215,3,218
2114518,20,58,32,8,3,121,4,125
2114519,23,68,43,13,0,147,5,152
2114520,3,24,26,4,0,57,0,57
2114521,13,48,36,9,0,106,0,106
2114601,0,28,59,22,10,119,0,119
2114602,3,19,45,7,4,78,3,81
2114603,5,52,55,21,3,136,0,136
2114604,5,45,42,15,3,110,4,114
2114605,12,38,50,8,4,112,0,112
2114606,11,63,86,30,7,197,3,200
2114607,17,62,50,9,0,138,3,141
2114608,6,37,41,8,3,95,0,95
2114609,19,62,76,15,9,181,5,186
2114610,30,53,48,12,8,151,0,151
2114611,39,77,65,10,3,194,12,206
2114612,5,38,50,13,4,110,5,115
2114613,5,35,47,7,5,99,0,99
2114614,3,48,89,25,9,174,7,181
2114615,29,66,34,14,3,146,5,151
2114616,3,28,41,7,6,85,3,88
2114617,3,24,33,9,5,74,4,78
2114618,16,51,42,10,5,124,3,127
2114619,46,96,70,25,4,241,6,247
2114701,18,77,67,18,8,188,7,195
2114702,6,38,51,15,7,117,3,120
2114703,3,16,35,12,5,71,3,74
2114704,4,30,62,15,13,124,9,133
2114705,11,55,66,14,3,149,8,157
2114706,8,36,89,12,15,160,4,164
2114707,3,26,52,9,3,93,0,93
2114708,4,20,47,12,3,86,0,86
2114709,28,109,64,13,3,217,5,222
2114710,25,108,92,14,6,245,10,255
2114711,5,57,68,22,7,159,0,159
2114712,12,58,55,12,8,145,3,148
2114713,5,60,88,33,6,192,3,195
2114714,9,70,82,32,10,203,10,213
2114715,5,54,51,16,12,138,3,141
2114716,48,113,56,8,5,230,9,239
2114717,7,47,70,21,6,151,3,154
2114718,7,39,39,15,12,112,0,112
2114719,14,56,89,18,11,188,3,191
2114720,5,67,75,31,6,184,6,190
2114721,11,43,62,15,5,136,3,139
2114722,7,38,64,21,9,139,3,142
2114723,16,64,55,19,7,161,4,165
2114724,21,65,75,17,6,184,5,189
2114725,4,67,80,30,17,198,3,201
2114726,4,21,71,29,10,135,0,135
2114727,9,42,75,23,12,161,0,161
2114728,20,75,67,24,12,198,5,203
2114729,6,38,75,17,11,147,0,147
2114730,62,100,50,7,0,219,13,232
2114731,12,52,39,12,5,120,4,124
2114732,29,99,38,4,3,173,7,180
2114733,12,43,72,22,4,153,3,156
2114734,12,49,32,10,3,106,4,110
2114735,14,55,26,6,3,104,0,104
2114801,5,36,54,16,14,125,3,128
2114802,8,52,78,22,7,167,0,167
2114803,3,32,58,21,6,120,7,127
2114804,9,43,82,17,8,159,3,162
2114805,0,38,51,13,5,107,0,107
2114806,10,38,78,17,20,163,0,163
2114807,4,55,91,22,12,184,0,184
2114808,8,36,64,28,14,150,9,159
2114809,3,23,65,23,11,125,3,128
2114810,0,30,49,15,3,97,0,97
2114811,0,34,74,17,19,144,5,149
2114812,15,52,70,26,6,169,3,172
2114813,6,22,57,16,7,108,0,108
2114814,5,34,49,13,11,112,0,112
2114815,9,49,51,16,5,130,0,130
2114816,7,44,62,24,4,141,0,141
2114817,12,100,83,16,8,219,8,227
2114818,5,34,42,13,3,97,4,101
2114819,5,35,63,13,3,119,5,124
2114820,13,60,45,11,4,133,0,133
2114821,4,17,43,15,9,88,3,91
2114822,6,24,81,28,12,151,0,151
2114823,3,52,70,13,7,145,3,148
2114824,19,45,48,14,7,133,4,137
2114825,6,18,57,18,10,109,3,112
2114826,3,29,48,15,4,99,3,102
2114827,10,62,102,25,13,212,5,217
2114828,9,56,75,33,11,184,4,188
2114829,6,35,61,22,7,131,3,134
2114830,10,35,55,22,11,133,0,133
2114831,12,51,69,18,8,158,3,161
2114832,16,51,86,24,12,189,7,196
2114833,0,32,84,13,3,132,3,135
2114834,7,41,61,13,8,130,0,130
2114835,3,35,43,13,3,97,0,97
2114836,8,30,36,8,0,82,5,87
2114837,0,19,42,11,9,81,0,81
2114838,9,65,55,16,3,148,3,151
2114839,0,47,62,27,8,144,4,148
2114840,3,35,59,21,3,121,3,124
2114841,0,36,79,22,15,152,3,155
2114842,5,36,37,13,4,95,3,98
2114843,6,29,46,14,3,98,3,101
2114844,7,25,53,12,3,100,3,103
2114845,5,47,68,13,8,141,6,147
2114846,0,0,0,0,0,0,0,0
2114847,0,0,0,0,0,0,0,0
2114848,6,33,42,10,9,100,0,100
2114849,8,44,51,7,3,113,3,116
2114850,8,83,57,15,0,163,0,163
2114851,4,16,44,6,9,79,0,79
2114852,11,37,50,15,3,116,5,121
2114901,14,41,61,10,3,129,3,132
2114902,7,38,51,19,8,123,3,126
2114903,4,39,43,15,3,104,0,104
2114904,33,66,59,18,7,183,6,189
2114905,22,72,58,11,3,166,4,170
2114906,14,53,67,23,9,166,4,170
2114907,20,79,58,12,0,169,4,173
2114908,19,70,64,17,10,180,0,180
2114909,4,82,58,28,10,182,4,186
2114910,5,39,56,23,5,128,0,128
2114911,8,35,46,10,7,106,0,106
2114912,19,58,41,6,6,130,4,134
2114913,0,42,44,14,7,107,0,107
2114914,7,39,63,14,5,128,0,128
2114915,11,33,37,9,6,96,3,99
2114916,5,53,74,14,9,155,5,160
2114917,0,35,55,19,8,117,0,117
2114918,10,82,82,16,4,194,3,197
2114919,10,58,72,24,5,169,3,172
2114920,3,48,65,16,6,138,3,141
2114921,3,19,47,9,3,81,0,81
2114922,7,51,33,19,0,110,4,114
2114923,0,17,31,13,5,66,3,69
2114924,12,51,67,14,4,148,0,148
2114925,3,23,40,18,3,87,3,90
2114926,7,31,44,14,7,103,0,103
2114927,11,37,39,10,4,101,4,105
2114928,20,76,64,18,8,186,3,189
2114929,5,31,61,26,8,131,3,134
2114930,5,53,76,23,9,166,3,169
2114931,9,53,62,22,5,151,3,154
2114932,0,52,78,23,15,168,3,171
2114933,4,5,35,6,3,53,4,57
2114934,14,84,66,23,8,195,3,198
2114935,12,86,99,17,5,219,3,222
2114936,6,41,73,10,7,137,0,137
2114937,3,30,34,23,3,93,3,96
2114938,0,13,13,3,4,33,0,33
2114939,6,70,81,14,7,178,0,178
2114940,5,61,67,18,9,160,5,165
2114941,6,62,90,22,9,189,5,194
2114942,17,41,48,14,6,126,0,126
2114943,6,46,65,24,11,152,3,155
2114944,13,68,84,18,5,188,4,192
2114945,10,32,38,7,4,91,4,95
2114946,14,75,94,28,7,218,3,221
2114947,6,40,56,21,7,130,0,130
2114948,0,27,50,13,4,94,0,94
2114949,8,43,60,17,6,134,3,137
2115001,0,33,53,11,7,104,0,104
2115002,5,55,76,29,11,176,8,184
2115003,0,41,73,19,6,139,3,142
2115004,26,80,45,3,3,157,6,163
2115005,0,32,73,19,4,128,6,134
2115006,5,55,72,17,9,158,3,161
2115007,3,16,36,12,0,67,0,67
2115008,3,33,36,4,0,76,3,79
2115009,0,28,56,25,6,115,0,115
2115010,11,58,69,23,10,171,3,174
2115011,3,28,68,13,4,116,0,116
2115012,10,56,61,11,0,138,3,141
2115013,17,70,83,28,10,208,3,211
2115014,3,38,44,15,10,110,0,110
2115015,13,75,88,27,4,207,6,213
2115016,3,39,67,18,4,131,3,134
2115017,3,20,51,14,13,101,3,104
2115018,10,44,61,24,7,146,3,149
2115019,6,45,64,20,10,145,6,151
2115020,8,40,85,15,12,160,3,163
2115021,6,55,97,24,18,200,0,200
2115022,8,39,98,19,4,168,0,168
2115023,8,52,67,6,8,141,3,144
2115024,11,40,61,14,5,131,6,137
2115025,5,38,57,13,6,119,0,119
2115026,11,60,99,18,13,201,4,205
2115027,28,234,142,26,6,436,9,445
2115028,0,17,32,7,0,56,4,60
2115029,5,51,76,23,10,165,3,168
2115030,12,43,55,10,4,124,3,127
2115031,12,53,67,15,7,154,3,157
2115032,11,59,76,14,7,167,0,167
2115033,3,38,55,11,3,110,3,113
2115034,0,36,46,15,7,104,4,108
2115035,6,21,33,12,5,77,3,80
2115036,3,57,49,14,4,127,0,127
2115037,4,29,42,7,9,91,0,91
2115038,0,18,52,13,9,92,4,96
2115101,22,99,91,16,4,232,7,239
2115102,17,58,37,15,4,131,0,131
2115103,22,75,48,12,5,162,0,162
2115104,26,76,77,11,3,193,0,193
2115105,49,110,57,8,6,230,6,236
2115106,33,118,65,9,3,228,4,232
2115107,7,58,61,16,12,154,3,157
2115108,9,63,37,5,3,117,0,117
2115109,29,74,52,15,3,173,7,180
2115110,0,25,38,24,6,93,4,97
2115111,6,57,55,17,4,139,3,142
2115112,15,56,22,4,0,97,4,101
2115113,36,136,88,12,4,276,4,280
2115114,51,124,58,11,5,249,6,255
2115115,17,38,36,5,5,101,5,106
2115116,159,108,37,7,3,314,5,319
2115117,91,59,22,5,9,186,3,189
2115118,49,104,42,3,0,198,3,201
2115119,83,125,57,3,5,273,5,278
2115120,34,37,24,8,3,106,4,110
2115121,49,108,68,11,7,243,7,250
2115122,37,104,38,4,7,190,4,194
2115123,68,95,33,9,3,208,3,211
2115124,7,30,34,10,6,87,0,87
2115125,23,100,57,9,6,195,0,195
2115126,23,52,48,9,3,135,0,135
2115127,25,73,50,10,5,163,3,166
2115128,51,134,60,7,10,262,3,265
2115129,11,48,45,21,12,137,0,137
2115130,4,25,54,19,6,108,7,115
2115131,6,39,45,22,12,124,0,124
2115132,0,9,35,8,7,59,4,63
2115133,17,77,69,25,8,196,0,196
2115134,20,74,57,16,8,175,3,178
2115135,8,65,58,5,0,136,3,139
2115136,0,26,37,18,5,86,3,89
2115137,22,74,86,10,4,196,4,200
2115138,23,66,45,21,4,159,8,167
2115139,71,156,53,8,5,293,9,302
2115140,60,92,18,4,5,179,8,187
2115141,60,68,13,0,3,144,3,147
2115142,30,101,58,11,0,200,3,203
2115143,18,70,56,19,3,166,3,169
2115144,60,117,65,10,0,252,5,257
2115145,10,70,49,5,0,134,0,134
2115146,40,96,42,11,3,192,3,195
2115147,22,107,78,14,4,225,0,225
2115201,72,108,79,8,3,270,19,289
2115202,8,42,70,16,4,140,5,145
2115203,7,50,35,6,3,101,0,101
2115204,3,24,47,20,13,107,0,107
2115205,12,81,75,14,3,185,3,188
2115206,9,52,90,16,14,181,5,186
2115207,39,96,61,10,0,206,3,209
2115208,22,62,42,5,3,134,3,137
2115209,10,64,35,12,0,121,3,124
2115210,10,52,76,19,3,160,3,163
2115211,19,89,53,13,6,180,3,183
2115212,21,65,47,8,3,144,10,154
2115213,14,45,42,6,3,110,4,114
2115214,10,26,52,17,9,114,3,117
2115215,56,98,44,5,4,207,9,216
2115216,24,68,59,10,3,164,3,167
2115217,19,76,44,5,3,147,4,151
2115218,3,47,73,13,8,144,4,148
2115219,20,81,53,13,5,172,0,172
2115220,32,141,74,6,3,256,11,267
2115221,8,59,22,9,0,98,3,101
2115222,44,127,74,15,12,272,4,276
2115223,16,53,49,15,0,133,6,139
2115224,34,74,92,9,5,214,5,219
2115225,5,40,38,11,9,103,5,108
2115226,5,53,72,17,10,157,3,160
2115227,88,153,40,5,0,286,7,293
2115228,11,53,71,14,11,160,6,166
2115229,7,47,93,21,3,171,3,174
2115230,6,37,76,12,14,145,0,145
2115231,37,119,41,6,3,206,12,218
2115301,10,50,51,11,6,128,3,131
2115302,3,42,47,23,8,123,4,127
2115303,10,90,59,12,4,175,0,175
2115304,18,87,55,10,3,173,3,176
2115305,11,50,53,22,9,145,4,149
2115306,3,94,82,22,3,204,3,207
2115307,3,26,61,21,0,111,0,111
2115308,9,57,85,36,14,201,3,204
2115309,3,33,78,31,14,159,4,163
2115310,7,26,56,14,9,112,3,115
2115311,17,45,54,15,10,141,0,141
2115312,5,34,56,12,8,115,4,119
2115313,17,97,66,10,7,197,7,204
2115314,30,59,40,0,3,132,5,137
2115315,9,76,50,5,3,143,3,146
2115316,48,140,57,10,7,262,3,265
2115317,44,126,65,11,3,249,11,260
2115318,11,36,50,21,10,128,0,128
2115319,6,33,42,10,4,95,3,98
2115320,4,43,61,28,11,147,0,147
2115321,6,42,58,25,14,145,3,148
2115322,6,46,84,26,11,173,3,176
2115323,0,38,34,15,7,94,0,94
2115324,14,92,47,14,10,177,14,191
2115325,3,56,61,24,13,157,7,164
2115326,4,47,65,17,7,140,3,143
2115327,6,41,65,13,4,129,3,132
2115328,3,36,64,20,11,134,3,137
2115329,3,32,43,20,7,105,3,108
2115330,7,40,52,19,11,129,4,133
2115331,24,123,79,15,3,244,0,244
2115332,4,28,50,13,9,104,5,109
2115333,6,35,56,11,7,115,3,118
2115334,8,52,73,18,6,157,3,160
2115335,13,64,64,14,7,162,5,167
2115336,18,73,59,8,6,164,8,172
2115337,3,31,51,8,3,96,4,100
2115338,17,55,61,8,4,145,0,145
2115339,8,65,60,19,5,157,6,163
2115340,9,26,39,23,7,104,0,104
2115341,17,63,52,12,5,149,7,156
2115342,10,60,58,14,0,142,6,148
2115343,19,68,57,12,5,161,3,164
2115344,18,85,50,10,5,168,6,174
2115345,24,69,41,9,0,143,5,148
2115346,6,50,63,23,17,159,6,165
2115347,0,42,52,21,4,119,4,123
2115348,4,56,53,30,7,150,3,153
2115349,21,79,66,20,3,189,4,193
2115350,11,52,60,9,3,135,0,135
2115351,3,46,50,22,11,132,3,135
2115352,4,26,36,9,3,78,0,78
2115353,0,27,52,9,11,99,0,99
2115354,6,61,58,21,6,152,3,155
2115355,0,0,0,0,0,0,0,0
2115356,13,45,52,8,3,121,5,126
2115357,9,23,38,22,0,92,0,92
2115401,7,24,51,15,4,101,0,101
2115402,13,57,42,6,0,118,0,118
2115403,11,62,45,17,5,140,4,144
2115404,12,68,58,9,6,153,4,157
2115405,0,17,48,9,6,80,8,88
2115406,8,39,37,13,3,100,5,105
2115407,11,31,49,16,4,111,0,111
2115408,8,33,60,14,8,123,6,129
2115409,7,73,56,15,4,155,3,158
2115410,18,65,76,11,3,173,3,176
2115411,5,54,86,13,10,168,6,174
2115412,11,60,84,24,7,186,5,191
2115413,6,24,70,13,8,121,3,124
2115414,3,22,46,7,11,89,5,94
2115415,3,19,38,7,4,71,5,76
2115416,8,40,66,16,6,136,0,136
2115417,14,62,64,12,3,155,4,159
2115418,0,0,0,0,0,0,0,0
2115501,10,44,64,8,9,135,3,138
2115502,6,37,51,9,5,108,4,112
2115503,3,68,91,24,11,197,0,197
2115504,5,32,48,18,8,111,0,111
2115505,6,50,33,6,3,98,3,101
2115506,19,48,43,8,13,131,15,146
2115507,5,25,42,11,0,83,0,83
2115508,0,32,76,21,0,129,0,129
2115509,0,29,39,27,15,110,3,113
2115510,4,49,80,27,5,165,0,165
2115511,16,64,72,24,11,187,8,195
2115512,7,47,52,13,7,126,4,130
2115513,0,40,37,12,5,94,3,97
2115514,11,45,77,22,6,161,3,164
2115515,5,12,40,8,10,75,3,78
2115516,3,26,36,14,4,83,0,83
2115517,4,23,45,20,5,97,0,97
2115518,7,62,43,17,5,134,0,134
2115519,0,19,58,18,8,103,3,106
2115520,13,44,46,14,7,124,6,130
2115521,17,62,41,11,4,135,0,135
2115522,29,88,78,15,14,224,10,234
2115523,0,29,36,12,4,81,0,81
2115524,5,43,52,14,14,128,0,128
2115525,12,76,53,15,6,162,7,169
2115526,12,54,91,19,7,183,0,183
2115527,3,14,42,5,3,67,3,70
2115528,8,43,65,15,3,134,4,138
2115529,6,25,34,10,9,84,0,84
2115530,3,54,71,25,7,160,0,160
2115531,11,46,47,13,5,122,0,122
2115532,12,76,65,12,0,165,4,169
2115533,6,47,51,21,7,132,3,135
2115534,8,54,74,26,14,176,0,176
2115535,12,53,47,16,6,134,3,137
2115536,8,49,45,4,3,109,4,113
2115537,3,40,43,7,4,97,0,97
2115538,6,31,44,9,7,97,3,100
2115539,5,32,37,10,3,87,0,87
2115540,7,51,62,21,9,150,0,150
2115541,3,25,34,16,6,84,4,88
2115542,13,67,53,13,9,155,3,158
2115543,0,12,27,15,8,62,3,65
2115601,4,40,65,14,6,129,4,133
2115602,7,70,87,28,8,200,3,203
2115603,13,101,97,19,7,237,0,237
2115604,11,40,45,18,3,117,3,120
2115605,12,80,92,19,11,214,4,218
2115606,0,0,0,0,0,0,0,0
2115607,8,24,41,8,3,84,5,89
2115608,0,3,0,0,0,3,0,3
2115609,5,53,85,21,9,173,6,179
2115610,3,42,91,23,14,173,3,176
2115611,5,28,55,32,4,124,0,124
2115612,0,16,70,12,4,102,0,102
2115613,22,71,81,22,14,210,10,220
2115614,3,12,44,19,13,91,0,91
2115615,8,53,100,26,5,192,5,197
2115616,7,39,42,15,4,107,8,115
2115617,7,44,67,18,5,141,3,144
2115618,9,43,68,24,16,160,3,163
2115619,18,98,82,25,4,227,8,235
2115620,3,34,82,28,14,161,0,161
2115621,11,47,61,36,16,171,4,175
2115622,13,55,42,17,4,131,4,135
2115623,6,55,55,15,8,139,3,142
2115624,10,41,60,8,3,122,4,126
2115625,14,51,75,18,4,162,3,165
2115626,17,55,51,7,7,137,4,141
2115627,4,32,57,14,7,114,0,114
2115628,7,41,50,14,7,119,8,127
2115701,41,167,71,3,3,285,12,297
2115702,6,22,44,17,9,98,3,101
2115703,8,53,87,25,7,180,8,188
2115704,0,38,60,20,4,122,4,126
2115705,10,43,55,20,5,133,3,136
2115706,10,57,55,13,4,139,4,143
2115707,7,50,76,31,13,177,7,184
2115708,15,81,87,14,6,203,6,209
2115709,7,50,59,26,5,147,3,150
2115710,5,50,96,29,10,190,3,193
2115711,6,42,58,15,4,125,3,128
2115712,12,96,76,22,4,210,4,214
2115713,6,51,35,11,4,107,3,110
2115714,3,27,46,19,6,101,3,104
2115715,17,55,85,23,16,196,3,199
2115716,3,31,82,29,18,163,3,166
2115717,0,35,63,26,12,136,4,140
2115718,3,27,53,13,10,106,5,111
2115719,0,0,0,0,0,0,0,0
2115720,5,54,62,8,7,136,0,136
2115721,5,39,49,17,8,118,5,123
2115722,8,49,38,9,5,109,4,113
2115723,15,51,52,18,4,140,3,143
2115724,13,58,58,21,13,163,5,168
2115725,32,102,45,10,10,199,6,205
2115726,7,44,47,22,6,126,4,130
2115727,9,51,43,22,6,131,3,134
2115728,6,32,49,10,7,104,0,104
2115729,8,45,68,23,6,150,3,153
2115730,9,53,46,13,3,124,3,127
2115731,5,72,81,24,6,188,0,188
2115732,15,56,96,24,12,203,10,213
2115733,4,52,103,27,20,206,4,210
2115734,9,59,92,26,12,198,6,204
2115735,3,30,61,16,6,116,3,119
2115736,20,92,50,7,0,169,6,175
2115737,6,46,86,37,3,178,3,181
2115738,8,64,47,16,6,141,3,144
2115739,6,33,47,12,10,108,10,118
2115740,5,26,38,11,4,84,3,87
2115741,3,36,66,17,13,135,5,140
2115742,12,51,78,17,11,169,3,172
2115743,9,72,50,19,6,156,13,169
2115744,3,43,40,8,9,103,4,107
2115745,0,42,57,12,5,116,3,119
2115746,15,47,60,23,3,148,3,151
2115801,0,24,46,24,3,97,0,97
2115802,7,26,66,17,8,124,0,124
2115803,4,20,83,33,25,165,0,165
2115804,20,90,53,12,4,179,7,186
2115805,9,39,56,8,4,116,4,120
2115806,17,44,51,18,3,133,3,136
2115807,6,42,59,18,5,130,3,133
2115808,4,21,50,12,6,93,0,93
2115809,4,41,62,11,4,122,8,130
2115810,3,34,36,8,7,88,3,91
2115811,12,65,68,9,7,161,0,161
2115812,3,61,73,24,4,165,0,165
2115813,3,36,88,23,22,172,0,172
2115814,0,32,55,16,3,106,4,110
2115815,0,33,62,17,11,123,3,126
2115816,4,53,85,16,6,164,0,164
2115817,4,46,31,11,3,95,0,95
2115818,18,92,60,20,0,190,0,190
2115819,7,34,51,17,3,112,0,112
2115820,8,73,62,23,7,173,4,177
2115821,8,51,52,19,3,133,3,136
2115822,15,52,42,6,6,121,3,124
2115823,8,32,29,6,6,81,4,85
2115824,7,68,45,4,7,131,0,131
2115825,6,34,28,5,3,76,3,79
2115826,0,35,49,12,10,106,0,106
2115827,3,36,69,12,8,128,0,128
2115828,12,66,111,26,6,221,10,231
2115829,0,33,92,19,3,147,0,147
2115830,3,33,46,13,6,101,0,101
2115831,9,61,53,9,7,139,7,146
2115832,0,41,71,34,8,154,4,158
2115833,0,30,81,26,16,153,3,156
2115834,4,38,82,36,26,186,0,186
2115835,0,16,54,20,7,97,0,97
2115836,4,34,86,26,18,168,3,171
2115837,5,26,65,32,13,141,0,141
2115838,3,21,55,15,15,109,0,109
2115839,0,12,51,15,17,95,0,95
2115840,7,48,86,18,8,167,3,170
2115841,0,49,77,16,4,146,9,155
2115842,9,58,76,14,6,163,5,168
2115843,12,64,65,11,4,156,4,160
2115844,22,100,84,32,7,245,7,252
2115845,3,14,66,33,21,137,0,137
2115846,3,15,35,20,10,83,0,83
2115847,0,12,32,16,18,78,0,78
2115848,0,36,66,30,26,158,0,158
2115849,0,27,39,10,9,85,0,85
2115850,4,59,47,17,9,136,0,136
2115851,7,45,68,15,0,135,0,135
2115852,11,36,56,22,11,136,0,136
2115853,9,60,49,8,0,126,5,131
2115854,9,64,64,19,0,156,3,159
2115855,21,68,48,7,3,147,5,152
2115856,11,51,29,5,3,99,3,102
2115857,0,27,65,30,12,134,0,134
2115858,3,30,72,20,8,133,3,136
2115859,7,56,58,24,12,157,3,160
2115860,3,43,84,30,25,185,0,185
2115861,0,37,50,14,9,110,0,110
2115862,22,76,40,12,10,160,9,169
2115863,8,45,66,17,0,136,5,141
2115864,3,48,72,29,9,161,5,166
2115865,13,92,103,24,3,235,3,238
2115866,0,0,0,0,0,0,0,0
2115867,5,40,53,4,5,107,3,110
2115868,0,15,39,16,7,77,0,77
2115869,6,50,55,14,4,129,3,132
2115901,3,42,83,33,14,175,3,178
2115902,3,21,29,17,10,80,3,83
2115903,0,22,55,12,10,99,0,99
2115904,3,38,79,32,10,162,0,162
2115905,0,24,67,28,27,146,3,149
2115906,10,83,58,13,9,173,3,176
2115907,0,25,90,26,11,152,4,156
2115908,0,10,24,19,24,77,0,77
2115909,3,16,56,22,3,100,0,100
2115910,3,27,88,37,16,171,3,174
2115911,4,51,54,27,10,146,0,146
2115912,0,38,82,18,11,149,6,155
2115913,5,26,47,10,0,88,0,88
2115914,6,30,47,16,6,105,0,105
2115915,0,29,61,17,15,122,3,125
2115916,3,4,40,30,23,100,0,100
2115917,0,30,64,29,8,131,0,131
2115918,0,22,54,23,12,111,0,111
2115919,4,8,41,14,29,96,0,96
2115920,4,45,80,27,14,170,0,170
2115921,3,30,75,37,17,162,10,172
2115922,3,25,79,23,10,140,0,140
2115923,4,31,44,16,6,101,0,101
2115924,0,18,72,34,18,142,0,142
2115925,0,0,0,0,0,0,0,0
2115926,0,28,69,34,23,154,3,157
2115927,0,19,58,24,5,106,3,109
2115928,0,12,36,20,18,86,0,86
2115929,0,16,47,10,11,84,0,84
2115930,0,18,56,25,15,114,4,118
2115931,6,16,45,21,8,96,3,99
2115932,0,3,26,9,6,44,0,44
2115933,11,84,88,13,5,201,8,209
2115934,11,62,63,25,17,178,3,181
2115935,0,4,36,16,12,68,0,68
2115936,48,70,27,12,20,177,5,182
2115937,0,13,41,16,4,74,3,77
2115938,0,32,57,27,14,130,3,133
2115939,0,15,83,30,15,143,0,143
2115940,4,23,41,14,13,95,0,95
2115941,0,22,75,32,9,138,3,141
2115942,4,17,70,20,11,122,3,125
2115943,0,16,59,24,25,124,0,124
2115944,0,4,24,12,19,59,3,62
2116001,0,25,53,9,4,91,0,91
2116002,12,50,75,28,9,174,3,177
2116003,4,38,57,27,11,137,3,140
2116004,0,37,50,15,5,107,5,112
2116005,0,20,35,14,5,74,0,74
2116006,9,49,90,24,5,177,3,180
2116007,5,35,92,19,10,161,0,161
2116008,3,34,65,32,14,148,4,152
2116009,8,46,45,10,7,116,0,116
2116010,3,32,45,11,8,99,3,102
2116011,4,42,65,19,4,134,3,137
2116012,7,50,64,8,5,134,4,138
2116013,9,43,81,27,3,163,5,168
2116014,3,31,76,44,18,172,7,179
2116015,0,16,54,14,6,90,3,93
2116016,4,30,62,20,12,128,3,131
2116017,3,60,88,27,11,189,5,194
2116018,0,23,40,6,3,72,0,72
2116019,9,68,82,16,3,178,4,182
2116020,3,33,52,15,4,107,4,111
2116021,3,24,43,11,12,93,0,93
2116022,5,45,56,15,8,129,3,132
2116023,12,82,81,14,13,202,6,208
2116024,4,62,76,23,8,173,6,179
2116025,10,78,111,28,11,238,8,246
2116026,0,33,59,24,12,128,3,131
2116027,3,38,82,30,6,159,0,159
2116028,5,44,75,12,9,145,4,149
2116029,5,28,56,13,14,116,0,116
2116030,6,14,46,13,5,84,3,87
2116031,11,55,85,19,4,174,3,177
2116032,7,62,72,18,8,167,9,176
2116033,0,28,33,14,5,80,0,80
2116101,10,36,46,16,0,108,4,112
2116102,12,71,88,13,7,191,4,195
2116103,15,62,67,17,3,164,3,167
2116104,3,53,55,12,3,126,6,132
2116105,4,73,94,21,7,199,5,204
2116106,13,66,49,18,5,151,3,154
2116107,9,69,64,13,3,158,8,166
2116108,5,38,48,13,3,107,7,114
2116109,9,57,73,22,8,169,4,173
2116110,4,35,45,10,3,97,4,101
2116111,6,60,101,22,9,198,0,198
2116112,3,67,54,9,8,141,0,141
2116113,4,26,34,12,0,76,3,79
2116114,16,80,38,7,3,144,3,147
2116115,8,46,66,13,5,138,3,141
2116116,11,65,66,18,10,170,5,175
2116117,25,118,81,19,8,251,3,254
2116118,10,66,73,19,9,177,5,182
2116119,5,43,71,19,5,143,3,146
2116120,21,62,54,12,3,152,4,156
2116121,11,71,84,37,17,220,5,225
2116122,6,55,56,20,9,146,3,149
2116123,12,71,96,18,11,208,0,208
2116124,4,73,87,24,8,196,3,199
2116125,4,39,63,15,6,127,3,130
2116126,0,32,44,17,0,93,5,98
2116127,14,64,70,18,5,171,3,174
2116128,6,64,67,18,8,163,0,163
2116129,9,50,65,16,8,148,4,152
2116130,13,78,63,9,3,166,3,169
2116131,14,73,68,21,9,185,4,189
2116132,9,69,72,14,11,175,4,179
2116133,3,38,31,10,3,85,0,85
2116134,3,42,59,20,7,131,5,136
2116135,16,98,75,22,7,218,4,222
2116136,16,98,101,17,9,241,4,245
2116137,20,51,37,10,3,121,0,121
2116138,24,120,42,12,7,205,3,208
2116139,10,84,69,20,4,187,4,191
2116140,7,54,41,8,3,113,4,117
2116141,10,56,54,12,4,136,3,139
2116142,15,116,69,13,6,219,5,224
2116143,18,94,54,16,0,182,0,182
2116144,0,0,0,0,0,0,0,0
2116145,7,47,60,24,9,147,7,154
2116201,5,43,58,19,7,132,4,136
2116202,6,45,61,10,4,126,0,126
2116203,35,86,45,10,8,184,12,196
2116204,11,54,59,7,8,139,5,144
2116205,10,43,43,11,4,111,0,111
2116206,16,72,61,40,12,201,3,204
2116207,8,45,45,18,5,121,3,124
2116208,8,54,84,12,13,171,0,171
2116209,9,38,43,13,5,108,3,111
2116210,18,66,96,17,8,205,4,209
2116211,7,60,86,19,3,175,5,180
2116212,0,37,59,22,8,126,5,131
2116213,6,58,86,23,7,180,5,185
2116214,7,52,66,22,6,153,4,157
2116215,21,48,36,12,9,126,5,131
2116216,4,35,27,9,4,79,4,83
2116217,84,65,4,0,0,153,18,171
2116218,9,60,83,10,6,168,4,172
2116219,4,46,87,16,11,164,3,167
2116220,3,31,60,9,3,106,0,106
2116221,9,89,105,16,14,233,8,241
2116222,15,61,40,13,10,139,4,143
2116223,21,45,55,11,3,135,4,139
2116224,6,27,48,12,5,98,4,102
2116225,25,62,75,10,3,175,5,180
2116301,8,37,53,12,4,114,6,120
2116302,13,45,44,7,6,115,0,115
2116303,27,52,36,6,3,124,6,130
2116304,32,83,58,7,9,189,4,193
2116305,39,65,27,8,3,142,4,146
2116306,41,98,34,3,4,180,0,180
2116307,12,47,55,10,6,130,0,130
2116308,42,120,64,6,3,235,7,242
2116309,12,50,69,23,3,157,6,163
2116310,17,52,49,8,0,126,3,129
2116311,49,116,51,8,3,227,9,236
2116312,47,75,17,0,0,139,6,145
2116313,22,51,34,7,3,117,6,123
2116314,23,66,56,8,3,156,4,160
2116315,27,98,95,16,6,242,9,251
2116316,33,85,58,25,10,211,3,214
2116317,130,106,33,4,0,273,14,287
2116318,40,63,39,20,6,168,10,178
2116319,13,56,87,22,3,181,6,187
2116320,8,44,56,11,9,128,4,132
2116321,21,33,55,15,9,133,5,138
2116322,31,95,37,10,3,176,11,187
2116323,22,39,38,4,3,106,6,112
2116324,44,43,44,11,3,145,3,148
2116325,9,32,29,12,4,86,4,90
2116326,14,55,48,13,6,136,3,139
2116327,6,48,59,14,3,130,3,133
2116328,5,54,51,16,5,131,4,135
2116329,11,48,62,14,6,141,3,144
2116330,5,80,102,9,11,207,4,211
2116331,13,45,41,8,0,107,5,112
2116332,14,43,42,13,6,118,6,124
2116333,4,64,69,20,0,157,3,160
2116334,15,47,27,8,3,100,4,104
2116335,89,126,25,3,6,249,8,257
2116336,44,97,69,9,0,219,7,226
2116337,13,54,38,6,0,111,5,116
2116338,33,43,32,3,3,114,0,114
2116339,14,47,24,6,4,95,5,100
2116340,24,49,35,5,0,113,4,117
2116341,14,58,33,7,4,116,0,116
2116401,7,51,99,16,7,180,4,184
2116402,3,57,81,12,7,160,3,163
2116403,9,55,42,12,8,126,0,126
2116404,7,78,88,16,9,198,3,201
2116405,6,52,77,16,7,158,0,158
2116406,9,41,55,11,7,123,6,129
2116407,8,68,97,20,8,201,3,204
2116408,21,71,39,13,0,144,5,149
2116409,27,91,45,8,3,174,3,177
2116410,24,96,48,10,4,182,3,185
2116411,12,79,77,12,7,187,3,190
2116412,7,80,107,28,5,227,11,238
2116413,14,69,60,12,9,164,8,172
2116414,22,70,70,11,9,182,8,190
2116415,25,93,65,12,8,203,8,211
2116416,12,95,73,15,3,198,0,198
2116417,19,87,80,17,13,216,7,223
2116418,11,53,53,10,7,134,4,138
2116419,14,59,55,15,11,154,5,159
2116420,11,79,66,14,10,180,6,186
2116421,7,63,52,9,5,136,5,141
2116422,5,43,45,12,3,108,3,111
2116423,18,79,59,12,3,171,3,174
2116424,5,47,36,11,5,104,6,110
2116425,9,45,73,22,5,154,4,158
2116426,7,61,76,8,8,160,0,160
2116427,11,49,92,35,14,201,3,204
2116428,4,45,61,18,6,134,5,139
2116429,18,85,80,9,8,200,3,203
2116430,17,71,55,6,4,153,9,162
2116431,21,77,86,10,4,198,3,201
2116432,10,54,47,10,6,127,3,130
2116433,4,40,68,13,5,130,5,135
2116434,7,38,35,10,7,97,3,100
2116435,12,53,41,17,0,123,3,126
2116436,10,59,90,18,3,180,0,180
2116437,10,34,35,8,5,92,3,95
2116501,8,76,73,17,10,184,4,188
2116502,19,60,63,13,3,158,5,163
2116503,54,125,18,5,0,202,15,217
2116504,11,51,43,13,6,124,3,127
2116505,15,33,42,18,3,111,5,116
2116506,3,47,40,4,4,98,3,101
2116507,7,26,30,9,12,84,0,84
2116508,12,44,31,7,0,94,5,99
2116509,15,39,30,4,4,92,6,98
2116510,20,74,49,11,6,160,5,165
2116511,42,40,36,6,0,124,7,131
2116512,28,49,49,15,0,141,28,169
2116513,44,82,66,11,5,208,9,217
2116514,14,60,45,15,9,143,4,147
2116515,17,41,69,24,4,155,6,161
2116516,9,55,28,7,7,106,5,111
2116517,13,48,68,15,7,151,3,154
2116518,47,120,43,12,0,222,7,229
2116519,49,103,71,18,0,241,11,252
2116520,25,44,41,9,3,122,5,127
2116521,0,39,62,24,3,128,0,128
2116522,5,38,54,16,8,121,5,126
2116523,69,80,60,22,8,239,4,243
2116524,22,56,43,15,5,141,6,147
2116525,0,0,0,0,0,0,0,0
2116526,31,28,14,7,3,83,3,86
2116527,11,26,39,12,5,93,6,99
2116601,18,78,84,15,5,200,11,211
2116602,12,45,47,14,4,122,0,122
2116603,17,62,61,24,9,173,4,177
2116604,12,54,82,25,7,180,4,184
2116605,14,54,78,23,5,174,3,177
2116606,5,29,33,9,4,80,0,80
2116607,11,40,41,10,8,110,0,110
2116608,12,39,47,19,0,117,7,124
2116609,3,29,31,9,0,72,4,76
2116610,7,26,30,9,8,80,4,84
2116611,3,27,39,11,0,80,0,80
2116612,3,28,27,18,5,81,3,84
2116613,7,71,57,20,7,162,11,173
2116614,6,38,67,24,17,152,0,152
2116615,16,38,52,17,6,129,4,133
2116616,3,26,40,3,3,75,3,78
2116617,14,62,60,22,13,171,10,181
2116618,8,47,42,11,0,108,5,113
2116619,12,39,45,13,11,120,4,124
2116620,19,82,74,26,6,207,6,213
2116621,14,76,97,20,10,217,5,222
2116622,5,35,33,14,11,98,6,104
2116623,6,30,29,8,4,77,4,81
2116624,11,41,52,9,3,116,3,119
2116625,16,45,48,11,5,125,5,130
2116626,8,60,64,16,6,154,6,160
2116627,7,57,70,22,9,165,3,168
2116701,25,54,47,16,6,148,8,156
2116702,16,110,72,19,14,231,6,237
2116703,11,49,61,12,3,136,0,136
2116704,9,53,51,18,13,144,6,150
2116705,12,73,61,16,10,172,3,175
2116706,16,89,72,20,12,209,0,209
2116707,6,54,65,19,12,156,5,161
2116708,7,70,65,15,7,164,4,168
2116709,6,38,43,16,11,114,0,114
2116710,5,37,79,16,7,144,0,144
2116711,8,47,32,5,5,97,4,101
2116712,12,52,63,13,5,145,0,145
2116713,4,40,68,19,5,136,3,139
2116714,3,50,75,19,3,150,0,150
2116715,19,95,66,14,9,203,3,206
2116716,4,55,89,26,12,186,0,186
2116717,5,61,78,7,11,162,4,166
2116718,9,42,47,5,15,118,0,118
2116719,7,47,69,17,5,145,4,149
2116720,3,27,26,16,3,75,6,81
2116721,4,26,41,5,6,82,0,82
2116722,4,39,47,16,7,113,0,113
2116723,12,119,75,10,10,226,3,229
2116801,0,0,0,0,0,0,0,0
2116802,4,36,63,20,11,134,3,137
2116803,3,32,60,19,14,128,4,132
2116804,0,25,85,28,10,148,3,151
2116805,8,45,67,15,11,146,3,149
2116806,0,47,108,25,11,191,3,194
2116807,0,29,71,10,5,115,3,118
2116808,5,49,98,34,9,195,5,200
2116809,7,37,88,32,5,169,0,169
2116810,3,38,109,26,9,185,3,188
2116811,6,31,33,14,6,90,5,95
2116812,4,19,50,13,12,98,3,101
2116813,6,48,103,26,10,193,5,198
2116814,3,43,85,17,11,159,3,162
2116815,0,37,67,29,6,139,7,146
2116816,3,28,49,19,7,106,3,109
2116817,6,36,78,24,8,152,3,155
2116818,3,29,65,17,8,122,3,125
2116819,5,38,86,37,12,178,3,181
2116820,3,56,103,29,12,203,5,208
2116821,6,40,66,16,5,133,0,133
2116822,3,27,47,15,3,95,3,98
2116823,13,47,93,17,13,183,0,183
2116824,13,91,91,21,8,224,6,230
2116825,4,45,48,11,9,117,6,123
2116826,17,102,106,14,7,246,8,254
2116827,3,31,49,17,8,108,0,108
2116828,4,42,64,18,14,142,8,150
2116829,0,25,58,15,3,101,0,101
2116830,3,25,46,17,8,99,4,103
2116831,0,23,61,11,3,98,3,101
2116832,9,27,36,8,8,88,5,93
2116901,5,50,68,12,3,138,3,141
2116902,7,46,60,21,10,144,3,147
2116903,16,83,76,13,15,203,7,210
2116904,9,85,82,16,3,195,5,200
2116905,48,53,35,4,4,144,5,149
2116906,3,46,66,8,5,128,5,133
2116907,9,51,88,19,9,176,4,180
2116908,0,27,48,8,4,87,0,87
2116909,5,55,56,12,4,132,7,139
2116910,22,106,105,18,4,255,6,261
2116911,4,45,42,8,5,104,0,104
2116912,18,60,60,9,4,151,7,158
2116913,12,70,87,22,7,198,3,201
2116914,19,83,54,3,4,163,0,163
2116915,31,60,58,18,4,171,5,176
2116916,0,35,48,9,15,107,0,107
2116917,14,91,70,22,3,200,3,203
2116918,6,27,60,24,4,121,3,124
2116919,0,11,37,18,5,71,0,71
2116920,0,21,51,18,9,99,3,102
2116921,4,17,45,22,11,99,3,102
2116922,3,28,50,14,21,116,3,119
2116923,4,44,60,30,12,150,3,153
2116924,7,46,92,32,8,185,0,185
2116925,9,36,81,17,14,157,4,161
2116926,3,33,52,9,8,105,4,109
2116927,16,14,29,4,0,63,0,63
2116928,4,46,60,15,4,129,6,135
2116929,8,64,92,23,4,191,7,198
2116930,8,83,109,20,17,237,0,237
2116931,6,63,81,20,8,178,0,178
2116932,4,38,59,16,7,124,3,127
2116933,5,75,91,20,10,201,5,206
2116934,5,22,50,16,4,97,0,97
2116935,17,63,59,16,12,167,3,170
2116936,4,52,55,14,6,131,4,135
2116937,10,39,48,4,4,105,0,105
2116938,31,113,72,21,9,246,9,255
2116939,0,46,54,18,5,123,6,129
2116940,7,44,52,13,7,123,4,127
2116941,12,56,110,21,7,206,3,209
2116942,8,31,34,10,5,88,6,94
2116943,8,65,53,10,4,140,5,145
2116944,5,29,61,13,5,113,0,113
2116945,5,30,36,14,3,88,3,91
2116946,3,24,42,14,3,86,3,89
2116947,0,16,69,19,8,112,3,115
2116948,3,51,58,20,10,142,9,151
2116949,0,48,65,17,16,146,4,150
2116950,12,71,51,20,3,157,0,157
2116951,3,43,64,18,16,144,8,152
2116952,0,27,40,16,6,89,3,92
2116953,5,44,40,16,6,111,5,116
2117001,3,55,65,20,9,152,3,155
2117002,4,27,55,17,3,106,0,106
2117003,7,42,33,3,6,91,0,91
2117004,8,60,61,15,3,147,0,147
2117005,0,14,31,10,8,63,0,63
2117006,7,67,91,21,6,192,0,192
2117007,3,35,39,10,5,92,4,96
2117008,6,48,50,13,3,120,3,123
2117009,0,31,61,16,3,111,5,116
2117010,14,63,60,5,4,146,4,150
2117011,10,51,61,17,9,148,0,148
2117012,10,45,70,27,3,155,3,158
2117013,4,29,43,6,0,82,8,90
2117014,3,38,62,16,9,128,3,131
2117015,3,23,77,18,3,124,3,127
2117016,8,46,68,8,4,134,3,137
2117017,4,39,73,12,8,136,3,139
2117018,8,44,55,23,3,133,0,133
2117019,30,85,53,14,3,185,18,203
2117020,7,50,56,11,10,134,3,137
2117021,11,54,81,22,11,179,3,182
2117022,13,58,88,15,9,183,7,190
2117023,9,51,82,14,9,165,3,168
2117024,5,30,36,8,6,85,3,88
2117025,5,29,81,31,13,159,0,159
2117026,8,41,92,36,4,181,4,185
2117027,4,25,60,15,5,109,0,109
2117028,7,65,61,18,7,158,4,162
2117029,3,43,64,13,12,135,3,138
2117030,37,52,33,3,3,128,15,143
2117031,5,52,54,19,3,133,3,136
2117032,4,44,65,23,13,149,0,149
2117033,3,47,93,24,14,181,4,185
2117034,3,27,60,31,9,130,0,130
2117035,14,56,53,9,3,135,3,138
2117036,4,34,65,12,7,122,0,122
2117037,6,60,73,24,5,168,5,173
2117038,6,47,72,21,3,149,6,155
2117101,22,99,66,19,8,214,3,217
2117102,10,58,63,22,3,156,0,156
2117103,10,21,59,3,11,104,3,107
2117104,4,24,40,8,0,76,0,76
2117105,3,65,71,9,5,153,9,162
2117106,12,94,82,15,8,211,12,223
2117107,11,48,81,18,3,161,7,168
2117108,17,92,80,17,3,209,4,213
2117109,9,67,70,15,0,161,4,165
2117110,13,92,101,16,5,227,4,231
2117111,25,85,68,14,9,201,8,209
2117112,5,62,68,26,9,170,0,170
2117113,13,59,52,9,3,136,8,144
2117114,7,39,29,6,6,87,4,91
2117115,14,64,97,19,9,203,4,207
2117116,11,84,75,11,7,188,6,194
2117117,7,47,80,22,6,162,8,170
2117118,9,53,71,11,4,148,0,148
2117119,8,66,66,13,5,158,3,161
2117120,6,44,39,11,3,103,6,109
2117121,13,56,42,12,4,127,6,133
2117122,22,62,42,13,6,145,4,149
2117123,38,118,52,11,3,222,12,234
2117201,0,44,78,28,10,160,0,160
2117202,3,29,35,6,3,76,3,79
2117203,25,53,60,14,7,159,0,159
2117204,33,97,81,12,8,231,11,242
2117205,6,34,61,13,12,126,0,126
2117206,7,34,70,16,6,133,7,140
2117207,19,87,87,12,4,209,3,212
2117208,10,59,71,18,10,168,0,168
2117209,6,39,73,21,8,147,3,150
2117210,14,61,72,12,3,162,3,165
2117211,9,39,88,16,9,161,3,164
2117212,17,63,72,14,5,171,3,174
2117213,3,34,55,9,0,101,0,101
2117214,11,63,58,10,0,142,3,145
2117215,21,53,50,9,4,137,5,142
2117216,17,30,48,12,5,112,3,115
2117217,23,76,62,17,3,181,4,185
2117218,50,130,76,15,3,274,22,296
2117219,9,66,80,17,3,175,3,178
2117220,67,89,39,8,0,203,11,214
2117221,57,81,45,12,8,203,12,215
2117222,10,80,89,10,13,202,4,206
2117223,18,56,54,16,7,151,3,154
2117224,18,82,67,21,4,192,7,199
2117225,4,38,76,11,7,136,6,142
2117226,9,43,56,25,11,144,3,147
2117227,7,73,67,15,7,169,4,173
2117228,0,39,94,22,10,165,0,165
2117229,0,43,81,21,9,154,0,154
2117230,29,42,86,15,10,182,6,188
2117231,3,29,58,20,9,119,3,122
2117232,4,45,46,25,4,124,3,127
2117233,7,43,28,5,4,87,0,87
2117234,6,62,46,11,3,128,4,132
2117235,8,37,47,10,0,102,3,105
2117236,3,67,87,18,8,183,5,188
2117237,5,55,35,6,0,101,0,101
2117238,17,77,65,13,7,179,4,183
2117301,6,43,71,7,9,136,4,140
2117302,0,50,88,20,7,165,3,168
2117303,4,78,126,19,12,239,8,247
2117304,0,49,46,15,9,119,0,119
2117305,7,65,58,10,10,150,0,150
2117306,11,65,65,16,4,161,3,164
2117307,8,55,61,5,8,137,6,143
2117308,8,43,60,7,0,118,3,121
2117309,6,68,66,13,4,157,4,161
2117310,3,48,68,15,5,139,4,143
2117311,21,48,26,6,3,104,4,108
2117312,10,69,63,17,0,159,3,162
2117313,4,50,60,11,8,133,0,133
2117314,5,36,76,27,11,155,3,158
2117315,6,33,59,12,9,119,3,122
2117316,5,52,65,18,14,154,4,158
2117317,10,69,62,8,3,152,0,152
2117318,3,30,41,10,6,90,3,93
2117319,6,30,44,15,0,95,3,98
2117320,27,100,54,11,8,200,4,204
2117321,18,47,44,5,5,119,4,123
2117322,23,78,66,12,4,183,11,194
2117323,42,64,24,8,5,143,8,151
2117324,8,31,88,21,7,155,4,159
2117325,0,44,63,10,4,121,3,124
2117326,9,59,93,17,7,185,3,188
2117327,4,32,60,23,4,123,3,126
2117328,7,97,90,18,9,221,8,229
2117329,21,128,92,28,5,274,3,277
2117330,4,43,79,18,10,154,3,157
2117331,4,52,70,23,9,158,0,158
2117332,3,50,88,22,13,176,3,179
2117333,9,61,59,14,9,152,0,152
2117334,6,46,48,13,5,118,4,122
2117335,10,62,77,24,18,191,0,191
2117336,5,69,75,19,9,177,6,183
2117401,20,95,69,17,6,207,10,217
2117402,8,52,69,12,4,145,5,150
2117403,7,38,43,13,5,106,3,109
2117404,13,39,42,12,6,112,0,112
2117405,7,62,71,16,8,164,3,167
2117406,5,51,42,15,3,116,0,116
2117407,5,24,49,12,6,96,6,102
2117408,9,40,48,7,3,107,4,111
2117409,5,61,56,20,3,145,3,148
2117410,11,57,62,16,8,154,4,158
2117411,3,52,62,18,7,142,5,147
2117412,35,106,74,14,0,229,7,236
2117413,0,28,45,14,3,90,3,93
2117414,25,99,94,25,9,252,5,257
2117415,13,30,38,21,8,110,4,114
2117416,9,22,42,13,0,86,0,86
2117417,6,48,72,13,8,147,4,151
2117418,7,51,56,9,4,127,3,130
2117419,10,57,60,14,5,146,8,154
2117420,16,63,63,17,6,165,4,169
2117421,14,83,62,13,7,179,4,183
2117422,20,67,56,19,5,167,6,173
2117423,13,59,82,17,4,175,3,178
2117424,15,93,69,4,3,184,7,191
2117425,10,44,52,7,3,116,3,119
2117426,13,64,60,11,3,151,5,156
2117427,7,54,59,14,5,139,3,142
2117428,12,51,69,19,11,162,3,165
2117429,10,58,59,13,4,144,3,147
2117430,15,58,75,22,8,178,4,182
2117431,9,35,33,3,4,84,3,87
2117432,4,36,41,12,3,96,3,99
2117433,24,51,50,7,3,135,8,143
2117434,34,67,44,11,7,163,5,168
2117435,20,71,52,21,9,173,4,177
2117436,9,45,44,10,11,119,3,122
2117437,7,26,39,15,8,95,4,99
2117438,3,32,47,14,4,100,3,103
2117439,13,91,77,19,4,204,3,207
2117440,7,94,79,11,10,201,10,211
2117441,18,65,60,7,3,153,3,156
2117442,9,49,41,11,10,120,3,123
2117443,7,41,52,13,4,117,0,117
2117444,4,35,49,17,6,111,0,111
2117445,5,29,77,19,6,136,3,139
2117446,12,41,63,16,3,135,7,142
2117447,5,39,62,22,5,133,0,133
2117448,5,63,43,5,0,116,5,121
2117449,106,152,17,0,3,278,22,300
2117450,7,37,57,12,12,125,3,128
2117451,8,35,49,10,5,107,3,110
2117452,9,51,50,11,3,124,0,124
2117501,8,74,81,15,8,186,3,189
2117502,3,62,78,15,8,166,7,173
2117503,11,61,95,15,3,185,3,188
2117504,10,92,79,15,0,196,8,204
2117505,14,63,39,11,8,135,3,138
2117506,5,43,38,7,3,96,0,96
2117507,15,101,101,22,13,252,3,255
2117508,13,73,78,30,7,201,4,205
2117509,12,65,80,29,10,196,3,199
2117510,10,49,78,17,4,158,7,165
2117511,11,42,47,12,12,124,5,129
2117512,5,42,60,15,3,125,8,133
2117513,7,53,83,17,8,168,3,171
2117514,7,68,86,17,4,182,4,186
2117515,17,54,49,11,4,135,6,141
2117516,17,83,74,17,13,204,6,210
2117517,14,54,76,17,0,161,4,165
2117518,22,73,90,29,5,219,6,225
2117519,3,42,61,12,6,124,6,130
2117520,10,41,41,21,3,116,4,120
2117521,7,43,61,13,5,129,6,135
2117522,9,64,93,25,12,203,13,216
2117523,7,50,52,10,4,123,3,126
2117524,5,36,54,16,7,118,3,121
2117525,7,32,50,10,7,106,3,109
2117526,5,70,97,17,8,197,4,201
2117527,6,53,70,10,7,146,7,153
2117528,5,63,74,18,12,172,4,176
2117529,7,36,63,19,13,138,0,138
2117530,8,50,68,21,13,160,4,164
2117531,9,45,54,6,6,120,4,124
2117532,8,64,78,16,5,171,4,175
2117533,9,47,73,14,3,146,7,153
2117534,9,47,56,17,10,139,5,144
2117535,8,51,67,19,6,151,6,157
2117536,14,60,59,17,13,163,8,171
2117537,3,36,52,15,3,109,4,113
2117538,6,39,50,8,3,106,3,109
2117539,5,34,73,20,11,143,7,150
2117540,6,51,73,12,7,149,4,153
2117541,10,52,66,13,12,153,0,153
2117542,11,47,65,18,7,148,10,158
2117543,9,74,106,18,7,214,5,219
2117544,7,58,55,16,5,141,7,148
2117545,11,56,54,13,10,144,9,153
2117546,17,47,47,14,3,128,3,131
2117547,0,28,33,5,4,70,0,70
2117548,10,39,50,7,3,109,3,112
2117549,5,35,51,12,3,106,6,112
2117550,7,33,72,12,3,127,3,130
2117551,11,28,38,16,3,96,3,99
2117552,8,34,47,8,7,104,3,107
2117553,16,58,66,16,8,164,0,164
2117554,7,53,54,12,18,144,3,147
2117555,15,89,73,18,8,203,10,213
2117556,3,39,54,18,8,122,3,125
2117557,3,43,55,19,9,129,0,129
2117558,7,43,62,19,3,134,0,134
2117559,3,61,63,15,3,145,0,145
2117560,3,35,47,10,4,99,3,102
2117561,0,26,34,15,3,78,3,81
2117562,12,73,80,15,3,183,3,186
2117601,6,46,56,3,3,114,3,117
2117602,5,39,102,28,10,184,7,191
2117603,7,73,50,17,3,150,3,153
2117604,13,95,52,12,0,172,3,175
2117605,9,79,80,24,4,196,3,199
2117606,10,43,42,8,8,111,7,118
2117607,10,63,59,4,5,141,0,141
2117608,12,61,78,26,7,184,0,184
2117609,13,44,40,8,4,109,3,112
2117610,21,56,41,7,3,128,0,128
2117611,25,79,37,4,4,149,9,158
2117612,42,161,56,11,6,276,10,286
2117613,38,154,37,11,0,240,10,250
2117614,33,105,51,0,3,192,7,199
2117615,22,109,58,10,6,205,8,213
2117616,61,127,54,12,4,258,7,265
2117617,23,57,30,11,3,124,0,124
2117618,4,31,30,6,4,75,3,78
2117619,33,99,46,9,3,190,3,193
2117620,19,66,36,3,0,124,0,124
2117621,20,68,52,6,3,149,3,152
2117622,30,72,67,8,5,182,3,185
2117623,27,77,50,5,0,159,6,165
2117624,13,78,43,6,3,143,0,143
2117625,34,129,50,14,8,235,9,244
2117626,14,51,27,10,0,102,3,105
2117627,55,78,52,8,5,198,6,204
2117628,32,83,43,10,0,168,5,173
2117629,47,94,38,0,3,182,7,189
2117630,30,93,56,18,5,202,3,205
2117631,52,103,56,7,5,223,7,230
2117632,29,55,41,3,4,132,10,142
2117633,40,127,70,14,4,255,5,260
2117634,45,100,36,8,5,194,3,197
2117635,3,54,27,6,3,93,3,96
2117636,15,96,49,13,4,177,5,182
2117637,19,63,38,9,0,129,3,132
2117638,28,93,36,8,4,169,5,174
2117639,41,59,34,3,3,140,10,150
2117701,36,58,30,4,3,131,7,138
2117702,29,73,65,11,4,182,8,190
2117703,24,72,57,10,5,168,8,176
2117704,21,54,54,4,3,136,0,136
2117705,19,57,45,7,3,131,8,139
2117706,32,56,32,4,5,129,0,129
2117707,18,66,74,18,5,181,4,185
2117708,11,30,57,18,8,124,4,128
2117709,9,29,24,6,5,73,3,76
2117710,39,79,55,14,3,190,14,204
2117711,14,56,58,7,9,144,4,148
2117712,4,53,46,9,10,122,3,125
2117713,7,58,63,13,4,145,3,148
2117714,12,50,55,12,3,132,3,135
2117715,16,43,40,0,3,102,0,102
2117716,4,27,30,10,3,74,0,74
2117717,13,52,53,17,9,144,5,149
2117718,6,42,37,19,4,108,3,111
2117719,7,33,26,4,5,75,0,75
2117720,6,42,25,7,3,83,0,83
2117721,8,48,21,10,3,90,0,90
2117722,27,84,43,12,0,166,4,170
2117723,25,117,47,10,4,203,5,208
2117724,17,56,50,4,5,132,7,139
2117725,24,66,53,7,0,150,3,153
2117726,7,67,39,10,0,123,4,127
2117727,13,53,37,0,5,108,6,114
2117728,9,62,59,9,3,142,3,145
2117729,12,37,46,14,0,109,0,109
2117730,42,70,46,19,15,192,10,202
2117731,8,39,52,14,7,120,0,120
2117732,9,25,38,8,6,86,3,89
2117733,27,51,40,5,3,126,7,133
2117734,13,43,41,13,5,115,4,119
2117735,5,22,54,15,0,96,4,100
2117736,4,23,48,19,16,110,6,116
2117737,5,20,34,14,10,83,3,86
2117738,16,45,51,11,9,132,3,135
2117739,11,24,39,9,4,87,4,91
2117740,16,40,83,35,25,199,3,202
2117741,30,62,55,10,4,161,7,168
2117742,3,34,99,21,11,168,10,178
2117743,11,34,57,16,10,128,10,138
2117744,0,20,27,9,0,56,0,56
2117745,20,81,58,12,3,174,3,177
2117746,22,39,55,8,0,124,3,127
2117747,25,55,48,7,0,135,3,138
2117748,8,34,48,5,0,95,0,95
2117749,17,52,63,11,6,149,4,153
2117750,18,33,41,6,4,102,3,105
2117751,16,53,22,3,0,94,9,103
2117752,27,84,77,22,6,216,11,227
2117753,5,24,51,17,8,105,0,105
2117754,5,29,34,4,0,72,3,75
2117755,31,43,27,3,3,107,5,112
2117801,4,45,36,3,7,95,3,98
2117802,0,26,44,11,3,84,0,84
2117803,22,46,65,12,0,145,10,155
2117804,6,40,76,11,10,143,0,143
2117805,30,83,78,12,6,209,5,214
2117806,9,43,47,10,3,112,3,115
2117807,8,27,44,9,4,92,6,98
2117808,3,28,49,17,3,100,3,103
2117809,5,32,59,14,12,122,3,125
2117810,16,32,55,14,3,120,4,124
2117811,3,17,51,20,7,98,3,101
2117812,8,45,37,8,5,103,3,106
2117813,7,43,46,12,0,108,4,112
2117814,7,43,50,15,7,122,3,125
2117815,14,83,66,28,7,198,3,201
2117816,4,28,34,10,3,79,0,79
2117817,32,81,59,16,4,192,6,198
2117818,12,55,68,15,7,157,7,164
2117819,6,43,44,13,7,113,4,117
2117820,4,28,52,13,6,103,0,103
2117821,11,30,47,14,7,109,0,109
2117822,18,53,41,8,3,123,7,130
2117823,18,53,41,7,0,119,4,123
2117824,16,62,50,13,6,147,11,158
2117825,14,65,44,17,6,146,10,156
2117826,13,79,65,15,7,179,8,187
2117827,10,55,84,18,9,176,4,180
2117828,32,106,51,18,3,210,3,213
2117829,20,74,86,16,6,202,7,209
2117830,11,33,42,3,5,94,4,98
2117831,17,69,60,33,12,191,0,191
2117832,3,29,38,18,8,96,5,101
2117833,15,76,82,25,8,206,6,212
2117834,5,57,71,23,6,162,4,166
2117835,9,37,95,18,4,163,0,163
2117836,3,67,83,17,9,179,5,184
2117837,22,71,49,14,4,160,3,163
2117838,22,85,65,7,4,183,0,183
2117839,12,66,85,19,4,186,3,189
2117840,14,52,63,20,11,160,3,163
2117841,13,43,34,3,3,96,4,100
2117842,0,30,45,13,4,92,3,95
2117843,3,21,30,4,7,65,0,65
2117901,16,60,46,21,4,147,5,152
2117902,4,19,35,11,4,73,3,76
2117903,9,50,43,3,0,105,0,105
2117904,11,91,66,4,6,178,5,183
2117905,13,49,51,15,7,135,8,143
2117906,27,95,58,14,7,201,4,205
2117907,43,94,35,6,3,181,3,184
2117908,12,62,72,8,3,157,0,157
2117909,11,91,71,6,0,179,7,186
2117910,36,116,63,11,9,235,7,242
2117911,24,91,59,12,5,191,4,195
2117912,7,27,22,3,0,59,3,62
2117913,13,40,44,5,4,106,3,109
2117914,6,52,63,18,5,144,4,148
2117915,14,92,92,18,8,224,10,234
2117916,28,80,77,18,8,211,3,214
2117917,12,49,38,17,3,119,6,125
2117918,35,82,42,3,3,165,4,169
2117919,20,64,42,4,3,133,3,136
2117920,26,63,40,7,3,139,3,142
2117921,6,20,9,5,0,40,0,40
2117922,12,54,28,5,3,102,0,102
2117923,48,131,69,3,0,251,10,261
2117924,12,40,28,0,0,80,3,83
2117925,15,55,46,10,0,126,0,126
2117926,21,90,59,8,0,178,4,182
2117927,9,53,44,8,3,117,4,121
2117928,8,40,32,9,0,89,4,93
2118001,11,50,35,14,0,110,8,118
2118002,25,66,33,0,4,128,6,134
2118003,27,83,57,11,3,181,7,188
2118004,30,89,70,13,3,205,4,209
2118005,12,62,32,7,3,116,9,125
2118006,22,60,36,7,9,134,3,137
2118007,37,101,64,5,0,207,4,211
2118008,9,40,43,13,6,111,7,118
2118009,12,34,61,7,0,114,3,117
2118010,12,58,60,12,4,146,0,146
2118011,17,51,44,12,6,130,4,134
2118012,10,60,60,14,4,148,3,151
2118013,11,54,88,18,6,177,0,177
2118014,23,100,76,13,7,219,0,219
2118015,12,34,29,9,0,84,3,87
2118016,22,55,63,17,8,165,4,169
2118017,32,89,32,6,4,163,7,170
2118101,15,66,98,29,8,216,7,223
2118102,11,57,49,25,7,149,4,153
2118103,10,43,57,13,8,131,3,134
2118104,11,37,58,9,10,125,7,132
2118105,0,25,41,12,4,82,5,87
2118106,17,93,84,24,7,225,5,230
2118107,49,118,39,7,8,221,4,225
2118108,38,74,39,4,0,155,3,158
2118109,22,85,35,3,3,148,5,153
2118110,26,90,51,16,3,186,4,190
2118111,23,132,86,12,7,260,4,264
2118112,15,70,56,17,4,162,7,169
2118113,11,40,66,14,8,139,0,139
2118114,18,55,61,16,4,154,0,154
2118115,12,61,49,13,4,139,3,142
2118116,41,138,40,5,3,227,7,234
2118117,63,118,41,3,4,229,7,236
2118118,18,76,72,16,6,188,6,194
2118119,11,46,53,6,0,116,8,124
2118120,19,72,41,8,4,144,0,144
2118201,7,71,71,19,8,176,8,184
2118202,9,50,63,15,0,137,5,142
2118203,62,193,51,4,6,316,5,321
2118204,70,166,80,9,0,325,8,333
2118205,16,56,26,6,4,108,3,111
2118206,28,65,30,3,0,126,8,134
2118207,101,180,39,4,0,324,7,331
2118208,17,65,57,5,5,149,0,149
2118209,31,72,31,0,0,134,3,137
2118210,9,38,44,15,4,110,0,110
2118211,30,84,16,0,0,130,5,135
2118212,41,95,26,3,3,168,6,174
2118213,13,61,65,16,7,162,4,166
2118214,37,122,54,9,0,222,7,229
2118215,4,45,65,10,3,127,6,133
2118216,30,95,49,8,4,186,3,189
2118217,32,76,34,5,0,147,4,151
2118218,43,101,33,3,0,180,3,183
2118219,31,144,64,10,3,252,5,257
2118220,9,64,82,17,5,177,3,180
2118221,8,65,84,19,6,182,5,187
2118222,9,34,56,16,9,124,3,127
2118223,5,40,59,14,3,121,3,124
2118224,21,70,96,12,7,206,9,215
2118225,32,100,87,15,7,241,3,244
2118226,4,63,83,22,9,181,7,188
2118227,23,112,32,6,3,176,5,181
2118301,5,21,40,15,16,97,3,100
2118302,3,49,56,12,3,123,10,133
2118303,0,14,37,15,5,71,0,71
2118304,3,35,87,29,6,160,3,163
2118305,3,70,130,38,13,254,3,257
2118306,4,31,138,54,9,236,4,240
2118307,6,15,78,18,11,128,0,128
2118308,3,21,35,23,4,86,0,86
2118309,3,20,45,8,5,81,0,81
2118310,6,40,82,17,13,158,0,158
2118311,0,26,63,18,9,116,0,116
2118312,5,24,94,34,20,177,0,177
2118313,3,31,69,23,12,138,0,138
2118314,11,137,120,26,10,304,10,314
2118315,0,26,66,25,8,125,3,128
2118316,0,0,0,0,0,0,0,0
2118317,0,0,0,0,0,0,0,0
2118318,5,29,66,19,0,119,0,119
2118319,0,14,97,14,13,138,0,138
2118320,0,0,0,0,0,0,0,0
2118321,0,38,66,28,15,147,3,150
2118401,0,0,0,0,0,0,0,0
2118501,27,61,60,13,7,168,15,183
2118502,3,46,42,6,5,102,5,107
2118503,7,37,60,9,5,118,0,118
2118504,18,95,84,21,5,223,5,228
2118505,16,45,40,11,3,115,4,119
2118506,11,76,78,36,13,214,7,221
2118507,0,18,49,29,11,107,0,107
2118508,0,23,61,31,20,135,3,138
2118509,3,39,80,36,28,186,3,189
2118510,5,64,80,19,4,172,6,178
2118511,15,61,50,15,0,141,5,146
2118512,17,54,68,13,3,155,4,159
2118513,17,54,35,5,3,114,8,122
2118514,19,52,45,0,0,116,5,121
2118515,20,102,85,20,5,232,0,232
2118516,0,19,85,20,19,143,0,143
2118517,0,24,87,13,9,133,4,137
2118518,0,17,56,18,6,97,3,100
2118519,0,0,0,0,0,0,0,0
2118520,3,33,92,37,16,181,7,188
2118521,0,16,62,26,0,104,3,107
2118522,4,37,40,12,11,104,0,104
2118523,23,67,39,5,0,134,13,147
2118524,7,117,125,26,13,288,9,297
2118525,6,67,60,20,9,162,28,190
2118526,8,56,76,11,8,159,7,166
2118527,0,15,55,11,9,90,3,93
2118528,67,79,7,0,0,153,21,174
2118529,0,20,45,18,6,89,3,92
2118530,0,6,40,15,4,65,0,65
2118601,7,41,81,10,0,139,3,142
2118602,0,0,0,0,0,0,0,0
2118603,11,56,69,19,3,158,5,163
2118604,27,92,94,17,5,235,6,241
2118605,37,112,52,15,3,219,11,230
2118606,15,50,57,11,5,138,8,146
2118607,11,57,51,4,9,132,5,137
2118608,22,55,41,4,8,130,7,137
2118609,11,53,30,7,0,101,5,106
2118610,55,113,69,8,4,249,11,260
2118611,24,33,53,9,3,122,0,122
2118612,11,86,59,13,5,174,6,180
2118613,37,108,67,4,4,220,10,230
2118614,6,32,39,8,0,85,3,88
2118615,5,52,45,3,3,108,9,117
2118616,9,74,54,21,12,170,9,179
2118617,17,85,63,18,11,194,7,201
2118618,14,56,80,18,9,177,3,180
2118619,14,50,55,22,5,146,5,151
2118620,16,71,67,10,4,168,5,173
2118621,6,80,91,14,13,204,3,207
2118622,15,80,56,15,8,174,4,178
2118623,43,133,78,15,4,273,10,283
2118624,24,90,34,5,0,153,8,161
2118625,40,148,62,5,3,258,5,263
2118626,10,77,75,16,13,191,5,196
2118627,27,117,51,8,0,203,3,206
2118628,44,96,44,17,0,201,13,214
2118629,11,57,78,9,5,160,4,164
2118630,39,117,71,11,0,238,17,255
2118631,49,114,53,8,4,228,8,236
2118701,5,52,96,30,12,195,7,202
2118702,4,28,26,9,3,70,0,70
2118703,3,40,81,23,10,157,3,160
2118704,21,54,86,22,13,196,7,203
2118705,3,29,30,6,3,71,0,71
2118706,11,51,48,14,4,128,3,131
2118707,4,44,40,13,0,101,6,107
2118708,4,53,87,32,7,183,3,186
2118709,3,48,84,39,12,186,3,189
2118710,8,37,66,22,3,136,4,140
2118711,0,35,72,25,14,146,4,150
2118712,4,26,48,14,8,100,0,100
2118713,40,65,12,3,0,120,9,129
2118801,6,40,57,14,5,122,8,130
2118802,13,56,62,9,4,144,5,149
2118803,10,75,100,23,6,214,3,217
2118804,4,61,85,19,9,178,3,181
2118805,11,76,104,17,7,215,10,225
2118806,16,50,39,8,10,123,3,126
2118807,8,51,53,12,3,127,8,135
2118808,14,63,64,19,12,172,9,181
2118809,23,103,73,6,0,205,6,211
2118810,12,65,84,8,5,174,5,179
2118811,9,113,73,15,4,214,6,220
2118812,7,73,50,18,3,151,3,154
2118813,17,98,64,16,4,199,5,204
2118814,12,51,103,24,10,200,6,206
2118815,0,25,43,8,9,85,5,90
2118816,3,75,92,29,13,212,10,222
2118817,11,59,74,20,6,170,4,174
2118818,9,37,50,10,8,114,0,114
2118819,15,88,78,11,13,205,11,216
2118820,20,86,38,5,0,149,8,157
2118821,7,63,76,25,8,179,10,189
2118822,10,67,68,20,3,168,0,168
2118823,24,92,67,20,0,203,3,206
2118824,28,59,42,13,4,146,7,153
2118825,5,42,69,15,9,140,3,143
2118826,8,35,34,9,3,89,5,94
2118827,6,44,49,11,0,110,3,113
2118828,10,42,52,9,6,119,0,119
2118829,39,113,92,19,7,270,7,277
2118830,27,65,31,8,9,140,5,145
2118831,13,58,53,17,3,144,4,148
2118832,9,57,72,22,7,167,4,171
2118833,13,45,26,7,3,94,9,103
2118834,43,85,39,9,5,181,6,187
2118835,19,65,49,10,0,143,0,143
2118836,42,78,72,15,9,216,10,226
2118837,29,148,67,16,5,265,4,269
2118838,9,42,45,11,4,111,3,114
2118839,9,45,39,9,5,107,3,110
2118840,13,72,64,3,3,155,6,161
2118841,15,88,60,5,4,172,4,176
2118842,4,62,62,10,5,143,5,148
2118843,10,84,43,8,3,148,3,151
2118844,3,35,31,11,6,86,0,86
2118845,7,44,40,16,3,110,0,110
2118846,16,56,45,6,3,126,3,129
2118847,19,69,55,12,0,155,7,162
2118848,10,41,59,10,0,120,3,123
2118849,17,44,28,5,3,97,3,100
2118850,10,41,41,10,0,102,3,105
2118901,15,79,79,24,3,200,10,210
2118902,3,46,85,29,10,173,7,180
2118903,4,63,63,14,6,150,0,150
2118904,7,58,87,11,3,166,5,171
2118905,13,61,43,11,12,140,3,143
2118906,7,55,88,19,9,178,3,181
2118907,17,72,67,9,6,171,3,174
2118908,8,48,52,13,6,127,5,132
2118909,6,51,61,17,5,140,5,145
2118910,8,68,79,16,7,178,6,184
2118911,5,38,52,7,5,107,3,110
2118912,22,90,85,14,6,217,4,221
2118913,12,111,81,12,6,222,4,226
2118914,4,38,42,7,6,97,6,103
2118915,22,70,63,7,3,165,5,170
2118916,9,51,44,10,8,122,8,130
2118917,8,44,71,24,7,154,3,157
2118918,4,32,48,18,4,106,3,109
2118919,4,50,53,16,6,129,3,132
2118920,7,70,101,12,12,202,3,205
2118921,7,38,50,20,7,122,0,122
2118922,3,52,39,6,8,108,0,108
2118923,5,33,50,9,3,100,0,100
2118924,6,34,58,9,3,110,0,110
2118925,5,43,47,13,3,111,4,115
2118926,7,68,88,23,6,192,4,196
2118927,10,43,49,9,6,117,5,122
2118928,7,44,42,8,0,101,4,105
2118929,12,63,38,11,6,130,4,134
2118930,4,34,46,20,8,112,0,112
2119001,5,57,51,5,0,118,0,118
2119002,15,74,53,11,3,156,0,156
2119003,3,64,35,10,3,115,6,121
2119004,19,71,37,12,0,139,3,142
2119005,4,72,32,13,6,127,9,136
2119006,6,45,56,21,5,133,5,138
2119007,14,61,45,9,10,139,0,139
2119008,11,54,49,14,7,135,5,140
2119009,16,51,37,12,4,120,5,125
2119010,18,55,71,16,4,164,0,164
2119011,37,141,54,5,7,244,13,257
2119012,13,54,37,9,3,116,3,119
2119013,12,60,33,9,3,117,0,117
2119014,43,127,72,26,4,272,10,282
2119015,0,4,0,0,0,4,0,4
2119016,5,35,58,15,3,116,4,120
2119017,6,33,51,17,11,118,3,121
2119018,9,30,57,13,10,119,3,122
2119019,23,97,63,16,4,203,6,209
2119020,3,50,52,3,0,108,0,108
2119021,4,38,39,16,9,106,3,109
2119022,10,44,76,19,4,153,8,161
2119023,49,111,38,7,3,208,9,217
2119024,3,40,45,23,15,126,3,129
2119025,28,78,50,9,4,169,6,175
2119026,5,44,45,17,5,116,3,119
2119027,21,62,56,5,0,144,7,151
2119028,10,56,55,12,5,138,4,142
2119029,7,37,48,12,0,104,0,104
2119030,13,72,50,9,4,148,7,155
2119031,4,29,49,15,7,104,0,104
2119032,3,28,45,9,3,88,3,91
2119033,14,55,87,16,11,183,6,189
2119034,6,46,18,6,6,82,3,85
2119101,0,26,78,6,3,113,3,116
2119102,0,18,29,11,8,66,5,71
2119103,0,0,0,0,0,0,0,0
2119104,0,24,66,12,3,105,0,105
2119105,4,41,125,14,11,195,0,195
2119106,7,36,34,10,0,87,0,87
2119107,15,73,63,7,6,164,11,175
2119108,5,70,36,14,0,125,0,125
2119109,14,71,78,14,12,189,6,195
2119110,8,57,60,16,4,145,6,151
2119111,13,54,68,11,6,152,5,157
2119112,9,43,53,12,6,123,7,130
2119113,23,69,54,30,6,182,19,201
2119114,11,32,34,9,3,89,3,92
2119115,27,73,83,22,12,217,7,224
2119116,19,83,71,20,5,198,5,203
2119117,6,26,39,6,3,80,4,84
2119118,3,40,36,12,3,94,3,97
2119119,0,0,3,0,0,3,3,6
2119120,20,55,51,11,5,142,3,145
2119121,8,30,50,12,10,110,7,117
2119122,0,26,67,11,4,108,0,108
2119123,15,41,30,9,4,99,5,104
2119201,0,0,0,0,0,0,0,0
2119301,7,47,50,14,0,118,4,122
2119302,9,68,63,9,3,152,4,156
2119303,11,49,42,12,0,114,3,117
2119304,14,80,98,12,8,212,5,217
2119305,4,46,64,25,3,142,3,145
2119306,0,3,3,0,0,6,0,6
2119307,26,85,47,3,0,161,8,169
2119308,4,33,70,19,3,129,3,132
2119309,15,69,68,19,6,177,4,181
2119310,7,67,62,23,6,165,5,170
2119311,21,79,53,9,3,165,8,173
2119312,13,65,58,14,10,160,4,164
2119313,6,59,65,23,10,163,3,166
2119314,26,112,82,16,7,243,4,247
2119315,7,39,45,9,5,105,6,111
2119316,6,58,78,18,8,168,6,174
2119317,13,74,54,17,4,162,3,165
2119318,5,51,80,9,12,157,6,163
2119319,6,39,56,18,4,123,6,129
2119320,22,75,70,8,5,180,4,184
2119321,21,108,66,7,6,208,11,219
2119322,34,60,37,8,3,142,4,146
2119323,7,39,44,13,7,110,5,115
2119324,38,113,65,12,6,234,13,247
2119325,0,39,112,24,8,183,7,190
2119326,0,34,108,21,9,172,3,175
2119327,28,139,87,13,4,271,6,277
2119328,6,35,72,7,9,129,7,136
2119329,18,60,52,18,6,154,3,157
2119330,29,97,76,12,8,222,3,225
2119331,15,63,55,11,8,152,5,157
2119332,28,87,68,12,8,203,8,211
2119333,8,74,69,9,5,165,3,168
2119334,3,56,60,23,16,158,3,161
2119335,12,85,87,29,10,223,6,229
2119336,38,105,71,16,14,244,14,258
2119337,15,52,52,9,8,136,3,139
2119338,21,88,52,14,13,188,10,198
2119339,17,73,62,13,4,169,9,178
2119340,10,45,76,13,5,149,3,152
2119341,4,45,54,10,3,116,3,119
2119342,10,56,92,18,9,185,0,185
2119343,7,42,69,25,9,152,3,155
2119401,3,43,60,22,8,136,3,139
2119402,30,124,60,13,5,232,6,238
2119403,38,109,49,3,3,202,6,208
2119404,25,71,39,5,4,144,6,150
2119405,48,130,35,3,4,220,5,225
2119406,25,80,30,5,0,140,3,143
2119407,10,55,26,11,0,102,3,105
2119408,15,45,44,9,5,118,3,121
2119409,15,46,49,13,0,123,5,128
2119410,13,71,51,8,6,149,5,154
2119411,25,130,79,13,0,247,3,250
2119412,9,51,49,9,3,121,3,124
2119413,15,54,63,12,5,149,4,153
2119414,7,43,47,12,3,112,3,115
2119415,7,45,56,22,5,135,5,140
2119416,19,74,45,17,8,163,9,172
2119417,5,34,70,19,11,139,0,139
2119418,12,41,61,13,5,132,7,139
2119419,48,181,79,3,5,316,6,322
2119420,6,33,36,10,6,91,0,91
2119421,3,38,40,25,5,111,4,115
2119422,0,58,82,20,23,183,4,187
2119423,18,51,50,15,3,137,4,141
2119424,28,115,45,11,3,202,3,205
2119425,25,99,77,13,8,222,3,225
2119426,16,79,63,10,3,171,3,174
2119427,10,35,33,7,3,88,3,91
2119428,14,63,41,5,4,127,3,130
2119429,32,71,34,4,5,146,6,152
2119430,0,29,53,13,9,104,3,107
2119431,0,41,67,30,23,161,3,164
2119432,26,62,48,17,5,158,5,163
2119433,9,45,48,8,0,110,5,115
2119434,4,82,64,9,6,165,8,173
2119435,8,86,50,21,3,168,5,173
2119436,3,21,64,27,9,124,0,124
2119437,3,20,45,4,0,72,3,75
2119438,8,68,72,20,8,176,3,179
2119439,6,27,54,11,13,111,0,111
2119440,32,108,78,8,0,226,9,235
2119441,6,28,45,8,4,91,3,94
2119442,0,26,58,20,5,109,0,109
2119443,19,100,96,15,7,237,4,241
2119444,5,22,62,21,8,118,0,118
2119445,9,57,30,8,3,107,3,110
2119446,0,18,60,20,10,108,3,111
2119447,5,46,38,18,8,115,3,118
2119448,22,48,33,11,3,117,4,121
2119449,9,38,63,15,4,129,3,132
2119501,6,68,83,12,6,175,3,178
2119502,13,68,35,17,6,139,8,147
2119503,4,22,43,18,8,95,3,98
2119504,8,64,55,18,8,153,3,156
2119505,6,88,86,20,9,209,3,212
2119506,10,38,54,14,5,121,4,125
2119507,17,63,81,17,6,184,5,189
2119508,4,35,41,17,9,106,4,110
2119509,12,55,69,16,9,161,4,165
2119510,15,53,77,21,9,175,4,179
2119511,3,45,79,20,11,158,3,161
2119512,3,27,67,20,8,125,3,128
2119513,4,53,115,19,12,203,3,206
2119514,18,74,76,22,5,195,5,200
2119515,109,96,49,7,8,269,7,276
2119516,88,89,40,4,0,221,7,228
2119517,6,26,51,7,4,94,4,98
2119518,17,63,70,17,3,170,6,176
2119519,15,58,46,6,3,128,3,131
2119520,6,64,97,33,4,204,4,208
2119521,3,43,59,22,10,137,0,137
2119522,8,61,67,17,7,160,7,167
2119523,14,41,47,10,4,116,0,116
2119524,13,37,58,18,3,129,4,133
2119525,10,32,39,16,5,102,3,105
2119526,15,35,44,17,6,117,3,120
2119527,62,62,48,7,0,179,0,179
2119528,6,40,53,8,0,107,0,107
2119529,5,30,50,8,4,97,0,97
2119530,12,64,74,5,4,159,4,163
2119531,12,53,58,11,6,140,5,145
2119532,11,54,52,11,3,131,9,140
2119533,10,76,74,21,6,187,7,194
2119534,30,53,66,9,4,162,0,162
2119535,35,118,43,13,5,214,8,222
2119536,25,49,47,10,3,134,5,139
2119537,17,58,53,16,6,150,9,159
2119538,18,42,30,14,6,110,3,113
2119539,11,43,43,12,3,112,0,112
2119540,14,60,70,27,6,177,4,181
2119541,8,47,56,18,7,136,4,140
2119542,8,34,62,12,9,125,0,125
2119543,4,53,73,12,10,152,12,164
2119544,8,60,67,20,3,158,7,165
2119545,3,30,44,8,3,88,0,88
2119546,3,20,34,15,3,75,0,75
2119547,0,22,23,9,0,54,3,57
2119548,0,21,33,12,6,72,0,72
2119549,4,42,31,11,6,94,5,99
2119601,8,62,64,18,9,161,7,168
2119602,4,60,60,11,8,143,0,143
2119603,8,32,28,5,9,82,0,82
2119604,21,57,45,18,4,145,3,148
2119605,13,68,70,30,7,188,5,193
2119606,15,55,70,18,9,167,12,179
2119607,11,57,55,17,10,150,4,154
2119608,13,64,62,25,12,176,7,183
2119609,6,56,57,12,7,138,5,143
2119610,0,48,79,17,8,152,4,156
2119611,4,33,156,57,18,268,3,271
2119612,0,18,76,47,17,158,4,162
2119613,29,49,71,13,6,168,8,176
2119614,8,23,54,11,15,111,0,111
2119615,9,58,61,8,5,141,10,151
2119616,15,47,59,16,3,140,3,143
2119617,8,73,59,26,12,178,6,184
2119618,21,55,38,12,11,137,10,147
2119619,10,49,45,18,7,129,9,138
2119620,3,44,43,10,3,103,0,103
2119621,5,36,57,9,7,114,0,114
2119622,0,35,56,19,10,120,3,123
2119701,4,53,72,31,15,175,6,181
2119702,3,44,71,16,7,141,3,144
2119703,4,46,86,28,21,185,3,188
2119704,6,51,77,20,20,174,3,177
2119705,15,92,106,24,7,244,10,254
2119706,6,44,73,17,10,150,3,153
2119707,0,38,46,19,10,113,4,117
2119708,0,28,42,13,5,88,3,91
2119709,5,39,66,10,5,125,0,125
2119710,11,61,71,20,18,181,3,184
2119711,15,55,56,18,0,144,5,149
2119712,13,50,39,12,10,124,0,124
2119713,3,29,47,18,16,113,0,113
2119714,0,27,82,17,3,129,3,132
2119715,3,67,95,41,11,217,8,225
2119716,4,22,48,14,4,92,3,95
2119717,0,30,58,16,10,114,0,114
2119718,4,13,53,29,9,108,0,108
2119719,0,10,53,28,13,104,3,107
2119720,41,71,27,17,13,169,13,182
2119721,3,13,60,24,18,118,3,121
2119722,4,15,56,14,20,109,5,114
2119723,0,32,77,29,20,158,0,158
2119724,0,19,88,27,19,153,0,153
2119725,3,32,61,33,20,149,0,149
2119726,3,31,73,15,12,134,0,134
2119727,7,49,65,13,7,141,3,144
2119728,0,44,55,10,10,119,0,119
2119729,11,40,54,18,5,128,4,132
2119730,18,71,69,16,6,180,4,184
2119731,24,66,55,12,7,164,0,164
2119732,0,13,48,18,16,95,5,100
2119733,0,17,51,16,16,100,3,103
2119734,3,8,31,24,22,88,0,88
2119735,0,12,43,28,10,93,3,96
2119736,0,11,38,22,9,80,0,80
2119737,0,9,45,19,14,87,3,90
2119738,3,58,39,6,3,109,0,109
2119739,18,67,74,8,3,170,0,170
2119740,28,106,61,15,6,216,5,221
2119741,14,56,41,5,7,123,3,126
2119742,9,36,38,9,0,92,0,92
2119743,13,77,73,13,3,179,4,183
2119744,9,60,52,25,3,149,3,152
2119745,5,44,60,16,3,128,3,131
2119746,0,17,60,17,13,107,0,107
2119747,3,50,57,8,8,126,0,126
2119748,3,17,27,13,13,73,3,76
2119749,3,33,48,23,13,120,3,123
2119750,16,75,53,19,3,166,5,171
2119751,3,41,66,19,3,132,4,136
2119752,0,10,26,20,12,68,0,68
2119753,4,17,37,16,21,95,3,98
2119801,10,40,51,18,13,132,0,132
2119802,11,67,34,6,5,123,0,123
2119803,19,109,76,19,7,230,4,234
2119804,10,70,40,9,5,134,3,137
2119805,8,61,31,3,4,107,0,107
2119806,15,65,58,11,3,152,8,160
2119807,9,57,78,13,6,163,0,163
2119808,17,112,88,13,3,233,3,236
2119809,8,62,36,4,0,110,3,113
2119810,85,147,61,5,8,306,13,319
2119811,0,42,75,19,8,144,3,147
2119812,0,26,46,13,3,88,3,91
2119813,21,78,62,9,3,173,3,176
2119814,24,108,60,3,5,200,3,203
2119815,8,41,41,14,8,112,6,118
2119816,0,55,45,18,8,126,0,126
2119817,9,63,60,11,3,146,8,154
2119818,9,57,69,23,5,163,4,167
2119819,8,51,69,12,5,145,4,149
2119820,3,46,69,23,8,149,5,154
2119821,19,80,55,7,15,176,6,182
2119822,3,51,63,11,7,135,4,139
2119823,3,78,67,24,7,179,0,179
2119824,5,49,67,22,9,152,3,155
2119825,8,62,85,12,4,171,0,171
2119826,20,94,56,16,6,192,3,195
2119827,12,95,75,21,3,206,3,209
2119828,13,66,75,24,9,187,5,192
2119829,13,59,77,10,3,162,0,162
2119830,12,61,53,6,3,135,4,139
2119831,0,11,43,4,7,65,4,69
2119832,7,50,74,26,9,166,3,169
2119833,3,52,49,11,5,120,0,120
2119901,44,99,40,13,0,196,14,210
2119902,41,79,44,5,3,172,5,177
2119903,25,57,33,9,4,128,10,138
2119904,19,74,44,13,3,153,13,166
2119905,39,83,54,19,10,205,17,222
2119906,0,0,0,0,0,0,0,0
2119907,54,94,37,8,3,196,14,210
2119908,32,67,19,6,0,124,6,130
2119909,49,62,28,8,5,152,9,161
2119910,29,59,50,10,0,148,5,153
2119911,45,94,63,14,9,225,10,235
2119912,15,58,38,11,7,129,5,134
2119913,48,95,44,12,3,202,20,222
2119914,20,53,53,17,5,148,11,159
2119915,22,62,32,9,5,130,0,130
2119916,17,85,49,19,5,175,12,187
2119917,28,31,22,3,0,84,7,91
2119918,10,84,54,8,4,160,3,163
2119919,14,95,83,7,3,202,7,209
2119920,44,84,47,18,10,203,4,207
2119921,21,70,52,17,4,164,8,172
2119922,11,36,52,11,13,123,5,128
2119923,20,59,50,6,8,143,6,149
2119924,17,63,43,7,3,133,7,140
2119925,25,88,46,5,4,168,12,180
2119926,28,84,50,17,0,179,9,188
2119927,30,58,35,9,7,139,10,149
2119928,14,70,60,9,7,160,5,165
2119929,24,58,36,6,3,127,5,132
2119930,17,57,48,18,8,148,3,151
2119931,15,67,45,7,4,138,9,147
2119932,20,61,52,12,7,152,15,167
2120001,9,35,35,9,4,92,3,95
2120002,10,51,51,19,4,135,0,135
2120003,8,64,73,16,5,166,4,170
2120004,11,60,63,18,5,157,0,157
2120005,24,115,74,13,8,234,0,234
2120006,4,16,43,17,7,87,0,87
2120007,9,34,49,10,10,112,4,116
2120008,32,117,71,19,19,258,11,269
2120009,9,58,46,9,9,131,0,131
2120010,35,97,41,3,0,176,4,180
2120011,17,70,80,15,4,186,3,189
2120012,10,79,81,19,7,196,3,199
2120013,10,37,65,15,0,127,4,131
2120014,23,72,73,24,3,195,7,202
2120015,22,69,56,10,3,160,3,163
2120016,7,42,40,12,5,106,0,106
2120017,11,65,61,29,3,169,4,173
2120018,14,78,90,23,17,222,5,227
2120019,12,35,73,27,9,156,0,156
2120020,29,87,82,17,5,220,3,223
2120021,8,42,50,12,4,116,4,120
2120022,16,66,58,8,0,148,6,154
2120023,17,32,35,7,3,94,0,94
2120024,14,66,65,18,3,166,3,169
2120025,26,111,72,16,4,229,4,233
2120026,12,38,43,11,4,108,3,111
2120101,10,32,68,11,13,134,3,137
2120102,13,41,85,21,5,165,8,173
2120103,3,46,87,31,14,181,3,184
2120104,11,68,56,7,7,149,0,149
2120105,5,61,61,19,12,158,0,158
2120106,23,53,56,9,8,149,7,156
2120107,8,31,51,14,6,110,3,113
2120108,3,18,55,12,5,93,0,93
2120109,12,96,65,21,13,207,0,207
2120110,15,59,66,23,19,182,6,188
2120111,3,31,64,17,10,125,3,128
2120112,6,38,67,24,13,148,3,151
2120113,8,48,77,25,11,169,0,169
2120114,7,48,58,14,13,140,0,140
2120115,3,23,54,28,20,128,0,128
2120116,0,8,34,17,14,73,0,73
2120117,5,41,40,22,3,111,4,115
2120118,3,22,61,32,10,128,6,134
2120119,4,16,37,15,9,81,0,81
2120201,0,24,39,14,8,85,3,88
2120202,11,35,32,17,4,99,3,102
2120203,6,22,37,13,5,83,0,83
2120204,4,42,48,7,12,113,6,119
2120205,0,33,75,27,14,149,5,154
2120206,5,56,105,21,16,203,6,209
2120207,0,8,23,18,14,63,3,66
2120208,12,56,89,31,5,193,3,196
2120209,0,32,84,30,20,166,3,169
2120210,10,81,65,17,12,185,6,191
2120211,9,48,46,9,8,120,0,120
2120212,10,79,63,10,10,172,0,172
2120213,3,28,51,24,5,111,3,114
2120214,0,19,44,16,28,107,0,107
2120215,9,85,59,11,9,173,8,181
2120216,0,41,55,18,4,118,4,122
2120217,3,30,58,18,11,120,3,123
2120218,0,15,56,24,31,126,3,129
2120219,0,4,35,19,14,72,0,72
2120220,8,54,37,4,3,106,0,106
2120221,13,84,88,18,3,206,6,212
2120222,9,89,74,19,7,198,4,202
2120223,14,149,97,13,12,285,6,291
2120224,17,75,70,10,3,175,0,175
2120225,4,45,82,20,15,166,5,171
2120226,3,36,63,12,10,124,0,124
2120227,8,92,72,20,9,201,7,208
2120228,3,22,47,13,3,88,0,88
2120229,7,55,76,14,8,160,3,163
2120230,4,73,80,25,13,195,5,200
2120231,4,50,44,19,3,120,0,120
2120232,5,56,69,20,9,159,4,163
2120233,5,48,88,26,11,178,4,182
2120234,0,30,33,11,13,87,0,87
2120235,16,57,54,15,6,148,3,151
2120236,7,40,42,10,7,106,3,109
2120237,7,45,44,16,3,115,3,118
2120238,0,29,49,21,11,110,5,115
2120239,10,67,56,10,3,146,5,151
2120240,4,70,77,27,14,192,0,192
2120241,10,34,50,12,4,110,0,110
2120301,4,27,43,8,4,86,3,89
2120302,0,13,40,11,5,69,0,69
2120303,3,24,58,11,8,104,7,111
2120304,5,51,47,10,3,116,0,116
2120305,7,59,100,29,12,207,3,210
2120306,0,65,77,28,7,177,4,181
2120307,7,59,83,15,8,172,5,177
2120308,21,96,73,18,10,218,4,222
2120309,15,76,51,18,3,163,4,167
2120310,5,37,81,24,9,156,0,156
2120311,5,22,56,18,12,113,0,113
2120312,12,59,94,26,5,196,9,205
2120313,17,68,84,19,3,191,3,194
2120314,6,95,67,16,7,191,6,197
2120315,3,43,74,16,6,142,5,147
2120316,3,26,73,18,12,132,3,135
2120317,9,44,55,12,5,125,5,130
2120318,5,21,43,20,10,99,0,99
2120319,5,80,90,21,8,204,3,207
2120320,0,54,70,11,3,138,0,138
2120321,3,67,97,24,8,199,3,202
2120322,3,35,49,21,3,111,4,115
2120323,11,49,84,18,10,172,4,176
2120324,3,45,67,17,4,136,3,139
2120325,15,79,59,15,7,175,5,180
2120326,3,33,53,13,7,109,3,112
2120327,13,72,60,9,5,159,0,159
2120328,0,63,62,18,0,143,5,148
2120329,11,54,62,16,6,149,4,153
2120330,7,72,43,12,3,137,8,145
2120331,7,83,58,17,11,176,3,179
2120332,15,61,39,19,8,142,9,151
2120333,17,50,62,8,12,149,0,149
2120334,0,0,0,0,0,0,0,0
2120335,5,45,37,4,4,95,3,98
2120336,0,0,0,0,0,0,0,0
2120337,22,62,82,20,10,196,6,202
2120338,10,85,82,24,15,216,3,219
2120339,26,78,36,8,3,151,3,154
2120340,6,36,83,18,12,155,5,160
2120341,4,22,50,14,7,97,0,97
2120342,5,35,71,25,9,145,3,148
2120343,4,37,48,14,4,107,0,107
2120344,0,26,37,11,0,74,0,74
2120345,4,25,31,3,10,73,0,73
2120346,0,27,38,22,11,98,3,101
2120401,22,96,75,22,7,222,8,230
2120402,4,17,56,17,11,105,5,110
2120403,3,38,43,16,7,107,5,112
2120404,13,71,73,25,14,196,7,203
2120405,13,83,60,23,3,182,3,185
2120406,20,86,79,28,5,218,9,227
2120407,6,47,49,4,0,106,0,106
2120408,6,60,86,20,7,179,3,182
2120409,5,54,60,17,10,146,0,146
2120410,6,70,54,14,7,151,6,157
2120411,10,55,21,3,3,92,3,95
2120412,13,71,73,21,9,187,8,195
2120413,0,15,57,26,17,115,0,115
2120414,4,25,69,38,21,157,4,161
2120415,3,31,53,28,8,123,3,126
2120416,0,45,70,23,11,149,3,152
2120417,20,69,57,13,3,162,3,165
2120418,17,80,85,17,5,204,8,212
2120419,13,41,40,3,3,100,10,110
2120420,15,56,38,17,7,133,4,137
2120421,32,43,25,9,6,115,10,125
2120422,6,31,73,19,3,132,3,135
2120501,4,28,62,18,7,119,0,119
2120502,0,14,71,11,4,100,0,100
2120503,3,36,59,19,4,121,4,125
2120504,11,75,95,24,12,217,6,223
2120505,0,47,98,25,11,181,3,184
2120506,0,0,0,0,0,0,0,0
2120507,12,77,69,14,7,179,5,184
2120508,34,79,28,3,5,149,3,152
2120509,45,84,53,9,3,194,7,201
2120510,14,52,33,7,6,112,9,121
2120511,24,88,70,18,7,207,5,212
2120512,3,27,57,25,19,131,3,134
2120513,36,76,153,23,14,302,8,310
2120514,21,73,43,13,6,156,10,166
2120515,10,36,66,34,16,162,4,166
2120516,0,19,58,17,15,109,0,109
2120517,0,0,0,0,0,0,3,3
2120518,29,95,48,11,10,193,12,205
2120519,0,0,0,0,0,0,0,0
2120520,31,96,60,16,7,210,9,219
2120521,4,47,56,17,3,127,3,130
2120601,15,82,50,9,0,156,5,161
2120602,16,55,46,17,3,137,5,142
2120603,31,74,61,10,3,179,10,189
2120604,29,63,38,13,0,143,7,150
2120605,19,89,64,13,3,188,9,197
2120606,18,62,49,16,3,148,4,152
2120607,15,64,50,11,3,143,7,150
2120608,26,40,31,6,3,106,5,111
2120609,21,63,65,10,3,162,4,166
2120610,36,78,68,15,5,202,7,209
2120611,30,78,59,7,11,185,5,190
2120612,32,51,51,10,4,148,6,154
2120613,25,90,51,15,7,188,12,200
2120614,29,58,39,11,4,141,10,151
2120615,21,59,54,18,11,163,6,169
2120616,18,61,31,14,8,132,9,141
2120617,18,67,61,24,4,174,0,174
2120618,23,75,45,9,0,152,6,158
2120619,17,63,38,15,3,136,4,140
2120620,35,109,69,9,6,228,4,232
2120621,23,74,47,12,5,161,8,169
2120622,18,75,58,17,10,178,5,183
2120623,36,93,59,9,7,204,14,218
2120624,28,43,17,12,4,104,3,107
2120625,25,69,69,14,0,177,6,183
2120626,31,94,44,6,0,175,10,185
2120627,14,44,53,14,4,129,7,136
2120628,22,80,63,27,5,197,6,203
2120629,16,61,33,9,3,122,11,133
2120630,24,66,55,9,7,161,5,166
2120631,20,44,48,7,8,127,6,133
2120632,17,91,78,16,9,211,5,216
2120633,18,39,29,5,3,94,8,102
2120634,78,82,51,10,4,225,18,243
2120635,0,0,0,0,0,0,0,0
2120636,13,82,93,7,10,205,5,210
2120637,26,79,74,13,6,198,7,205
2120638,30,69,33,6,5,143,9,152
2120639,15,70,55,16,5,161,8,169
2120640,30,53,38,10,3,134,3,137
2120641,41,89,59,13,3,205,9,214
2120642,23,80,60,22,13,198,3,201
2120643,32,42,28,7,0,109,7,116
2120644,21,75,49,11,7,163,6,169
2120645,38,115,67,9,3,232,8,240
2120646,93,129,40,5,4,271,13,284
2120647,45,89,37,6,3,180,9,189
2120648,19,74,33,3,9,138,6,144
2120649,53,155,63,13,0,284,3,287
2120650,16,53,22,5,4,100,4,104
2120651,33,57,30,3,4,127,8,135
2120652,14,69,56,17,11,167,5,172
2120653,25,84,48,10,13,180,6,186
2120654,19,48,37,10,7,121,3,124
2120655,16,62,35,20,3,136,9,145
2120656,15,82,76,18,7,198,3,201
2120657,28,104,82,21,11,246,6,252
2120658,14,74,82,17,7,194,10,204
2120659,42,100,63,13,10,228,9,237
2120660,34,66,40,16,4,160,9,169
2120661,9,28,19,3,3,62,0,62
2120662,37,73,44,10,5,169,7,176
2120663,23,66,54,17,7,167,3,170
2120664,13,40,39,14,3,109,0,109
2120665,16,50,38,10,3,117,3,120
2120701,12,53,34,13,3,115,6,121
2120702,13,51,36,15,6,121,7,128
2120703,24,72,53,7,0,156,4,160
2120704,25,78,35,18,3,159,6,165
2120705,13,81,48,14,3,159,3,162
2120706,19,90,54,18,4,185,3,188
2120707,14,71,53,12,10,160,6,166
2120708,15,76,58,8,4,161,8,169
2120709,20,72,45,13,5,155,5,160
2120710,23,104,44,10,4,185,0,185
2120711,14,52,37,10,7,120,9,129
2120712,11,70,32,9,4,126,5,131
2120713,27,93,61,16,6,203,11,214
2120714,18,109,79,7,6,219,7,226
2120715,22,76,52,20,4,174,8,182
2120716,14,73,78,21,8,194,5,199
2120717,21,69,67,21,3,181,0,181
2120718,16,54,51,13,7,141,3,144
2120719,17,41,45,23,11,137,4,141
2120720,16,56,53,14,5,144,9,153
2120721,17,52,42,15,3,129,7,136
2120722,12,35,50,15,9,121,5,126
2120723,22,78,47,11,11,169,6,175
2120724,21,73,34,19,3,150,9,159
2120725,30,78,58,8,9,183,10,193
2120726,27,79,37,9,4,156,8,164
2120727,88,72,22,7,5,194,32,226
2120728,27,100,46,10,7,190,4,194
2120729,40,78,48,20,4,190,5,195
2120730,21,46,27,6,3,103,7,110
2120731,28,69,46,13,9,165,9,174
2120732,14,42,40,10,3,109,13,122
2120733,46,63,47,11,0,167,10,177
2120734,32,87,34,11,6,170,10,180
2120735,57,86,50,16,4,213,7,220
2120736,25,75,47,13,8,168,10,178
2120737,41,95,58,15,8,217,10,227
2120738,20,80,53,15,9,177,10,187
2120739,20,67,36,6,7,136,4,140
2120740,14,63,48,8,5,138,0,138
2120741,53,75,43,7,6,184,14,198
2120742,46,116,38,9,5,214,3,217
2120743,33,64,40,8,6,151,3,154
2120744,58,110,7,0,0,175,11,186
2120745,14,47,25,3,3,92,9,101
2120746,0,26,47,18,13,104,0,104
2120747,12,45,45,18,16,136,9,145
2120748,15,38,22,9,0,84,3,87
2120749,87,92,13,7,0,199,15,214
2120750,23,44,51,10,3,131,4,135
2120751,18,43,30,9,5,105,6,111
2120752,21,69,42,9,4,145,8,153
2120753,5,58,57,25,10,155,3,158
2120754,8,77,48,10,11,154,7,161
2120755,21,58,58,17,3,157,3,160
2120756,3,41,34,18,10,106,8,114
2120757,37,105,47,11,3,203,9,212
2120758,42,97,65,17,4,225,14,239
2120801,34,93,42,5,5,179,17,196
2120802,48,136,38,9,3,234,26,260
2120803,51,112,28,6,0,197,11,208
2120804,0,0,0,0,0,0,0,0
2120805,19,70,43,18,8,158,8,166
2120806,14,47,51,18,5,135,5,140
2120807,12,51,56,31,13,163,10,173
2120808,27,68,87,14,8,204,10,214
2120809,8,34,37,17,4,100,5,105
2120810,15,46,31,8,0,100,8,108
2120811,26,58,54,13,0,151,8,159
2120812,18,60,34,5,0,117,0,117
2120813,15,74,45,19,8,161,3,164
2120814,12,72,74,12,9,179,9,188
2120815,6,26,54,17,15,118,5,123
2120816,20,44,58,19,11,152,6,158
2120817,19,98,78,18,12,225,12,237
2120818,21,56,80,22,4,183,4,187
2120819,10,44,48,17,3,122,10,132
2120820,11,31,32,17,0,91,5,96
2120821,24,63,56,13,4,160,5,165
2120822,29,52,37,5,3,126,7,133
2120823,0,3,0,3,0,6,0,6
2120824,24,68,58,14,3,167,5,172
2120825,33,80,47,12,0,172,5,177
2120826,32,79,67,6,3,187,5,192
2120827,8,65,48,17,5,143,4,147
2120828,26,92,79,22,7,226,4,230
2120829,17,54,45,14,5,135,7,142
2120830,20,61,53,19,6,159,4,163
2120831,25,67,74,15,13,194,3,197
2120832,42,86,54,11,5,198,6,204
2120833,17,54,61,28,10,170,3,173
2120834,17,59,45,4,3,128,4,132
2120835,19,65,38,9,6,137,6,143
2120836,35,94,54,14,8,205,6,211
2120837,3,24,10,8,0,45,0,45
2120838,5,46,68,24,6,149,10,159
2120839,15,50,59,14,10,148,6,154
2120840,43,98,50,17,5,213,7,220
2120841,21,62,22,4,4,113,5,118
2120842,5,26,77,31,24,163,8,171
2120843,0,10,17,10,6,43,4,47
2120844,6,17,49,26,17,115,4,119
2120845,3,3,0,0,0,6,3,9
2120846,9,48,61,17,11,146,4,150
2120847,29,58,42,13,5,147,6,153
2120848,0,0,0,0,0,0,0,0
2120849,18,92,42,8,5,165,8,173
2120850,16,33,30,14,5,98,3,101
2120851,30,81,63,18,0,192,9,201
2120852,26,94,78,14,3,215,9,224
2120853,14,62,20,4,4,104,3,107
2120854,18,39,40,7,4,108,3,111
2120855,3,16,46,13,15,93,3,96
2120856,33,75,30,5,5,148,6,154
2120857,30,91,55,11,6,193,4,197
2120858,11,58,30,13,3,115,6,121
2120901,0,23,87,38,18,166,0,166
2120902,17,47,38,7,0,109,0,109
2120903,21,80,61,25,11,198,3,201
2120904,0,11,52,21,10,94,0,94
2120905,0,19,43,20,14,96,3,99
2120906,0,19,61,24,18,122,0,122
2120907,4,5,49,26,24,108,0,108
2120908,0,25,69,24,21,139,0,139
2120909,0,19,47,17,10,93,3,96
2120910,0,21,93,26,13,153,0,153
2120911,6,6,48,20,10,90,0,90
2120912,4,45,43,13,10,115,3,118
2120913,3,17,78,35,13,146,0,146
2120914,0,18,63,6,7,94,0,94
2120915,15,99,71,20,12,217,4,221
2120916,5,50,57,15,16,143,0,143
2120917,11,73,76,11,12,183,0,183
2120918,3,48,74,16,11,152,4,156
2120919,0,42,102,27,9,180,5,185
2120920,0,17,43,20,13,93,0,93
2120921,0,14,43,20,27,104,0,104
2120922,6,48,55,29,12,150,0,150
2120923,0,41,46,15,15,117,4,121
2120924,7,80,107,23,8,225,0,225
2120925,0,28,51,12,18,109,0,109
2120926,0,15,28,15,10,68,0,68
2120927,0,10,35,17,13,75,3,78
2120928,0,9,43,13,4,69,0,69
2120929,4,18,79,31,17,149,0,149
2120930,0,25,62,19,5,111,0,111
2120931,0,30,73,20,13,136,0,136
2120932,0,5,28,15,12,60,0,60
2120933,4,10,49,27,17,107,3,110
2120934,3,50,87,25,9,174,3,177
2120935,0,21,58,27,11,117,0,117
2120936,5,50,84,26,12,177,3,180
2120937,3,14,41,26,20,104,3,107
2120938,5,21,47,37,19,129,0,129
2120939,0,25,68,26,12,131,0,131
2120940,0,5,35,12,19,71,0,71
2120941,0,3,60,19,16,98,0,98
2120942,0,26,73,17,18,134,0,134
2120943,0,7,48,18,20,93,4,97
2120944,0,47,70,10,9,136,0,136
2120945,32,50,62,8,4,156,12,168
2120946,13,59,35,11,3,121,0,121
2120947,0,32,56,12,12,112,3,115
2120948,3,14,25,11,15,68,3,71
2120949,4,10,67,24,12,117,3,120
2120950,5,26,76,31,21,159,6,165
2120951,0,13,58,24,15,110,3,113
2120952,0,10,43,22,18,93,3,96
2120953,8,33,56,11,9,117,3,120
2120954,0,33,68,25,13,139,5,144
2120955,0,24,71,27,6,128,3,131
2120956,3,19,54,21,14,111,0,111
2120957,0,17,32,20,6,75,3,78
2120958,3,32,89,25,15,164,0,164
2120959,18,39,21,14,7,99,3,102
2120960,7,61,53,16,10,147,4,151
2121001,3,24,43,20,5,95,3,98
2121002,19,55,65,23,7,169,0,169
2121003,3,23,41,8,5,80,4,84
2121004,3,26,65,24,15,133,4,137
2121005,0,3,27,15,20,65,3,68
2121006,3,24,56,35,22,140,3,143
2121007,0,5,26,23,11,65,0,65
2121008,0,31,37,16,31,115,0,115
2121009,0,38,52,11,11,112,4,116
2121010,8,35,73,29,14,159,0,159
2121101,0,16,20,13,13,62,0,62
2121102,4,29,68,30,12,143,3,146
2121103,5,45,57,22,11,140,3,143
2121104,0,13,34,14,14,75,0,75
2121105,3,13,34,12,15,77,3,80
2121106,5,30,73,46,27,181,3,184
2121107,0,10,25,16,17,68,0,68
2121108,0,6,16,17,0,39,0,39
2121109,4,17,40,23,21,105,3,108
2121110,5,23,51,30,10,119,4,123
2121111,0,12,28,9,11,60,0,60
2121112,0,29,47,18,12,106,3,109
2121201,3,18,56,29,16,122,4,126
2121202,5,24,48,17,9,103,0,103
2121203,0,5,29,18,17,69,3,72
2121204,3,25,53,28,20,129,3,132
2121205,0,19,22,14,16,71,0,71
2121206,0,15,38,21,12,86,0,86
2121207,3,14,30,17,6,70,0,70
2121208,0,3,19,12,9,43,3,46
2121209,0,0,0,0,0,0,0,0
2121210,0,0,0,0,0,0,0,0
2121211,0,15,50,23,28,116,0,116
2121212,3,22,47,22,18,112,4,116
2121213,3,16,37,30,24,110,0,110
2121214,3,8,37,27,27,102,0,102
2121215,0,22,46,24,27,119,0,119
2121216,0,25,41,17,19,102,0,102
2121217,0,8,28,15,28,79,0,79
2121218,0,6,26,20,15,67,0,67
2121219,0,8,22,6,13,49,3,52
2121220,0,10,30,18,13,71,0,71
2121301,0,5,83,43,31,162,4,166
2121302,0,11,52,15,12,90,0,90
2121303,0,3,28,19,13,63,3,66
2121304,0,23,88,42,17,170,4,174
2121305,3,44,87,38,14,186,3,189
2121306,0,8,36,17,8,69,4,73
2121307,0,20,49,16,15,100,0,100
2121308,3,20,72,31,10,136,0,136
2121309,3,22,56,17,17,115,0,115
2121310,3,18,36,14,6,77,0,77
2121311,3,47,111,52,28,241,5,246
2121312,0,4,30,9,11,54,3,57
2121313,3,33,57,26,16,135,3,138
2121314,0,33,41,21,10,105,0,105
2121315,0,29,61,19,14,123,4,127
2121316,6,10,40,27,23,106,0,106
2121317,0,10,42,10,9,71,5,76
2121318,3,14,66,15,31,129,5,134
2121319,0,13,17,17,26,73,3,76
2121320,0,13,23,23,18,77,3,80
2121321,0,6,10,17,21,54,0,54
2121322,0,7,17,15,14,53,0,53
2121323,3,10,38,23,30,104,3,107
2121324,0,8,25,15,26,74,0,74
2121325,0,7,36,19,16,78,3,81
2121401,6,38,59,20,15,138,0,138
2121402,4,24,43,21,24,116,3,119
2121403,0,9,41,19,14,83,0,83
2121404,6,29,77,18,22,152,3,155
2121405,0,17,57,22,16,112,0,112
2121406,0,26,72,32,30,160,0,160
2121407,0,21,76,22,11,130,3,133
2121408,0,31,86,31,19,167,3,170
2121409,0,18,49,12,10,89,0,89
2121410,0,28,76,24,9,137,3,140
2121411,3,27,89,27,26,172,0,172
2121412,0,16,55,17,22,110,0,110
2121413,0,11,40,21,11,83,0,83
2121414,0,12,50,21,35,118,4,122
2121415,0,22,50,23,26,121,4,125
2121416,0,26,34,21,28,109,0,109
2121417,0,10,44,16,21,91,0,91
2121501,0,7,34,14,16,71,0,71
2121502,21,67,62,13,6,169,9,178
2121503,3,11,35,30,17,96,3,99
2121504,0,16,42,15,14,87,0,87
2121505,3,15,44,40,17,119,3,122
2121506,0,0,0,0,0,0,0,0
2121507,0,22,76,29,14,141,0,141
2121508,0,14,43,27,10,94,0,94
2121509,0,35,82,29,29,175,3,178
2121510,6,10,27,12,10,65,0,65
2121511,5,28,47,31,18,129,5,134
2121512,3,35,99,33,29,199,4,203
2121513,4,11,48,36,40,139,3,142
2121514,0,25,56,27,14,122,0,122
2121515,3,15,45,22,32,117,3,120
2121516,3,15,40,20,15,93,4,97
2121517,7,46,92,30,23,198,3,201
2121518,10,72,77,16,4,179,7,186
2121519,3,6,77,18,15,119,0,119
2121520,4,12,49,27,26,118,0,118
2121521,4,13,69,26,19,131,0,131
2121522,0,14,91,35,17,157,0,157
2121523,0,33,76,27,18,154,3,157
2121524,4,55,51,17,10,137,0,137
2121525,7,61,88,30,23,209,5,214
2121526,3,28,56,11,11,109,3,112
2121527,0,19,58,17,10,104,0,104
2121528,0,7,29,9,14,59,0,59
2121529,4,51,69,22,9,155,0,155
2121530,0,19,75,20,16,130,0,130
2121531,0,10,61,24,17,112,0,112
2121532,4,30,67,15,18,134,0,134
2121533,0,6,39,14,11,70,3,73
2121534,0,21,36,13,3,73,3,76
2121601,6,35,46,14,21,122,0,122
2121602,63,204,131,25,10,433,17,450
2121603,4,43,60,23,4,134,4,138
2121604,6,38,62,22,10,138,3,141
2121605,11,50,76,32,24,193,7,200
2121606,0,15,53,12,3,83,3,86
2121607,4,10,60,22,8,104,0,104
2121608,0,22,66,12,7,107,3,110
2121609,3,34,81,33,14,165,0,165
2121610,0,0,0,0,0,0,0,0
2121611,0,21,58,22,13,114,0,114
2121612,4,28,62,15,8,117,3,120
2121701,4,17,27,14,9,71,0,71
2121702,8,37,54,30,13,142,0,142
2121703,6,43,39,15,3,106,0,106
2121704,7,35,44,10,10,106,3,109
2121705,30,52,46,9,7,144,11,155
2121706,4,57,54,26,5,146,5,151
2121707,4,37,28,11,4,84,4,88
2121708,8,29,20,4,3,64,3,67
2121709,29,71,53,14,6,173,12,185
2121710,0,30,34,13,0,77,0,77
2121711,15,65,70,39,17,206,3,209
2121712,9,48,23,8,6,94,3,97
2121713,9,66,57,18,16,166,9,175
2121714,5,25,39,13,5,87,3,90
2121715,7,43,57,25,12,144,5,149
2121716,10,38,24,9,0,81,4,85
2121717,18,47,30,10,12,117,4,121
2121718,5,29,41,15,7,97,4,101
2121801,0,28,50,14,3,95,0,95
2121802,3,33,96,22,9,163,7,170
2121803,0,21,34,9,5,69,0,69
2121804,3,22,59,25,22,131,7,138
2121805,5,62,74,16,4,161,3,164
2121806,4,42,37,18,16,117,5,122
2121807,6,48,40,10,11,115,5,120
2121808,3,20,32,5,3,63,3,66
2121809,6,31,30,13,3,83,7,90
2121810,8,48,63,28,14,161,4,165
2121811,4,35,73,34,7,153,4,157
2121812,4,44,66,24,13,151,3,154
2121813,6,52,66,30,28,182,8,190
2121814,0,28,28,6,0,62,0,62
2121815,3,60,117,39,17,236,3,239
2121816,4,38,86,35,11,174,0,174
2121817,0,34,73,26,16,149,4,153
2121818,5,36,52,14,4,111,3,114
2121819,8,57,64,21,8,158,0,158
2121820,3,22,37,7,5,74,0,74
2121821,8,67,63,28,13,179,6,185
2121822,13,41,55,33,13,155,0,155
2121823,8,53,49,17,13,140,6,146
2121824,6,42,23,6,5,82,0,82
2121825,4,32,64,33,22,155,4,159
2121826,3,25,34,0,3,65,0,65
2121827,0,3,0,0,3,6,0,6
2121828,8,46,40,15,8,117,5,122
2121829,12,48,33,15,4,112,5,117
2121830,9,60,81,13,10,173,5,178
2121831,27,89,41,4,3,164,10,174
2121832,20,64,46,14,3,147,10,157
2121833,29,60,48,9,7,153,5,158
2121834,3,22,52,15,15,107,3,110
2121835,3,34,27,26,12,102,3,105
2121836,3,33,35,8,11,90,3,93
2121837,3,37,53,30,16,139,3,142
2121838,15,59,85,30,13,202,9,211
2121839,6,22,35,5,6,74,0,74
2121840,3,33,35,22,4,97,7,104
2121841,15,76,73,21,10,195,4,199
2121842,0,41,64,18,8,131,3,134
2121843,5,58,70,18,7,158,5,163
2121844,0,41,61,12,0,114,3,117
2121845,13,61,74,22,8,178,3,181
2121846,9,31,40,25,17,122,0,122
2121847,0,17,35,13,9,74,0,74
2121848,3,25,40,15,6,89,0,89
2121849,3,41,56,7,9,116,3,119
2121850,0,17,39,16,4,76,0,76
2121851,6,19,49,12,6,92,3,95
2121852,0,13,31,14,24,82,0,82
2121853,4,52,86,17,3,162,4,166
2121854,0,0,0,0,0,0,0,0
2121855,8,66,89,15,3,181,6,187
2121856,0,29,69,18,4,120,3,123
2121857,0,25,90,10,4,129,7,136
2121858,0,29,42,12,4,87,0,87
2121859,9,34,49,15,4,111,6,117
2121860,4,21,52,15,4,96,0,96
2121861,5,77,87,14,0,183,3,186
2121862,0,0,0,0,0,0,0,0
2121863,0,0,0,0,0,0,0,0
2121864,6,40,50,25,16,137,4,141
2121865,0,25,27,14,6,72,3,75
2121866,3,24,50,21,4,102,0,102
2121867,45,108,18,0,3,174,7,181
2121868,0,0,0,0,0,0,0,0
2121869,0,0,0,0,0,0,0,0
2121870,3,57,94,27,6,187,7,194
2121871,4,45,77,23,7,156,4,160
2121901,13,53,44,22,5,137,7,144
2121902,6,49,43,31,10,139,9,148
2121903,9,41,44,17,7,118,11,129
2121904,3,39,43,20,12,117,4,121
2121905,15,48,42,18,10,133,10,143
2121906,7,40,55,22,16,140,8,148
2121907,16,69,63,35,4,187,8,195
2121908,12,30,38,12,4,96,3,99
2121909,7,38,49,3,8,105,0,105
2121910,13,51,38,14,3,119,4,123
2121911,6,38,48,8,9,109,4,113
2121912,10,26,39,17,7,99,4,103
2121913,9,26,36,15,14,100,4,104
2121914,8,49,52,17,9,135,0,135
2121915,27,91,55,15,5,193,10,203
2121916,13,42,61,22,3,141,7,148
2121917,28,70,65,13,11,187,13,200
2121918,24,95,49,23,4,195,16,211
2121919,22,75,41,30,6,174,5,179
2121920,32,73,46,25,5,181,11,192
2121921,8,41,53,15,5,122,3,125
2121922,6,31,29,16,9,91,7,98
2121923,6,31,51,19,10,117,3,120
2121924,3,26,49,28,8,114,7,121
2121925,4,27,30,23,11,95,7,102
2121926,3,17,37,23,10,90,3,93
2121927,0,22,26,17,14,79,0,79
2121928,5,35,60,22,17,139,4,143
2121929,11,67,57,19,7,161,7,168
2121930,4,51,139,18,4,216,5,221
2121931,0,0,0,0,0,0,0,0
2121932,13,37,45,17,8,120,3,123
2121933,17,37,20,5,4,83,3,86
2121934,14,54,38,19,3,128,3,131
2121935,10,39,36,12,3,100,7,107
2121936,7,31,30,15,4,87,9,96
2121937,19,57,39,12,5,132,3,135
2121938,10,49,41,13,6,119,3,122
2121939,9,32,23,10,5,79,3,82
2121940,7,41,36,21,6,111,5,116
2121941,8,56,63,17,16,160,3,163
2121942,16,41,31,15,4,107,3,110
2121943,18,41,39,9,4,111,0,111
2121944,20,57,48,14,7,146,6,152
2121945,22,62,23,11,6,124,4,128
2121946,14,63,48,4,4,133,9,142
2121947,14,48,24,14,3,103,5,108
2121948,8,42,35,18,4,107,5,112
2121949,20,54,36,8,7,125,5,130
2121950,17,77,59,10,7,170,10,180
2121951,3,30,47,21,14,115,3,118
2122001,0,25,36,19,8,88,3,91
2122002,0,0,0,0,0,0,0,0
2122003,4,59,73,27,15,178,3,181
2122004,9,45,73,26,10,163,7,170
2122005,3,44,61,26,14,148,6,154
2122006,3,51,65,30,15,164,4,168
2122007,0,12,65,29,18,124,0,124
2122008,0,21,39,12,10,82,4,86
2122009,0,19,51,22,17,109,3,112
2122010,0,9,47,25,23,104,0,104
2122011,6,17,39,31,19,112,4,116
2122012,4,42,63,18,3,130,3,133
2122013,3,49,75,17,6,150,9,159
2122014,3,35,53,17,12,120,3,123
2122015,8,27,57,16,9,117,4,121
2122016,12,42,66,24,20,164,3,167
2122017,0,27,51,12,6,96,0,96
2122018,8,28,52,19,13,120,8,128
2122019,7,23,46,29,14,119,3,122
2122020,5,18,41,21,11,96,4,100
2122021,9,56,51,28,10,154,0,154
2122022,9,48,72,32,6,167,3,170
2122023,0,28,51,30,18,127,0,127
2122024,4,52,80,33,3,172,0,172
2122025,0,13,34,7,5,59,3,62
2122026,0,16,46,24,21,107,3,110
2122027,5,13,41,16,11,86,0,86
2122028,3,26,89,25,12,155,3,158
2122029,0,30,61,36,13,140,0,140
2122030,4,32,57,21,12,126,3,129
2122031,3,18,26,15,8,70,6,76
2122032,7,43,53,16,14,133,3,136
2122033,0,12,65,30,31,138,4,142
2122034,3,25,43,27,11,109,3,112
2122035,6,44,69,31,11,161,3,164
2122036,10,53,41,11,7,122,3,125
2122037,7,72,82,24,15,200,7,207
2122038,3,37,57,15,23,135,0,135
2122039,0,33,29,14,8,84,0,84
2122040,0,16,33,15,3,67,4,71
2122041,5,27,36,21,15,104,6,110
2122042,0,24,55,28,14,121,3,124
2122043,3,28,45,14,10,100,3,103
2122044,3,44,55,20,5,127,3,130
2122045,0,22,46,17,18,103,4,107
2122046,3,15,35,21,13,87,3,90
2122101,4,53,57,15,12,141,6,147
2122102,0,10,41,33,24,108,0,108
2122103,7,31,51,18,17,124,3,127
2122104,0,17,57,36,34,144,3,147
2122105,5,27,55,24,17,128,3,131
2122106,7,54,62,19,15,157,3,160
2122107,3,45,70,35,18,171,3,174
2122108,11,75,41,19,11,157,5,162
2122109,0,33,55,10,13,111,3,114
2122110,12,68,87,27,12,206,12,218
2122111,8,49,58,19,7,141,8,149
2122112,3,46,60,29,6,144,7,151
2122113,3,46,79,25,20,173,8,181
2122114,5,46,67,23,14,155,5,160
2122115,6,33,41,15,5,100,5,105
2122116,0,13,38,18,11,80,6,86
2122117,10,36,56,27,19,148,0,148
2122118,10,49,56,24,24,163,3,166
2122119,3,29,40,20,7,99,4,103
2122120,5,37,59,20,10,131,4,135
2122121,4,39,69,28,11,151,3,154
2122122,4,27,34,20,3,88,3,91
2122123,10,35,27,17,5,94,4,98
2122124,5,39,59,31,20,154,3,157
2122125,9,71,71,38,15,204,3,207
2122126,0,25,35,8,7,75,0,75
2122127,4,39,44,10,6,103,4,107
2122128,5,28,30,14,3,80,3,83
2122129,4,29,39,22,9,103,0,103
2122201,4,16,40,23,6,89,3,92
2122202,3,90,164,47,24,328,7,335
2122203,4,39,154,28,18,243,4,247
2122204,0,0,0,0,0,0,0,0
2122205,3,20,81,27,14,145,4,149
2122206,8,35,104,38,15,200,3,203
2122207,12,142,208,53,8,423,4,427
2122208,7,23,122,26,8,186,3,189
2122209,3,22,119,26,17,187,0,187
2122210,4,30,130,40,14,218,0,218
2122211,3,10,8,10,8,39,0,39
2122212,3,46,100,37,23,209,9,218
2122213,7,133,317,55,20,532,11,543
2122214,4,33,99,29,14,179,4,183
2122215,0,23,40,13,8,84,0,84
2122216,0,43,63,14,12,132,3,135
2122217,4,26,48,22,15,115,0,115
2122218,0,0,0,0,0,0,0,0
2122219,3,51,35,13,6,108,5,113
2122220,0,24,64,22,12,122,3,125
2122221,10,30,47,5,9,101,3,104
2122222,27,204,329,57,30,647,15,662
2122223,0,33,53,26,9,121,3,124
2122224,5,56,83,26,3,173,3,176
2122225,4,41,69,17,6,137,3,140
2122226,0,25,42,15,6,88,3,91
2122227,0,28,53,8,7,96,0,96
2122228,3,17,57,26,7,110,0,110
2122229,3,17,60,12,7,99,0,99
2122230,0,13,58,15,10,96,3,99
2122231,0,12,76,33,15,136,3,139
2122232,0,29,122,47,20,218,3,221
2122233,0,17,87,31,19,154,3,157
2122234,3,26,70,23,11,133,4,137
2122235,6,44,98,29,15,192,3,195
2122236,0,12,85,20,13,130,0,130
2122237,0,11,74,21,5,111,0,111
2122238,0,10,77,28,8,123,0,123
2122239,3,32,65,32,17,149,6,155
2122240,0,31,68,20,11,130,4,134
2122241,0,28,70,15,8,121,6,127
2122242,0,5,5,4,3,17,0,17
2122243,4,9,18,4,4,39,7,46
2122244,8,127,230,39,16,420,4,424
2122245,3,38,168,37,22,268,5,273
2122246,19,167,392,101,34,713,11,724
2122247,17,229,509,115,31,901,10,911
2122248,5,194,593,123,61,976,21,997
2122249,3,15,74,16,11,119,3,122
2122250,9,160,360,73,43,645,14,659
2122251,0,32,72,32,12,148,0,148
2122252,14,100,82,22,8,226,4,230
2122253,4,73,119,36,13,245,3,248
2122254,5,38,79,26,0,148,3,151
2122255,0,39,80,28,12,159,3,162
2122301,16,62,35,14,0,127,6,133
2122302,12,102,56,20,9,199,9,208
2122303,15,37,37,12,3,104,11,115
2122304,31,86,64,14,4,199,6,205
2122305,43,114,41,13,11,222,13,235
2122306,39,71,30,9,0,149,7,156
2122307,28,52,26,8,3,117,5,122
2122308,32,85,38,6,3,164,3,167
2122309,26,69,60,13,3,171,7,178
2122310,9,28,31,17,6,91,10,101
2122311,8,28,49,11,12,108,11,119
2122312,12,56,71,32,11,182,12,194
2122313,9,37,49,12,10,117,3,120
2122314,15,49,65,28,5,162,11,173
2122315,4,35,34,15,0,88,3,91
2122316,7,22,31,10,5,75,4,79
2122317,9,23,32,27,7,98,7,105
2122318,8,48,50,20,13,139,4,143
2122319,12,50,40,14,9,125,6,131
2122320,0,16,60,23,8,107,6,113
2122321,0,22,54,22,11,109,0,109
2122322,20,54,35,6,6,121,9,130
2122323,10,46,41,20,3,120,5,125
2122324,0,0,0,0,0,0,0,0
2122325,0,0,3,0,0,3,0,3
2122326,5,35,42,28,19,129,7,136
2122327,9,23,32,18,7,89,4,93
2122328,11,39,49,18,5,122,5,127
2122329,6,27,44,21,19,117,3,120
2122330,8,24,36,24,10,102,8,110
2122331,31,82,31,3,3,150,7,157
2122332,12,50,25,13,3,103,4,107
2122333,28,81,53,15,6,183,6,189
2122334,23,64,45,10,4,146,8,154
2122335,0,0,0,0,0,0,0,0
2122336,11,51,66,32,6,166,6,172
2122337,3,32,34,21,18,108,11,119
2122338,4,33,44,19,18,118,0,118
2122339,17,58,41,5,4,125,4,129
2122340,14,51,45,7,3,120,6,126
2122341,11,41,60,15,4,131,4,135
2122342,18,82,59,20,3,182,11,193
2122343,11,52,48,22,11,144,6,150
2122344,0,0,0,0,0,0,0,0
2122345,13,56,55,17,6,147,13,160
2122346,10,58,49,27,13,157,14,171
2122347,6,50,45,30,12,143,3,146
2122348,16,46,43,20,10,135,7,142
2122349,3,56,44,22,6,131,3,134
2122350,0,0,0,0,0,0,0,0
2122351,18,42,34,9,4,107,7,114
2122352,7,23,20,10,4,64,4,68
2122353,15,50,46,16,12,139,7,146
2122354,27,81,35,13,0,156,12,168
2122401,0,22,58,23,28,131,4,135
2122402,3,53,49,18,16,139,10,149
2122403,0,37,51,12,3,103,3,106
2122404,3,38,103,22,14,180,6,186
2122405,10,49,51,19,7,136,5,141
2122406,0,76,87,38,10,211,5,216
2122407,0,14,42,31,22,109,0,109
2122408,0,22,41,24,22,109,4,113
2122409,3,13,38,37,34,125,7,132
2122410,3,35,104,37,20,199,3,202
2122411,0,12,48,27,11,98,0,98
2122412,0,42,127,43,14,226,5,231
2122413,0,24,50,26,21,121,5,126
2122414,0,19,64,34,23,140,4,144
2122415,4,42,48,31,22,147,4,151
2122416,0,30,34,22,6,92,5,97
2122417,4,23,53,29,29,138,4,142
2122418,6,36,45,31,17,135,3,138
2122419,3,22,41,15,11,92,3,95
2122420,0,11,39,11,20,81,3,84
2122421,4,25,69,34,9,141,4,145
2122422,0,16,79,21,18,134,4,138
2122423,0,4,17,6,13,40,3,43
2122424,0,26,30,11,9,76,3,79
2122425,4,61,62,22,10,159,8,167
2122426,3,23,51,20,20,117,5,122
2122427,4,69,108,38,30,249,6,255
2122501,3,20,64,20,19,126,3,129
2122502,5,31,80,50,39,205,3,208
2122503,3,16,37,19,20,95,4,99
2122504,0,20,53,31,27,131,7,138
2122505,0,11,30,14,23,78,0,78
2122506,0,8,30,13,18,69,3,72
2122507,11,80,59,24,12,186,5,191
2122508,6,29,29,8,5,77,3,80
2122509,4,67,102,23,7,203,3,206
2122510,0,20,62,39,34,155,0,155
2122511,3,16,36,25,26,106,6,112
2122512,0,12,50,24,33,119,3,122
2122513,0,0,0,0,0,0,0,0
2122514,0,28,46,13,15,102,0,102
2122515,0,0,0,0,0,0,0,0
2122516,3,28,75,26,13,145,0,145
2122517,16,50,30,12,9,117,5,122
2122518,10,51,30,8,7,106,3,109
2122519,4,26,79,27,17,153,6,159
2122520,3,33,32,16,8,92,3,95
2122521,3,48,73,17,6,147,3,150
2122601,14,51,43,14,10,132,7,139
2122602,33,124,82,18,0,257,7,264
2122603,21,97,75,12,11,216,10,226
2122604,27,88,83,22,3,223,6,229
2122605,18,86,96,28,5,233,3,236
2122606,29,89,75,19,10,222,10,232
2122607,11,76,57,11,6,161,0,161
2122608,10,66,88,31,17,212,10,222
2122609,14,60,71,13,8,166,7,173
2122610,10,42,50,6,5,113,4,117
2122611,0,17,44,17,6,84,3,87
2122612,14,60,71,18,10,173,7,180
2122613,13,65,72,16,11,177,6,183
2122614,11,40,51,19,5,126,0,126
2122615,11,51,45,16,3,126,10,136
2122616,0,0,0,0,0,0,0,0
2122617,8,38,41,8,4,99,0,99
2122701,0,0,0,0,0,0,0,0
2122801,5,25,84,35,22,171,0,171
2122802,4,20,50,24,17,115,4,119
2122803,49,85,16,6,3,159,15,174
2122804,0,0,0,0,0,0,0,0
2122805,0,0,0,0,0,0,0,0
2122806,6,67,58,18,15,164,3,167
2122807,11,41,60,21,3,136,4,140
2122808,3,37,65,13,8,126,3,129
2122809,5,52,46,9,11,123,6,129
2122810,16,66,74,29,6,191,7,198
2122811,4,52,75,34,19,184,12,196
2122812,3,70,81,20,10,184,5,189
2122813,6,16,42,19,20,103,4,107
2122814,0,9,40,20,16,85,0,85
2122815,0,17,49,13,11,90,0,90
2122816,0,10,27,17,6,60,3,63
2122817,0,25,88,31,14,158,0,158
2122818,0,0,0,0,0,0,3,3
2122819,0,26,64,37,24,151,7,158
2122820,3,38,90,18,12,161,3,164
2122821,3,23,67,16,6,115,0,115
2122822,5,35,79,29,6,154,0,154
2122823,0,49,80,25,10,164,5,169
2122824,0,3,7,3,6,19,4,23
2122825,0,4,0,0,0,4,0,4
2122826,0,7,14,12,18,51,3,54
2122901,7,60,64,16,5,152,8,160
2122902,11,87,63,23,6,190,3,193
2122903,5,38,61,20,8,132,3,135
2122904,12,39,53,15,6,125,0,125
2122905,6,26,39,21,6,98,0,98
2122906,11,32,53,40,23,159,3,162
2122907,9,48,48,12,5,122,0,122
2122908,20,95,82,17,7,221,14,235
2122909,23,70,59,10,8,170,11,181
2122910,9,47,54,24,10,144,8,152
2122911,3,36,69,24,25,157,4,161
2122912,0,27,45,12,7,91,3,94
2122913,0,22,50,21,8,101,4,105
2122914,9,31,51,38,26,155,6,161
2122915,0,19,30,11,8,68,0,68
2122916,3,24,49,14,11,101,6,107
2122917,15,60,43,16,9,143,5,148
2122918,14,65,63,18,10,170,4,174
2122919,5,40,39,9,0,93,0,93
2122920,0,24,47,21,6,98,0,98
2122921,10,63,88,24,9,194,8,202
2122922,0,46,82,10,4,142,4,146
2122923,11,53,78,18,4,164,12,176
2122924,7,38,83,16,13,157,3,160
2122925,6,28,32,5,3,74,3,77
2122926,18,73,63,25,9,188,6,194
2122927,15,66,56,15,9,161,11,172
2122928,4,42,46,24,7,123,5,128
2122929,9,63,75,23,11,181,6,187
2122930,10,71,55,16,5,157,3,160
2122931,8,41,42,7,3,101,7,108
2122932,15,28,22,10,7,82,0,82
2122933,3,38,53,21,8,123,3,126
2122934,3,15,42,28,14,102,4,106
2122935,20,73,70,18,4,185,4,189
2122936,14,41,20,11,3,89,5,94
2122937,3,33,62,16,8,122,5,127
2122938,18,75,78,17,15,203,11,214
2122939,8,48,62,16,8,142,3,145
2122940,23,68,77,19,7,194,5,199
2122941,24,53,28,11,3,119,0,119
2122942,3,18,31,11,13,76,5,81
2122943,5,30,89,38,12,174,0,174
2122944,5,37,51,22,7,122,0,122
2122945,12,55,42,11,6,126,7,133
2122946,11,43,48,20,11,133,0,133
2122947,7,40,76,16,7,146,0,146
2122948,4,26,34,16,7,87,0,87
2122949,9,31,61,18,3,122,3,125
2122950,5,42,60,11,8,126,7,133
2122951,5,48,69,18,8,148,4,152
2122952,9,61,69,30,8,177,3,180
2122953,11,51,56,19,4,141,6,147
2122954,7,61,92,18,11,189,3,192
2122955,3,41,32,13,10,99,3,102
2122956,18,76,67,20,15,196,4,200
2122957,11,29,30,15,3,88,0,88
2122958,0,28,22,16,4,70,7,77
2122959,3,13,56,19,6,97,0,97
2122960,4,44,50,13,0,111,6,117
2122961,9,40,39,13,13,114,10,124
2122962,11,42,75,29,9,166,9,175
2123001,15,52,75,6,4,152,3,155
2123002,6,16,60,20,6,108,3,111
2123003,14,49,40,12,4,119,8,127
2123004,18,49,38,6,0,111,8,119
2123005,3,39,63,17,6,128,3,131
2123006,20,61,60,22,8,171,5,176
2123007,6,54,69,15,5,149,10,159
2123008,21,65,54,7,10,157,10,167
2123009,10,45,83,17,10,165,4,169
2123010,26,61,67,19,7,180,9,189
2123011,4,56,67,17,4,148,8,156
2123012,3,50,81,26,14,174,4,178
2123013,10,37,49,9,3,108,7,115
2123014,4,27,49,14,11,105,4,109
2123015,10,59,49,20,3,141,3,144
2123016,13,54,38,12,3,120,3,123
2123017,6,26,20,7,3,62,3,65
2123101,3,38,69,25,16,151,6,157
2123102,3,29,80,29,20,161,4,165
2123103,10,22,41,11,7,91,3,94
2123104,7,69,94,16,18,204,3,207
2123105,8,34,49,17,9,117,3,120
2123106,14,33,60,26,11,144,3,147
2123107,8,60,59,17,15,159,4,163
2123108,9,45,52,23,13,142,4,146
2123109,11,44,84,25,13,177,0,177
2123110,4,10,32,17,9,72,0,72
2123111,3,30,67,22,12,134,3,137
2123112,3,21,50,10,6,90,4,94
2123113,6,48,87,22,11,174,0,174
2123114,4,35,38,8,3,88,3,91
2123115,8,38,60,16,6,128,3,131
2123116,6,28,44,22,12,112,5,117
2123117,9,34,79,24,11,157,4,161
2123118,5,25,53,18,4,105,3,108
2123119,4,32,47,14,17,114,0,114
2123120,8,63,65,18,4,158,14,172
2123121,8,26,42,16,10,102,10,112
2123122,4,60,89,21,13,187,4,191
2123201,0,8,51,27,13,99,0,99
2123202,0,26,82,47,29,184,0,184
2123203,0,14,67,27,20,128,0,128
2123204,0,26,41,20,10,97,0,97
2123205,0,19,54,25,25,123,3,126
2123206,0,11,38,9,8,66,0,66
2123207,0,77,115,21,15,228,3,231
2123208,0,11,23,6,6,46,3,49
2123209,0,23,69,33,19,144,3,147
2123210,5,50,80,36,7,178,0,178
2123211,3,61,72,23,7,166,3,169
2123212,0,8,37,6,6,57,0,57
2123213,0,22,67,24,11,124,3,127
2123214,11,53,49,11,5,129,6,135
2123215,7,41,96,38,21,203,4,207
2123216,0,11,57,27,23,118,3,121
2123217,9,68,58,7,8,150,3,153
2123218,3,19,69,24,20,135,3,138
2123219,0,54,74,30,17,175,3,178
2123220,0,23,62,34,31,150,3,153
2123221,0,15,62,29,16,122,0,122
2123222,3,21,76,19,4,123,0,123
2123223,0,25,81,35,3,144,0,144
2123224,0,11,41,24,23,99,3,102
2123225,0,0,0,0,0,0,0,0
2123226,0,0,0,0,0,0,0,0
2123227,0,48,44,23,6,121,5,126
2123228,0,38,39,21,13,111,0,111
2123229,0,8,13,14,11,46,0,46
2123230,30,38,14,0,4,86,9,95
2123301,0,29,50,12,9,100,4,104
2123302,4,28,80,33,13,158,0,158
2123303,3,25,52,16,7,103,4,107
2123304,0,12,25,12,5,54,0,54
2123305,0,15,41,18,18,92,0,92
2123306,0,13,20,7,9,49,0,49
2123307,4,26,70,30,11,141,3,144
2123308,8,31,54,12,7,112,5,117
2123309,3,68,67,25,8,171,3,174
2123310,0,7,80,28,12,127,0,127
2123401,3,40,65,19,5,132,0,132
2123402,3,25,79,37,35,179,3,182
2123403,4,50,71,27,17,169,0,169
2123404,4,18,51,20,11,104,0,104
2123405,0,13,55,36,21,125,0,125
2123406,0,20,49,30,21,120,3,123
2123407,0,13,54,43,22,132,8,140
2123408,0,19,50,37,21,127,3,130
2123409,6,41,59,14,17,137,3,140
2123501,0,23,34,31,18,106,0,106
2123502,0,6,43,23,15,87,0,87
2123503,0,25,56,36,25,142,3,145
2123504,0,33,72,24,8,137,4,141
2123505,8,81,74,28,15,206,8,214
2123506,0,44,50,19,11,124,3,127
2123507,8,41,96,20,15,180,4,184
2123508,8,35,31,8,15,97,3,100
2123509,3,54,106,32,16,211,3,214
2123510,5,41,61,21,20,148,3,151
2123511,0,33,74,23,21,151,3,154
2123512,9,42,46,17,14,128,7,135
2123513,5,36,77,33,25,176,5,181
2123514,0,10,52,34,14,110,4,114
2123515,0,17,40,21,15,93,0,93
2123516,0,26,86,37,13,162,3,165
2123517,3,21,50,41,22,137,0,137
2123518,0,15,45,16,11,87,3,90
2123519,0,25,68,29,39,161,0,161
2123520,5,23,43,30,18,119,9,128
2123521,0,14,52,31,17,114,8,122
2123601,28,89,71,16,8,212,4,216
2123602,16,67,75,28,10,196,3,199
2123603,25,59,66,9,7,166,3,169
2123604,21,83,67,25,0,196,3,199
2123605,0,3,0,0,0,3,0,3
2123606,25,54,34,4,0,117,17,134
2123607,28,71,33,10,4,146,13,159
2123608,15,32,21,9,5,82,4,86
2123609,10,29,29,11,5,84,4,88
2123610,20,90,72,17,3,202,7,209
2123611,21,44,21,6,4,96,3,99
2123612,40,43,12,3,0,98,5,103
2123613,22,50,31,11,4,118,11,129
2123614,15,71,40,9,8,143,6,149
2123615,25,98,77,8,7,215,5,220
2123616,11,26,26,9,0,72,3,75
2123617,26,32,33,4,3,98,7,105
2123618,15,36,14,5,0,70,5,75
2123701,0,0,0,0,0,0,0,0
2123702,25,68,65,21,7,186,13,199
2123703,23,61,52,13,9,158,8,166
2123704,23,55,47,12,5,142,9,151
2123705,17,63,47,17,10,154,6,160
2123706,20,86,63,19,7,195,8,203
2123707,32,75,55,16,6,184,3,187
2123708,27,62,58,7,5,159,8,167
2123709,23,56,26,17,3,125,8,133
2123710,15,51,39,9,17,131,10,141
2123711,0,0,0,0,0,0,0,0
2123712,16,71,58,27,9,181,11,192
2123713,0,0,0,0,0,0,0,0
2123714,15,56,34,11,6,122,9,131
2123715,30,90,57,8,6,191,14,205
2123716,40,65,48,13,3,169,7,176
2123717,29,63,41,10,0,143,10,153
2123718,16,92,50,14,7,179,9,188
2123719,8,40,35,11,3,97,8,105
2123720,11,60,38,17,0,126,5,131
2123721,29,65,38,6,7,145,13,158
2123722,12,80,62,18,7,179,10,189
2123723,9,43,31,10,4,97,5,102
2123724,7,32,33,11,7,90,6,96
2123725,17,48,30,9,4,108,3,111
2123726,14,54,46,12,9,135,10,145
2123727,9,33,69,19,7,137,0,137
2123728,19,68,45,15,8,155,6,161
2123729,17,44,54,11,5,131,7,138
2123730,10,63,45,12,3,133,7,140
2123731,18,50,30,4,3,105,0,105
2123801,23,57,33,13,3,129,16,145
2123802,21,63,62,19,12,177,6,183
2123803,18,57,60,27,10,172,8,180
2123804,13,50,36,5,6,110,0,110
2123805,20,47,30,11,3,111,5,116
2123806,22,65,51,20,8,166,3,169
2123807,5,43,29,12,3,92,8,100
2123808,25,41,30,10,12,118,8,126
2123809,23,37,26,8,4,98,9,107
2123810,7,30,31,10,5,83,4,87
2123811,23,37,24,7,0,91,5,96
2123812,25,80,53,15,3,176,14,190
2123813,25,43,22,5,3,98,3,101
2123814,20,65,37,10,4,136,9,145
2123815,21,41,37,14,5,118,4,122
2123816,13,44,36,13,8,114,3,117
2123817,24,42,41,15,4,126,8,134
2123818,18,47,44,6,3,118,3,121
2123819,17,50,47,17,7,138,7,145
2123820,15,43,34,3,3,98,7,105
2123821,13,31,44,12,4,104,3,107
2123822,34,75,41,5,7,162,10,172
2123823,39,92,58,11,4,204,5,209
2123824,6,22,33,10,4,75,5,80
2123825,14,49,31,7,3,104,0,104
2123826,12,37,30,10,3,92,0,92
2123827,17,39,30,16,0,102,7,109
2123828,24,76,33,15,3,151,5,156
2123829,15,34,20,6,0,75,7,82
2123830,7,60,52,17,4,140,4,144
2123831,9,38,68,12,6,133,7,140
2123832,8,38,60,3,5,114,4,118
2123833,9,58,50,15,4,136,4,140
2123834,5,58,33,14,9,119,4,123
2123835,15,43,36,9,11,114,3,117
2123836,3,37,48,9,0,97,0,97
2123837,6,35,35,17,4,97,0,97
2123838,19,54,47,23,0,143,8,151
2123839,23,54,53,13,7,150,5,155
2123840,11,36,41,14,8,110,4,114
2123841,25,49,28,11,7,120,8,128
2123842,62,88,4,0,0,154,11,165
2123843,7,39,37,3,9,95,4,99
2123844,18,62,45,20,3,148,0,148
2123845,14,63,60,25,4,166,6,172
2123846,6,35,31,5,4,81,7,88
2123847,9,34,40,13,7,103,3,106
2123848,8,51,46,30,21,156,4,160
2123849,18,90,60,15,14,197,12,209
2123850,47,122,49,8,3,229,12,241
2123851,30,79,27,3,3,142,6,148
2123852,35,112,48,4,3,202,7,209
2123853,17,76,39,10,5,147,3,150
2123854,13,59,42,13,6,133,7,140
2123855,29,91,36,3,4,163,13,176
2123856,23,43,38,12,8,124,3,127
2123857,19,47,55,8,3,132,4,136
2123858,8,48,34,4,4,98,0,98
2123859,16,50,42,15,3,126,6,132
2123860,18,59,49,10,4,140,5,145
2123861,0,0,0,0,0,0,0,0
2123862,0,0,0,0,0,0,0,0
2123863,0,0,0,0,0,0,0,0
2123864,0,23,64,29,14,130,0,130
2123865,17,147,119,16,3,302,15,317
2123866,16,75,64,15,8,178,8,186
2123867,0,28,48,29,15,120,0,120
2123868,20,70,59,25,4,178,9,187
2123869,0,52,124,35,12,223,0,223
2123870,3,44,97,16,3,163,5,168
2123871,3,18,69,13,6,109,3,112
2123872,29,71,34,5,3,142,6,148
2123873,17,55,35,14,3,124,3,127
2123874,12,40,38,5,3,98,0,98
2123901,18,117,76,13,7,231,8,239
2123902,9,64,73,24,14,184,3,187
2123903,6,53,60,23,13,155,5,160
2123904,14,52,29,6,4,105,0,105
2123905,11,43,51,10,4,119,5,124
2123906,13,99,57,18,3,190,9,199
2123907,16,81,71,14,11,193,6,199
2123908,27,62,52,8,0,149,0,149
2123909,90,139,43,10,0,282,20,302
2123910,21,52,66,16,0,155,3,158
2123911,8,53,66,11,7,145,3,148
2123912,12,51,43,15,11,132,6,138
2123913,12,47,49,20,3,131,3,134
2123914,6,59,45,19,3,132,3,135
2123915,34,144,81,6,9,274,14,288
2123916,27,69,70,17,0,183,7,190
2123917,19,130,88,19,8,264,6,270
2123918,16,102,67,16,5,206,8,214
2123919,13,52,45,20,11,141,3,144
2123920,7,38,48,13,3,109,0,109
2123921,3,45,43,14,3,108,3,111
2123922,4,43,68,14,4,133,3,136
2123923,19,85,73,14,18,209,4,213
2123924,6,76,60,14,9,165,3,168
2123925,12,81,68,29,6,196,4,200
2123926,23,107,93,16,7,246,7,253
2123927,10,64,90,21,10,195,5,200
2123928,3,30,40,5,8,86,3,89
2123929,17,70,64,10,6,167,3,170
2123930,7,43,46,17,7,120,3,123
2123931,24,105,71,14,7,221,15,236
2123932,16,102,58,12,3,191,6,197
2123933,15,90,59,16,5,185,8,193
2123934,22,100,43,14,8,187,12,199
2123935,11,44,36,11,8,110,7,117
2123936,17,44,39,12,0,112,3,115
2123937,11,64,49,11,4,139,5,144
2123938,21,96,72,13,15,217,10,227
2123939,3,25,45,15,10,98,0,98
2123940,19,87,47,6,4,163,4,167
2123941,23,71,57,14,3,168,6,174
2123942,17,66,22,5,3,113,6,119
2123943,8,60,39,12,10,129,6,135
2123944,8,48,31,15,5,107,4,111
2123945,19,70,68,19,7,183,10,193
2123946,12,96,56,21,3,188,9,197
2123947,16,72,25,7,5,125,3,128
2124001,0,6,37,21,17,81,3,84
2124002,5,71,81,28,17,202,3,205
2124003,13,75,84,31,12,215,10,225
2124004,0,12,78,38,18,146,5,151
2124005,0,18,39,45,31,133,4,137
2124006,6,37,48,21,8,120,9,129
2124007,0,0,0,0,0,0,0,0
2124008,10,47,48,17,5,127,3,130
2124009,5,20,39,17,10,91,0,91
2124010,7,36,30,14,6,93,3,96
2124011,4,46,56,11,6,123,5,128
2124012,0,6,30,25,16,77,0,77
2124013,3,14,64,31,23,135,0,135
2124014,4,37,81,14,21,157,0,157
2124015,4,14,103,39,27,187,3,190
2124016,0,14,95,29,24,162,4,166
2124017,0,10,33,27,24,94,0,94
2124018,0,15,88,22,17,142,0,142
2124019,0,33,73,18,16,140,3,143
2124020,3,9,47,24,24,107,0,107
2124021,0,51,65,23,13,152,3,155
2124022,0,17,78,37,9,141,3,144
2124023,3,29,37,10,12,91,3,94
2124024,3,29,30,13,3,78,3,81
2124025,0,38,39,15,10,102,5,107
2124026,4,68,92,24,4,192,0,192
2124027,7,43,52,14,11,127,3,130
2124028,4,46,35,12,9,106,3,109
2124029,3,17,62,22,11,115,3,118
2124030,0,33,59,17,14,123,3,126
2124031,3,35,59,17,18,132,0,132
2124032,0,23,28,18,4,73,0,73
2124101,3,21,67,24,18,133,0,133
2124102,0,44,91,15,10,160,4,164
2124103,4,27,58,32,19,140,4,144
2124104,5,34,60,30,16,145,3,148
2124105,3,34,107,47,28,219,3,222
2124106,3,16,28,16,9,72,0,72
2124107,11,28,52,12,10,113,4,117
2124108,4,66,73,18,7,168,0,168
2124109,9,78,68,26,9,190,4,194
2124110,3,42,49,15,10,119,7,126
2124111,3,54,55,18,12,142,4,146
2124112,6,65,90,30,11,202,3,205
2124113,24,66,27,12,4,133,4,137
2124114,12,42,45,18,9,126,0,126
2124115,10,76,69,18,7,180,8,188
2124116,8,54,63,20,4,149,6,155
2124117,15,47,38,10,5,115,7,122
2124118,15,68,65,16,8,172,5,177
2124119,9,56,75,29,13,182,4,186
2124120,3,30,53,19,7,112,0,112
2124121,0,48,87,40,13,188,3,191
2124122,6,44,86,30,4,170,3,173
2124123,4,14,33,19,6,76,0,76
2124124,0,44,97,24,8,173,0,173
2124125,4,36,85,20,5,150,8,158
2124126,5,54,79,19,11,168,4,172
2124127,11,92,88,20,6,217,3,220
2124128,4,82,83,24,10,203,4,207
2124129,3,33,50,20,14,120,3,123
2124130,6,33,78,17,12,146,4,150
2124131,3,44,109,27,13,196,0,196
2124132,3,22,88,37,15,165,3,168
2124133,3,48,191,56,28,326,3,329
2124134,48,63,31,6,0,148,3,151
2124135,22,83,25,6,3,139,3,142
2124136,28,105,89,17,13,252,3,255
2124137,6,65,57,25,13,166,3,169
2124138,6,27,36,20,8,97,3,100
2124139,0,32,61,29,5,127,0,127
2124140,4,83,63,24,6,180,7,187
2124141,4,42,57,18,10,131,0,131
2124142,3,51,54,13,5,126,3,129
2124143,7,49,44,19,13,132,0,132
2124144,0,20,48,28,22,118,0,118
2124145,0,34,93,46,16,189,8,197
2124146,4,49,84,26,14,177,4,181
2124147,0,11,20,12,19,62,0,62
2124148,0,21,38,30,41,130,5,135
2124149,4,17,15,15,18,69,0,69
2124150,0,13,40,16,23,92,3,95
2124151,4,10,25,8,17,64,0,64
2124152,32,86,50,7,5,180,10,190
2124153,8,65,64,28,12,177,3,180
2124154,69,152,52,15,7,295,14,309
2124155,0,32,74,17,9,132,3,135
2124201,24,83,63,15,6,191,17,208
2124202,12,56,47,11,8,134,9,143
2124203,15,76,64,13,12,180,10,190
2124204,19,78,60,22,3,182,11,193
2124205,29,91,55,14,10,199,14,213
2124206,51,65,33,8,0,157,9,166
2124207,36,58,22,9,7,132,8,140
2124208,35,54,44,11,11,155,9,164
2124209,36,50,33,11,7,137,10,147
2124210,30,67,23,12,4,136,13,149
2124211,14,38,27,16,5,100,3,103
2124212,33,112,52,14,4,215,12,227
2124213,37,70,39,7,3,156,10,166
2124214,16,61,30,6,3,116,5,121
2124215,29,88,65,15,12,209,15,224
2124216,3,24,11,3,3,44,0,44
2124217,15,40,17,5,0,77,0,77
2124218,25,59,48,7,9,148,10,158
2124219,18,54,11,0,0,83,8,91
2124220,7,46,49,21,8,131,3,134
2124221,9,40,45,11,3,108,7,115
2124222,6,41,52,18,10,127,6,133
2124223,0,4,0,0,0,4,0,4
2124224,22,49,41,20,3,135,4,139
2124225,32,59,40,12,3,146,8,154
2124226,0,0,0,0,0,0,0,0
2124227,22,24,20,3,3,72,0,72
2124301,18,60,27,11,7,123,6,129
2124302,9,29,27,9,0,74,3,77
2124303,0,0,0,0,0,0,0,0
2124304,0,0,0,0,0,0,0,0
2124305,28,91,6,3,3,131,12,143
2124306,11,41,50,23,4,129,10,139
2124307,6,24,20,7,3,60,0,60
2124308,14,44,21,5,5,89,7,96
2124309,10,34,43,16,5,108,8,116
2124310,7,30,44,19,7,107,7,114
2124311,12,27,31,12,3,85,8,93
2124312,21,43,45,15,7,131,9,140
2124313,5,22,17,5,10,59,3,62
2124314,18,58,39,23,0,138,8,146
2124315,8,31,25,8,5,77,7,84
2124316,22,34,17,3,0,76,4,80
2124317,17,53,40,13,3,126,4,130
2124318,8,47,68,20,8,151,9,160
2124319,10,43,48,18,8,127,4,131
2124320,16,70,56,15,14,171,4,175
2124321,18,72,49,11,6,156,6,162
2124322,0,0,0,0,0,0,0,0
2124323,17,65,47,11,5,145,11,156
2124324,5,15,34,9,3,66,0,66
2124325,13,44,28,10,0,95,8,103
2124326,7,44,43,11,5,110,3,113
2124327,17,56,49,22,12,156,10,166
2124328,9,55,40,17,9,130,9,139
2124329,10,50,58,14,4,136,16,152
2124330,12,39,31,12,5,99,3,102
2124331,7,26,25,12,8,78,3,81
2124332,11,27,20,6,3,67,4,71
2124333,15,68,43,6,3,135,12,147
2124334,8,42,40,17,3,110,3,113
2124335,12,44,51,18,7,132,5,137
2124336,12,51,48,15,0,126,14,140
2124337,3,53,38,17,6,117,3,120
2124338,16,30,19,4,3,72,3,75
2124339,9,32,24,11,10,86,0,86
2124340,4,23,53,13,5,98,5,103
2124341,10,47,31,8,3,99,4,103
2124342,9,29,28,9,5,80,3,83
2124343,8,40,41,24,5,118,9,127
2124344,18,30,28,13,3,92,3,95
2124401,0,38,50,28,16,132,0,132
2124402,9,36,33,25,8,111,3,114
2124403,10,39,50,26,15,140,3,143
2124404,0,9,40,38,40,127,3,130
2124405,3,27,46,11,5,92,0,92
2124406,3,21,22,10,6,62,0,62
2124407,5,63,127,22,10,227,3,230
2124408,0,38,81,19,13,151,4,155
2124409,3,39,53,21,12,128,0,128
2124410,0,45,96,22,12,175,6,181
2124411,8,107,226,54,20,415,11,426
2124412,4,18,58,14,12,106,3,109
2124413,0,13,23,12,8,56,3,59
2124414,5,48,85,27,19,184,5,189
2124415,10,48,72,34,11,175,4,179
2124416,5,49,65,32,15,166,3,169
2124417,3,22,28,10,10,73,0,73
2124418,7,46,43,15,12,123,3,126
2124419,6,19,32,11,14,82,0,82
2124420,10,55,59,16,3,143,4,147
2124421,5,37,46,15,12,115,3,118
2124422,10,26,38,13,8,95,4,99
2124423,13,63,61,16,12,165,3,168
2124424,10,73,56,22,3,164,4,168
2124425,3,35,32,11,9,90,3,93
2124426,6,12,50,19,7,94,0,94
2124427,3,30,33,20,9,95,0,95
2124428,8,54,50,18,8,138,3,141
2124429,12,61,60,17,3,153,12,165
2124430,9,40,44,14,3,110,3,113
2124431,3,47,62,12,6,130,3,133
2124432,0,64,96,17,8,185,7,192
2124433,7,41,62,32,16,158,4,162
2124434,4,49,73,21,16,163,4,167
2124435,0,34,54,18,12,118,3,121
2124436,3,27,82,20,12,144,4,148
2124437,3,28,68,36,9,144,3,147
2124438,0,67,122,28,7,224,7,231
2124439,5,30,56,18,5,114,4,118
2124440,6,59,104,20,13,202,4,206
2124441,0,18,66,36,14,134,3,137
2124442,3,31,63,37,18,152,0,152
2124443,8,66,134,34,8,250,3,253
2124444,9,50,64,26,13,162,3,165
2124445,7,46,56,24,11,144,7,151
2124446,4,28,41,10,6,89,3,92
2124447,3,26,38,25,3,95,4,99
2124448,5,25,31,12,8,81,0,81
2124449,66,723,972,231,61,2053,49,2102
2124450,3,59,109,30,9,210,3,213
2124451,9,54,106,20,12,201,3,204
2124452,3,40,38,11,5,97,7,104
2124453,0,21,54,12,17,104,8,112
2124454,0,11,29,24,17,81,5,86
2124455,7,36,48,19,12,122,6,128
2124456,0,18,21,19,14,72,3,75
2124457,6,38,48,10,11,113,0,113
2124458,3,6,46,31,20,106,3,109
2124459,4,21,28,11,8,72,3,75
2124460,5,21,35,16,11,88,3,91
2124461,5,19,31,16,3,74,3,77
2124462,0,30,32,8,4,74,3,77
2124501,4,66,70,20,18,178,4,182
2124502,7,41,43,27,16,134,4,138
2124503,5,19,55,21,10,110,0,110
2124504,5,34,43,15,4,101,6,107
2124505,9,49,48,17,15,138,4,142
2124506,9,51,58,20,7,145,3,148
2124507,17,34,47,15,10,123,7,130
2124508,4,54,71,18,10,157,6,163
2124509,4,23,24,17,11,79,3,82
2124510,13,61,28,17,6,125,8,133
2124511,5,44,42,14,6,111,6,117
2124512,5,31,35,12,4,87,9,96
2124513,11,35,47,23,10,126,7,133
2124514,4,47,60,39,16,166,3,169
2124515,11,44,59,14,5,133,5,138
2124516,4,41,36,11,9,101,5,106
2124517,4,31,56,13,7,111,3,114
2124518,6,50,51,32,10,149,3,152
2124519,4,35,48,24,10,121,0,121
2124520,5,25,31,11,5,77,3,80
2124521,5,27,37,10,7,86,5,91
2124522,3,21,21,14,6,65,3,68
2124523,18,79,75,25,8,205,10,215
2124524,9,47,51,19,3,129,3,132
2124525,16,32,35,10,0,93,6,99
2124526,16,61,63,31,17,188,3,191
2124527,3,33,38,7,3,84,4,88
2124528,5,71,78,26,17,197,9,206
2124529,5,29,56,22,13,125,3,128
2124530,0,19,108,36,23,186,3,189
2124531,14,83,71,19,11,198,4,202
2124532,10,66,57,24,4,161,14,175
2124533,5,26,45,21,6,103,7,110
2124534,0,0,0,0,0,0,0,0
2124535,0,0,0,0,0,0,0,0
2124536,0,0,0,0,0,0,0,0
2124537,0,0,0,0,0,0,0,0
2124538,6,43,42,22,7,120,4,124
2124539,5,31,50,32,28,146,3,149
2124540,5,52,71,32,12,172,3,175
2124541,5,54,78,33,13,183,4,187
2124542,0,34,85,32,14,165,6,171
2124543,3,11,77,27,25,143,3,146
2124544,0,14,22,17,8,61,0,61
2124545,0,19,40,12,5,76,0,76
2124546,6,49,65,28,19,167,5,172
2124547,3,41,36,16,9,105,6,111
2124548,3,32,52,26,20,133,0,133
2124601,4,36,59,39,22,160,7,167
2124602,3,29,62,38,30,162,3,165
2124603,3,12,44,38,26,123,3,126
2124604,0,10,60,18,15,103,0,103
2124605,0,11,28,26,31,96,0,96
2124606,4,8,53,39,16,120,3,123
2124607,0,16,43,29,16,104,3,107
2124608,0,13,31,24,21,89,3,92
2124609,8,20,51,27,24,130,5,135
2124610,5,28,73,31,22,159,4,163
2124611,3,26,64,29,18,140,0,140
2124612,4,12,60,31,13,120,0,120
2124613,0,4,20,26,19,69,0,69
2124614,0,22,61,28,22,133,4,137
2124615,3,13,58,36,34,144,5,149
2124616,0,3,30,21,27,81,0,81
2124617,0,13,78,45,20,156,0,156
2124618,0,11,46,18,12,87,0,87
2124619,0,13,47,22,18,100,0,100
2124620,3,15,52,19,26,115,5,120
2124621,0,14,38,18,20,90,3,93
2124622,0,14,20,10,17,61,4,65
2124623,3,13,17,25,23,81,5,86
2124624,0,7,37,19,29,92,3,95
2124625,3,15,99,25,20,162,3,165
2124626,5,27,129,41,23,225,3,228
2124627,3,12,55,22,10,102,0,102
2124628,0,19,36,25,25,105,6,111
2124629,0,11,33,20,20,84,0,84
2124701,9,39,61,14,7,130,5,135
2124702,3,33,36,25,6,103,3,106
2124703,10,40,57,19,13,139,11,150
2124704,14,71,73,19,8,185,12,197
2124705,22,52,30,19,3,126,11,137
2124706,20,61,65,19,7,172,14,186
2124707,11,27,14,15,5,72,7,79
2124708,9,51,68,14,6,148,7,155
2124709,3,41,55,24,9,132,4,136
2124710,13,61,47,9,4,134,7,141
2124711,10,43,62,26,7,148,3,151
2124712,3,33,60,12,9,117,4,121
2124713,10,53,57,18,8,146,7,153
2124714,11,48,56,28,3,146,3,149
2124715,9,68,61,29,4,171,6,177
2124716,18,42,38,15,6,119,12,131
2124717,5,44,52,14,6,121,8,129
2124718,4,55,51,19,4,133,3,136
2124719,9,52,35,13,3,112,8,120
2124720,11,46,42,22,6,127,7,134
2124721,13,50,59,20,7,149,7,156
2124722,12,52,65,23,7,159,4,163
2124723,6,44,73,21,11,155,4,159
2124724,13,55,70,24,9,171,4,175
2124725,9,59,62,27,12,169,12,181
2124726,6,32,58,13,12,121,0,121
2124727,3,44,53,26,7,133,4,137
2124728,8,28,48,16,3,103,5,108
2124729,8,42,15,3,3,71,4,75
2124730,3,23,17,11,7,61,0,61
2124801,4,4,8,0,4,20,0,20
2124901,12,52,60,15,7,146,4,150
2124902,5,35,55,16,10,121,3,124
2124903,5,34,64,29,12,144,5,149
2124904,4,25,58,11,13,111,0,111
2124905,0,43,46,14,6,109,5,114
2124906,5,22,45,14,11,97,3,100
2124907,7,26,65,24,7,129,3,132
2124908,0,41,89,22,23,175,3,178
2124909,0,0,6,0,0,6,0,6
2124910,0,22,47,26,8,103,3,106
2124911,0,22,60,22,7,111,5,116
2124912,3,38,111,35,10,197,4,201
2124913,0,34,61,18,11,124,0,124
2124914,0,18,45,13,9,85,0,85
2124915,3,31,45,14,10,103,0,103
2124916,8,39,57,15,6,125,3,128
2124917,5,31,24,10,4,74,4,78
2124918,3,44,67,21,9,144,7,151
2124919,0,19,30,17,7,73,6,79
2124920,8,38,65,17,11,139,3,142
2124921,0,38,73,23,11,145,3,148
2124922,3,29,43,20,5,100,0,100
2124923,7,38,62,9,5,121,5,126
2124924,3,45,45,23,3,119,7,126
2124925,12,46,48,10,4,120,4,124
2124926,4,36,71,19,9,139,12,151
2124927,4,30,32,17,7,90,6,96
2124928,4,31,70,31,8,144,3,147
2124929,0,23,48,19,6,96,0,96
2124930,3,18,42,14,6,83,0,83
2124931,5,17,29,5,4,60,5,65
2124932,0,22,53,19,16,110,4,114
2124933,4,19,58,20,19,120,3,123
2124934,6,47,46,25,3,127,6,133
2124935,0,0,0,0,0,0,0,0
2124936,3,12,40,11,5,71,4,75
2124937,3,23,37,13,4,80,3,83
2124938,7,30,42,14,5,98,3,101
2124939,11,35,49,18,4,117,5,122
2124940,3,45,42,9,4,103,5,108
2124941,4,29,49,13,3,98,5,103
2124942,5,29,39,10,5,88,0,88
2124943,5,24,57,18,10,114,3,117
2124944,3,23,61,16,13,116,4,120
2124945,7,40,44,18,3,112,5,117
2124946,3,20,30,13,3,69,0,69
2124947,0,18,59,7,4,88,3,91
2125001,6,99,63,13,9,190,5,195
2125002,4,56,62,13,3,138,0,138
2125003,26,83,64,16,5,194,7,201
2125004,29,106,61,18,9,223,7,230
2125005,13,81,42,21,6,163,8,171
2125006,14,43,44,18,13,132,9,141
2125007,23,116,91,12,9,251,12,263
2125008,0,0,4,0,0,4,0,4
2125009,3,58,60,28,16,165,4,169
2125010,18,53,50,24,7,152,9,161
2125011,9,64,59,14,16,162,5,167
2125012,8,38,41,11,3,101,5,106
2125013,4,44,56,14,7,125,3,128
2125014,5,44,67,21,12,149,5,154
2125015,7,21,29,9,5,71,0,71
2125016,10,41,36,7,5,99,6,105
2125017,0,0,0,0,0,0,0,0
2125018,4,73,49,8,0,134,6,140
2125019,0,0,0,0,0,0,0,0
2125101,3,16,35,12,3,69,0,69
2125102,8,43,64,20,9,144,4,148
2125103,13,45,64,15,4,141,6,147
2125104,5,39,64,19,5,132,6,138
2125105,8,58,103,29,19,217,8,225
2125106,10,88,84,17,12,211,7,218
2125107,18,113,75,24,12,242,10,252
2125108,6,42,36,10,0,94,4,98
2125109,5,78,98,21,13,215,4,219
2125110,14,74,36,7,3,134,9,143
2125111,26,78,43,4,3,154,11,165
2125112,10,79,106,32,23,250,7,257
2125113,5,26,61,16,15,123,8,131
2125114,9,101,82,25,13,230,8,238
2125115,5,55,63,18,7,148,0,148
2125116,5,52,55,27,8,147,3,150
2125117,0,30,57,14,4,105,3,108
2125118,32,79,79,32,17,239,10,249
2125119,4,25,46,23,6,104,3,107
2125120,21,126,96,28,4,275,13,288
2125121,8,49,40,8,6,111,3,114
2125122,0,0,0,0,0,0,0,0
2125123,5,40,45,18,4,112,3,115
2125124,11,60,51,18,3,143,3,146
2125125,12,35,30,8,5,90,3,93
2125126,4,29,32,13,12,90,4,94
2125127,5,22,51,17,6,101,0,101
2125128,30,81,44,8,0,163,10,173
2125201,0,0,0,0,0,0,0,0
2125202,3,38,84,35,13,173,5,178
2125203,3,32,53,17,10,115,3,118
2125204,6,49,81,25,18,179,3,182
2125205,6,38,42,17,6,109,8,117
2125206,3,43,45,20,9,120,0,120
2125207,14,40,56,17,7,134,5,139
2125208,17,85,75,31,12,220,7,227
2125209,3,41,53,14,7,118,3,121
2125210,4,60,85,28,11,188,5,193
2125211,0,38,71,19,18,146,0,146
2125212,3,52,70,26,21,172,4,176
2125213,3,46,90,40,13,192,3,195
2125214,4,47,106,25,14,196,5,201
2125215,3,28,73,29,12,145,6,151
2125216,7,66,95,30,19,217,4,221
2125217,8,68,85,38,25,224,4,228
2125218,3,39,78,18,10,148,5,153
2125219,13,75,72,13,13,186,8,194
2125220,38,59,61,28,7,193,12,205
2125221,4,42,58,14,7,125,0,125
2125222,8,47,71,31,7,164,4,168
2125223,7,65,49,11,6,138,7,145
2125224,7,51,85,15,15,173,8,181
2125225,6,88,66,17,11,188,3,191
2125226,0,76,77,10,10,173,3,176
2125227,9,57,65,17,7,155,0,155
2125228,13,69,71,19,0,172,6,178
2125229,15,77,86,28,8,214,9,223
2125230,14,74,24,9,9,130,0,130
2125231,23,143,104,21,4,295,8,303
2125232,23,99,55,4,0,181,9,190
2125233,10,75,62,16,5,168,7,175
2125234,6,52,55,7,7,127,3,130
2125235,9,64,61,19,5,158,4,162
2125236,10,38,50,25,6,129,3,132
2125237,18,74,50,15,12,169,7,176
2125238,25,119,73,15,3,235,8,243
2125239,10,49,49,25,10,143,5,148
2125240,20,94,84,20,6,224,10,234
2125241,0,10,43,19,8,80,0,80
2125242,6,70,72,20,8,176,4,180
2125243,3,63,87,38,12,203,7,210
2125244,3,53,54,16,11,137,5,142
2125245,12,124,107,35,15,293,8,301
2125246,9,34,60,22,3,128,3,131
2125247,20,58,42,12,3,135,7,142
2125248,5,28,65,35,11,144,3,147
2125249,4,31,37,10,6,88,3,91
2125250,0,16,68,34,21,139,3,142
2125251,0,0,0,0,0,0,0,0
2125252,0,25,37,9,8,79,3,82
2125253,0,35,54,18,8,115,3,118
2125254,5,38,52,11,6,112,4,116
2125255,15,85,56,14,6,176,7,183
2125256,25,77,39,4,3,148,3,151
2125257,10,30,51,20,10,121,0,121
2125258,13,35,29,7,7,91,6,97
2125259,6,58,53,14,11,142,0,142
2125260,0,33,50,10,5,98,3,101
2125261,0,33,37,10,7,87,3,90
2125301,4,19,55,11,12,101,3,104
2125302,6,31,70,19,15,141,3,144
2125303,4,29,55,25,15,128,0,128
2125304,3,29,121,22,10,185,3,188
2125305,3,37,50,17,6,113,4,117
2125306,6,32,66,28,11,143,4,147
2125307,0,49,84,27,16,176,3,179
2125308,4,49,78,22,12,165,4,169
2125309,10,46,84,31,13,184,3,187
2125310,3,39,47,10,10,109,4,113
2125311,12,50,78,23,9,172,9,181
2125312,9,37,61,14,13,134,3,137
2125313,7,43,60,22,16,148,5,153
2125314,3,40,70,21,10,144,7,151
2125315,6,67,73,46,22,214,7,221
2125316,21,117,72,15,7,232,5,237
2125317,13,58,61,24,10,166,4,170
2125318,13,69,29,7,4,122,7,129
2125319,10,43,77,30,16,176,3,179
2125320,14,53,83,12,17,179,0,179
2125321,5,28,57,20,12,122,0,122
2125322,14,58,94,23,15,204,0,204
2125323,12,52,102,35,13,214,3,217
2125324,0,27,46,10,7,90,0,90
2125325,0,37,96,19,30,182,9,191
2125326,11,40,52,20,14,137,3,140
2125327,3,50,114,22,10,199,5,204
2125328,3,46,44,17,3,113,0,113
2125329,5,48,62,16,7,138,3,141
2125330,4,46,66,26,11,153,0,153
2125331,5,45,59,26,22,157,6,163
2125332,9,45,52,31,13,150,8,158
2125333,5,48,73,30,14,170,0,170
2125334,5,46,68,33,6,158,3,161
2125335,7,43,84,12,16,162,4,166
2125336,0,52,84,23,12,171,3,174
2125337,4,37,58,17,9,125,7,132
2125338,5,47,66,20,16,154,3,157
2125339,7,28,46,14,7,102,3,105
2125340,12,33,41,8,12,106,7,113
2125341,3,60,102,29,7,201,5,206
2125342,5,55,86,29,11,186,5,191
2125343,10,79,70,18,8,185,5,190
2125344,6,62,67,27,9,171,4,175
2125345,17,80,75,26,9,207,0,207
2125346,9,88,78,30,11,216,4,220
2125347,4,44,40,10,5,103,3,106
2125348,18,63,58,10,4,153,5,158
2125349,0,23,47,8,9,87,4,91
2125350,10,41,72,12,7,142,0,142
2125351,24,89,74,17,14,218,6,224
2125352,7,51,56,17,11,142,3,145
2125353,4,50,57,33,7,151,5,156
2125354,3,52,85,28,18,186,3,189
2125355,6,69,80,16,8,179,3,182
2125356,11,58,36,7,3,115,3,118
2125357,6,34,33,16,8,97,3,100
2125358,13,86,97,26,11,233,9,242
2125359,11,72,37,13,11,144,5,149
2125360,46,135,60,20,13,274,13,287
2125361,3,25,67,20,10,125,3,128
2125362,0,30,72,27,16,145,3,148
2125363,0,30,90,26,17,163,0,163
2125364,5,16,47,20,7,95,0,95
2125365,0,0,0,0,0,0,0,0
2125401,9,56,63,19,11,158,3,161
2125402,7,64,63,20,13,167,6,173
2125403,0,80,109,27,9,225,6,231
2125404,0,41,57,12,5,115,3,118
2125405,3,36,66,24,11,140,0,140
2125406,3,53,83,24,13,176,4,180
2125407,0,0,0,0,0,0,0,0
2125408,7,45,60,28,16,156,5,161
2125409,4,35,95,22,6,162,0,162
2125410,0,34,66,20,11,131,0,131
2125411,7,36,67,21,15,146,3,149
2125412,3,11,29,21,5,69,0,69
2125413,6,46,90,24,19,185,3,188
2125414,4,38,68,25,15,150,3,153
2125415,5,34,71,18,5,133,6,139
2125416,0,45,105,38,13,201,0,201
2125417,4,52,53,18,7,134,0,134
2125418,0,0,3,0,0,3,0,3
2125419,7,57,94,21,17,196,4,200
2125420,8,45,74,22,14,163,3,166
2125421,8,60,65,27,11,171,3,174
2125422,5,49,102,18,12,186,7,193
2125423,0,30,50,12,9,101,0,101
2125424,8,38,79,15,13,153,3,156
2125425,3,36,60,27,15,141,3,144
2125426,0,0,0,0,0,0,0,0
2125427,0,0,0,0,0,0,0,0
2125428,0,36,48,20,10,114,3,117
2125429,5,49,68,23,7,152,7,159
2125430,6,46,81,29,8,170,5,175
2125431,9,48,91,31,17,196,3,199
2125432,0,73,43,0,0,116,4,120
2125433,0,16,45,16,5,82,3,85
2125434,5,29,48,21,5,108,0,108
2125501,0,11,74,24,11,120,3,123
2125502,0,27,66,18,5,116,0,116
2125503,0,16,71,32,23,142,0,142
2125504,3,26,124,45,52,250,4,254
2125505,0,34,73,24,11,142,5,147
2125506,4,13,85,26,16,144,4,148
2125507,0,5,56,30,30,121,0,121
2125508,0,3,33,20,23,79,3,82
2125509,0,3,36,14,14,67,0,67
2125510,0,3,46,38,14,101,3,104
2125511,0,6,11,18,16,51,5,56
2125512,0,69,94,35,13,211,6,217
2125513,4,6,61,14,25,110,3,113
2125514,0,21,66,26,6,119,4,123
2125515,0,14,34,23,19,90,0,90
2125601,5,16,25,20,8,74,3,77
2125602,4,28,51,19,5,107,0,107
2125603,0,30,65,14,14,123,0,123
2125604,0,21,55,13,9,98,3,101
2125605,7,57,80,21,15,180,6,186
2125606,5,33,60,17,8,123,3,126
2125607,0,0,0,0,0,0,0,0
2125608,4,37,88,33,16,178,3,181
2125609,5,57,65,24,11,162,0,162
2125610,3,20,57,18,4,102,0,102
2125611,3,30,60,14,6,113,3,116
2125612,3,40,68,18,14,143,6,149
2125613,0,18,68,15,15,116,0,116
2125614,4,6,51,18,10,89,0,89
2125615,0,14,41,10,7,72,0,72
2125616,0,22,47,39,25,133,4,137
2125617,0,16,40,13,4,73,0,73
2125618,3,8,41,30,22,104,0,104
2125619,4,51,78,28,14,175,3,178
2125620,3,33,64,25,16,141,3,144
2125621,3,40,100,24,10,177,0,177
2125622,0,30,71,37,28,166,7,173
2125623,43,93,7,0,0,143,11,154
2125624,0,51,66,33,17,167,4,171
2125625,0,21,66,19,22,128,0,128
2125626,3,18,67,32,22,142,3,145
2125627,0,23,74,39,17,153,3,156
2125628,3,20,32,17,3,75,3,78
2125629,3,32,77,36,22,170,4,174
2125630,0,38,77,22,22,159,3,162
2125631,3,25,39,16,14,97,0,97
2125632,3,33,74,31,10,151,3,154
2125633,0,42,71,22,11,146,4,150
2125634,4,22,47,8,6,87,4,91
2125635,3,63,66,22,19,173,3,176
2125636,3,33,41,11,7,95,0,95
2125637,5,40,47,9,15,116,4,120
2125638,4,14,40,27,13,98,0,98
2125639,0,11,27,20,9,67,0,67
2125701,0,0,0,0,0,0,0,0
2125702,0,10,82,21,22,135,3,138
2125703,0,24,126,33,7,190,0,190
2125704,3,21,85,41,17,167,0,167
2125705,3,57,71,19,3,153,4,157
2125706,5,22,71,20,21,139,3,142
2125707,0,24,62,26,5,117,0,117
2125708,0,19,84,22,15,140,0,140
2125709,3,11,64,21,11,110,0,110
2125710,0,20,82,27,12,141,3,144
2125711,7,34,77,21,9,148,3,151
2125712,3,40,72,35,9,159,4,163
2125713,0,15,36,10,7,68,4,72
2125714,0,24,93,27,19,163,0,163
2125715,0,10,61,17,13,101,3,104
2125716,0,17,60,24,10,111,0,111
2125717,7,108,29,0,0,144,4,148
2125718,7,44,76,16,13,156,3,159
2125719,11,29,48,15,9,112,3,115
2125801,0,0,0,0,0,0,0,0
2125802,0,0,3,3,0,6,0,6
2125803,3,13,51,40,27,134,0,134
2125804,0,10,56,21,13,100,3,103
2125805,0,33,96,33,23,185,0,185
2125806,0,26,63,28,13,130,3,133
2125807,0,34,92,40,13,179,3,182
2125808,0,0,0,0,0,0,0,0
2125809,3,79,56,15,6,159,3,162
2125810,0,18,74,21,11,124,4,128
2125811,0,10,38,21,16,85,3,88
2125812,0,20,75,24,11,130,3,133
2125813,0,17,84,30,18,149,3,152
2125814,0,19,81,32,9,141,0,141
2125815,0,18,68,29,13,128,0,128
2125816,4,25,82,26,10,147,0,147
2125817,0,23,73,24,12,132,3,135
2125818,0,13,42,16,3,74,0,74
2125819,0,25,67,29,16,137,3,140
2125820,0,9,41,18,7,75,3,78
2125821,0,11,60,18,7,96,0,96
2125822,3,25,78,23,15,144,3,147
2125823,4,29,64,15,8,120,9,129
2125824,3,33,93,36,13,178,8,186
2125825,4,18,53,11,8,94,3,97
2125826,0,21,83,24,16,144,5,149
2125827,0,20,53,29,14,116,0,116
2125828,3,28,73,27,6,137,5,142
2125901,8,76,77,21,5,187,0,187
2125902,0,16,35,17,6,74,0,74
2125903,5,32,50,17,15,119,0,119
2125904,3,24,47,15,10,99,0,99
2125905,6,21,54,17,10,108,3,111
2125906,6,33,62,27,17,145,3,148
2125907,7,45,73,26,12,163,0,163
2125908,5,43,60,23,9,140,5,145
2125909,17,77,69,23,15,201,6,207
2125910,4,15,47,21,13,100,0,100
2125911,3,21,65,21,19,129,3,132
2125912,0,30,74,38,19,161,3,164
2125913,4,21,86,29,24,164,0,164
2125914,3,34,57,21,11,126,3,129
2125915,12,46,63,22,14,157,5,162
2125916,0,0,0,0,0,0,0,0
2125917,0,12,32,7,13,64,0,64
2125918,3,23,47,24,20,117,3,120
2125919,3,30,44,12,12,101,3,104
2125920,7,26,42,10,8,93,6,99
2125921,4,22,47,13,10,96,0,96
2125922,3,37,60,34,13,147,0,147
2125923,9,35,69,30,13,156,3,159
2125924,30,104,3,0,0,137,6,143
2125925,4,37,46,10,15,112,3,115
2125926,9,29,50,15,9,112,0,112
2125927,5,38,75,29,10,157,0,157
2125928,23,90,20,3,3,139,6,145
2125929,0,40,89,34,18,181,4,185
2125930,0,30,66,25,21,142,6,148
2125931,0,26,65,20,19,130,0,130
2125932,0,28,50,13,9,100,3,103
2125933,0,42,50,12,10,114,3,117
2125934,4,15,34,11,7,71,4,75
2125935,0,44,63,21,5,133,3,136
2125936,5,55,73,22,11,166,4,170
2125937,5,25,38,22,5,95,3,98
2125938,5,12,29,16,5,67,0,67
2126001,0,0,0,0,0,0,0,0
2126002,3,14,48,14,14,93,0,93
2126003,0,0,0,0,0,0,0,0
2126004,4,29,49,26,12,120,0,120
2126005,7,43,66,28,7,151,4,155
2126006,0,0,0,6,0,6,0,6
2126007,0,44,79,31,14,168,3,171
2126008,3,32,47,16,18,116,4,120
2126009,0,14,46,24,20,104,0,104
2126010,3,38,53,26,16,136,0,136
2126011,3,25,56,27,13,124,0,124
2126012,0,8,23,11,17,59,4,63
2126013,3,26,69,41,25,164,4,168
2126014,6,55,71,19,11,162,3,165
2126015,10,47,65,21,3,146,7,153
2126016,9,59,68,22,12,170,3,173
2126017,3,27,52,12,9,103,4,107
2126018,6,62,55,17,6,146,3,149
2126019,8,57,75,12,10,162,4,166
2126020,0,12,41,22,11,86,0,86
2126021,65,124,46,7,3,245,13,258
2126022,0,20,81,28,12,141,0,141
2126023,8,33,66,25,15,147,9,156
2126024,46,75,5,0,0,126,6,132
2126025,0,14,43,20,10,87,0,87
2126026,23,42,48,29,14,156,3,159
2126027,5,27,44,24,21,121,0,121
2126028,4,37,55,18,8,122,0,122
2126029,0,25,73,25,16,139,0,139
2126030,5,20,52,17,7,101,3,104
2126031,3,15,57,22,15,112,3,115
2126032,4,16,56,20,7,103,0,103
2126033,3,22,39,24,16,104,3,107
2126034,0,44,53,19,18,134,4,138
2126035,4,23,56,24,25,132,3,135
2126036,5,12,41,23,19,100,3,103
2126037,0,11,33,17,15,76,0,76
2126038,3,33,60,37,15,148,3,151
2126039,80,87,42,9,6,224,17,241
2126040,11,45,43,9,7,115,9,124
2126041,27,67,52,12,10,168,3,171
2126042,0,23,64,32,18,137,3,140
2126043,4,24,52,19,11,110,0,110
2126044,3,15,62,30,17,127,0,127
2126045,0,16,39,30,11,96,0,96
2126046,4,34,58,22,6,124,0,124
2126047,3,25,46,19,12,105,0,105
2126101,5,47,81,24,8,165,0,165
2126102,7,64,72,36,12,191,3,194
2126103,11,64,126,37,10,248,0,248
2126104,0,17,69,36,40,162,0,162
2126105,0,10,52,26,24,112,3,115
2126106,3,54,71,13,9,150,3,153
2126107,7,46,39,13,3,108,0,108
2126108,13,78,100,32,10,233,0,233
2126109,25,53,53,11,14,156,10,166
2126110,0,14,32,23,14,83,3,86
2126111,4,28,70,25,9,136,4,140
2126112,3,19,65,28,19,134,5,139
2126113,0,5,29,17,23,74,3,77
2126114,0,21,41,24,18,104,0,104
2126115,3,7,37,9,19,75,0,75
2126116,6,37,94,26,12,175,3,178
2126117,5,40,59,22,4,130,3,133
2126118,35,81,36,13,10,175,7,182
2126119,0,18,54,18,9,99,3,102
2126120,0,21,43,9,7,80,0,80
2126121,0,21,72,43,17,153,3,156
2126122,0,3,35,13,10,61,0,61
2126123,0,17,31,12,7,67,0,67
2126124,3,10,44,19,12,88,3,91
2126125,7,42,77,34,19,179,0,179
2126126,3,9,55,27,19,113,3,116
2126127,3,10,72,44,36,165,3,168
2126128,0,9,50,25,23,107,0,107
2126129,7,63,85,13,5,173,3,176
2126130,0,13,52,40,33,138,0,138
2126131,0,30,67,18,22,137,3,140
2126132,0,17,56,23,12,108,0,108
2126133,3,24,70,42,32,171,3,174
2126134,0,19,42,15,14,90,5,95
2126135,0,15,44,19,15,93,3,96
2126136,3,36,32,5,5,81,3,84
2126137,0,3,34,17,18,72,5,77
2126138,3,50,48,7,10,118,3,121
2126139,9,44,62,15,6,136,0,136
2126201,0,11,31,20,18,80,0,80
2126202,0,11,40,20,6,77,3,80
2126203,0,11,41,19,29,100,0,100
2126204,0,13,59,26,29,127,3,130
2126205,4,29,58,28,9,128,0,128
2126206,0,10,37,15,11,73,0,73
2126207,0,9,45,9,15,78,0,78
2126208,4,3,51,30,23,111,0,111
2126209,0,9,45,9,13,76,3,79
2126210,3,17,58,37,34,149,3,152
2126211,0,19,30,9,23,81,0,81
2126212,0,6,23,17,15,61,3,64
2126213,0,27,72,16,8,123,3,126
2126214,5,20,47,24,11,107,0,107
2126215,0,6,35,25,26,92,0,92
2126216,0,18,63,13,7,101,0,101
2126217,0,10,32,20,18,80,4,84
2126218,0,9,28,16,15,68,0,68
2126219,3,8,13,12,24,60,0,60
2126220,0,12,62,12,12,98,0,98
2126221,3,22,66,13,12,116,3,119
2126222,0,16,38,14,8,76,0,76
2126223,0,33,37,16,6,92,0,92
2126224,0,24,62,23,17,126,0,126
2126225,0,4,26,25,28,83,0,83
2126226,0,4,25,19,17,65,3,68
2126227,3,13,46,30,31,123,7,130
2126228,0,21,54,20,19,114,8,122
2126229,0,9,34,20,24,87,0,87
2126230,0,12,23,29,18,82,4,86
2126231,0,14,35,18,26,93,0,93
2126232,3,22,55,11,14,105,3,108
2126301,28,135,57,13,3,236,7,243
2126302,13,148,80,6,3,250,0,250
2126303,25,124,53,6,3,211,10,221
2126304,0,16,49,11,0,76,0,76
2126305,3,46,44,15,5,113,3,116
2126306,8,61,66,14,7,156,5,161
2126307,8,51,59,21,6,145,0,145
2126308,4,50,37,17,7,115,5,120
2126309,8,60,42,8,10,128,3,131
2126310,0,18,35,19,8,80,3,83
2126311,0,24,71,45,17,157,3,160
2126312,4,20,52,26,13,115,3,118
2126313,0,27,45,12,5,89,0,89
2126314,0,18,50,19,13,100,4,104
2126315,0,20,43,29,12,104,6,110
2126316,3,24,39,14,16,96,3,99
2126317,0,55,97,22,16,190,3,193
2126318,9,52,74,34,8,177,9,186
2126319,6,59,96,24,20,205,0,205
2126320,3,39,57,17,13,129,13,142
2126321,29,70,21,4,0,124,6,130
2126322,0,29,55,16,13,113,0,113
2126323,0,16,82,37,22,157,3,160
2126324,3,26,59,22,17,127,3,130
2126325,3,54,65,17,12,151,8,159
2126326,11,69,64,17,10,171,4,175
2126327,0,0,0,0,0,0,0,0
2126328,0,0,0,0,0,0,0,0
2126329,0,22,65,24,16,127,7,134
2126330,4,27,65,31,32,159,3,162
2126401,14,60,29,15,3,121,6,127
2126402,3,0,0,0,0,3,0,3
2126403,3,47,71,17,18,156,3,159
2126404,13,63,69,11,5,161,4,165
2126405,3,51,77,26,6,163,3,166
2126406,3,53,57,19,7,139,3,142
2126407,5,76,70,25,12,188,5,193
2126408,5,38,41,14,6,104,0,104
2126409,5,88,91,21,8,213,9,222
2126410,6,79,69,12,18,184,8,192
2126411,22,71,43,10,7,153,12,165
2126412,7,43,36,15,3,104,0,104
2126413,12,69,86,14,8,189,0,189
2126414,9,64,57,15,9,154,3,157
2126415,0,61,70,27,5,163,3,166
2126416,0,16,36,13,4,69,0,69
2126417,8,90,92,26,17,233,8,241
2126418,9,26,55,5,6,101,0,101
2126419,5,48,98,14,10,175,4,179
2126420,5,57,92,27,15,196,0,196
2126421,0,23,39,7,5,74,3,77
2126422,7,50,45,13,7,122,3,125
2126423,16,91,76,16,6,205,7,212
2126424,7,34,84,25,13,163,5,168
2126425,12,33,71,21,12,149,6,155
2126426,3,45,44,13,6,111,0,111
2126427,5,52,105,25,15,202,0,202
2126428,5,58,44,14,6,127,0,127
2126429,0,31,62,27,9,129,4,133
2126430,0,0,0,0,0,0,0,0
2126431,10,69,83,20,14,196,3,199
2126432,5,56,74,21,14,170,5,175
2126433,23,85,49,12,4,173,7,180
2126434,27,136,92,21,5,281,6,287
2126435,7,97,115,31,11,261,3,264
2126436,12,74,38,8,0,132,9,141
2126437,20,113,53,13,10,209,8,217
2126438,35,102,33,4,0,174,3,177
2126439,26,83,26,4,0,139,7,146
2126440,11,48,43,11,3,116,3,119
2126441,31,113,54,7,4,209,6,215
2126442,17,56,21,3,0,97,6,103
2126443,0,13,35,15,8,71,0,71
2126444,4,23,47,18,13,105,3,108
2126445,8,61,27,11,3,110,3,113
2126446,15,44,69,19,3,150,0,150
2126447,29,116,57,15,4,221,9,230
2126448,0,23,63,19,9,114,0,114
2126449,18,96,81,17,9,221,5,226
2126450,3,23,42,24,16,108,0,108
2126451,7,32,37,8,10,94,3,97
2126452,5,47,58,23,3,136,0,136
2126453,14,27,54,8,13,116,3,119
2126454,5,30,44,19,9,107,4,111
2126455,4,37,72,8,4,125,5,130
2126456,7,51,39,18,3,118,3,121
2126457,82,197,10,0,3,292,16,308
2126458,5,41,69,21,10,146,0,146
2126459,13,78,73,21,16,201,10,211
2126460,7,56,54,20,8,145,3,148
2126461,12,61,83,14,5,175,8,183
2126462,8,65,69,18,9,169,4,173
2126463,16,89,35,6,3,149,10,159
2126464,3,40,53,20,4,120,0,120
2126465,12,71,34,0,3,120,3,123
2126466,9,27,40,4,5,85,3,88
2126467,4,40,48,8,9,109,0,109
2126468,6,31,63,10,4,114,0,114
2126469,4,52,65,19,10,150,3,153
2126470,3,31,55,7,7,103,3,106
2126471,14,116,74,24,9,237,8,245
2126472,9,24,32,20,7,92,0,92
2126473,8,42,72,29,19,170,3,173
2126474,22,84,60,8,6,180,3,183
2126475,5,51,67,14,7,144,4,148
2126476,30,80,58,12,6,186,8,194
2126477,3,24,71,23,15,136,3,139
2126501,6,56,67,35,12,176,7,183
2126502,14,54,44,10,5,127,4,131
2126503,0,30,47,20,12,109,3,112
2126504,4,51,65,10,5,135,3,138
2126505,9,75,57,10,9,160,5,165
2126506,0,19,56,34,24,133,4,137
2126507,0,15,59,22,21,117,3,120
2126508,0,18,76,25,16,135,3,138
2126509,0,26,74,26,28,154,5,159
2126510,3,17,65,25,14,124,0,124
2126511,3,28,67,30,22,150,0,150
2126512,8,86,78,24,10,206,7,213
2126513,8,57,101,32,13,211,6,217
2126514,3,10,79,33,18,143,3,146
2126515,0,28,79,33,20,160,5,165
2126516,3,25,56,13,3,100,0,100
2126517,0,32,59,19,25,135,3,138
2126518,6,23,55,16,10,110,0,110
2126519,0,36,92,17,19,164,4,168
2126520,5,37,81,34,16,173,0,173
2126521,0,13,44,14,8,79,3,82
2126522,0,7,26,13,12,58,0,58
2126523,4,34,73,39,19,169,0,169
2126524,4,19,83,21,19,146,0,146
2126525,0,34,77,22,6,139,3,142
2126526,0,31,46,10,10,97,3,100
2126527,0,30,53,25,4,112,0,112
2126528,0,13,44,26,18,101,3,104
2126529,0,16,74,31,22,143,7,150
2126530,0,15,49,23,9,96,0,96
2126531,0,30,97,21,11,159,3,162
2126532,0,13,75,18,9,115,0,115
2126533,6,22,67,19,11,125,4,129
2126534,0,12,52,23,9,96,0,96
2126535,0,12,68,20,21,121,0,121
2126536,0,18,38,20,9,85,0,85
2126537,0,13,52,22,16,103,0,103
2126538,0,8,36,11,7,62,0,62
2126539,0,13,75,23,6,117,3,120
2126540,4,18,27,12,4,65,3,68
2126541,7,43,41,14,8,113,3,116
2126542,0,15,44,10,6,75,3,78
2126543,10,35,48,14,8,115,3,118
2126544,4,41,79,31,16,171,4,175
2126601,3,43,42,6,4,98,3,101
2126602,3,47,47,5,9,111,0,111
2126603,0,0,0,0,0,0,0,0
2126604,0,0,3,0,0,3,0,3
2126605,0,0,0,0,0,0,0,0
2126606,29,83,60,20,3,195,7,202
2126607,30,117,51,11,3,212,6,218
2126608,11,60,74,15,5,165,8,173
2126609,7,21,48,16,6,98,0,98
2126610,0,0,0,0,0,0,0,0
2126611,6,33,59,13,3,114,3,117
2126612,14,41,18,4,5,82,4,86
2126613,5,47,32,8,7,99,3,102
2126614,34,86,56,8,4,188,6,194
2126615,27,54,38,7,5,131,3,134
2126616,3,8,6,0,0,17,4,21
2126617,38,102,43,10,3,196,6,202
2126618,24,94,47,12,11,188,7,195
2126619,38,103,31,5,0,177,10,187
2126620,20,52,24,13,4,113,4,117
2126621,21,74,41,8,3,147,3,150
2126622,46,95,34,18,3,196,16,212
2126623,15,77,52,11,8,163,7,170
2126624,4,47,33,6,3,93,3,96
2126625,18,77,57,14,3,169,6,175
2126626,3,49,46,6,0,104,3,107
2126627,4,51,56,13,5,129,3,132
2126628,8,18,14,5,4,49,0,49
2126629,0,0,0,0,0,0,0,0
2126630,4,43,53,15,13,128,0,128
2126631,12,48,59,11,3,133,5,138
2126632,22,69,86,22,7,206,7,213
2126633,6,43,37,12,7,105,3,108
2126634,30,69,22,3,0,124,3,127
2126635,30,116,60,14,4,224,6,230
2126636,27,88,35,6,3,159,3,162
2126637,11,96,41,3,0,151,3,154
2126638,38,119,86,18,3,264,6,270
2126639,5,35,48,18,3,109,0,109
2126640,15,58,64,15,9,161,0,161
2126641,10,75,74,24,3,186,3,189
2126642,9,37,57,14,3,120,0,120
2126643,14,117,79,17,0,227,0,227
2126644,39,96,60,14,12,221,9,230
2126645,3,16,50,37,7,113,0,113
2126646,4,30,87,34,17,172,6,178
2126647,0,20,34,19,10,83,0,83
2126648,4,41,63,11,11,130,3,133
2126701,11,75,59,14,6,165,0,165
2126702,6,49,86,26,10,177,6,183
2126703,3,43,82,28,6,162,9,171
2126704,7,41,71,18,7,144,5,149
2126705,11,43,62,8,7,131,4,135
2126706,12,73,68,22,7,182,7,189
2126707,4,69,98,26,9,206,4,210
2126708,0,23,42,14,17,96,0,96
2126709,16,68,86,21,13,204,9,213
2126710,12,46,52,9,4,123,3,126
2126711,14,61,87,12,5,179,4,183
2126712,3,48,69,26,9,155,5,160
2126713,6,39,73,22,6,146,0,146
2126714,5,41,77,17,17,157,3,160
2126715,8,40,41,15,9,113,3,116
2126716,0,39,59,10,9,117,7,124
2126717,10,32,27,6,9,84,0,84
2126718,4,44,92,31,8,179,7,186
2126719,17,67,53,17,7,161,8,169
2126720,30,120,44,10,3,207,4,211
2126721,19,133,55,9,0,216,8,224
2126722,3,32,54,23,15,127,0,127
2126723,0,14,37,11,3,65,0,65
2126724,15,64,71,8,3,161,5,166
2126725,12,70,59,9,8,158,5,163
2126726,20,65,56,9,8,158,0,158
2126727,22,108,69,15,5,219,5,224
2126728,18,55,28,8,0,109,4,113
2126729,6,41,50,15,8,120,0,120
2126730,0,25,56,18,8,107,4,111
2126731,0,42,45,17,10,114,4,118
2126732,0,72,93,28,11,204,3,207
2126733,5,50,82,26,6,169,6,175
2126734,3,40,60,20,0,123,3,126
2126735,7,82,69,9,8,175,3,178
2126736,0,38,83,17,14,152,3,155
2126737,11,88,80,19,12,210,6,216
2126738,3,48,47,5,0,103,3,106
2126739,8,79,54,16,5,162,0,162
2126740,5,35,46,24,16,126,3,129
2126741,11,72,30,5,3,121,3,124
2126742,5,49,32,12,5,103,0,103
2126743,20,125,79,20,6,250,6,256
2126744,14,62,57,7,5,145,4,149
2126745,8,53,38,17,4,120,3,123
2126746,4,35,43,6,5,93,0,93
2126747,6,38,50,16,6,116,0,116
2126801,0,12,39,14,7,72,7,79
2126802,3,25,54,12,12,106,3,109
2126803,5,40,39,20,9,113,3,116
2126804,5,43,66,16,16,146,0,146
2126805,3,39,67,41,17,167,3,170
2126806,0,24,54,32,13,123,3,126
2126807,3,25,65,25,21,139,0,139
2126808,8,25,107,35,23,198,0,198
2126809,7,39,62,25,15,148,3,151
2126810,0,39,58,17,15,129,0,129
2126811,3,33,85,12,13,146,0,146
2126812,0,23,57,28,13,121,0,121
2126813,3,34,57,13,0,107,6,113
2126814,4,38,48,11,5,106,4,110
2126815,9,64,73,19,9,174,6,180
2126816,16,80,105,11,9,221,4,225
2126817,4,77,97,26,3,207,3,210
2126818,0,25,77,24,18,144,0,144
2126819,0,7,59,15,14,95,4,99
2126820,4,25,68,21,12,130,0,130
2126821,3,40,78,16,7,144,5,149
2126822,0,24,25,8,12,69,0,69
2126823,0,8,30,16,6,60,4,64
2126901,50,125,59,15,5,254,5,259
2126902,11,57,86,15,5,174,4,178
2126903,12,52,68,14,6,152,5,157
2126904,24,63,54,13,3,157,3,160
2126905,9,57,77,16,5,164,3,167
2126906,36,83,67,10,7,203,12,215
2126907,11,79,79,26,6,201,6,207
2126908,6,50,74,16,9,155,4,159
2126909,8,49,37,14,9,117,3,120
2126910,27,67,44,12,9,159,6,165
2126911,37,116,88,22,4,267,10,277
2126912,13,60,52,18,11,154,8,162
2126913,0,30,36,12,6,84,0,84
2126914,12,35,71,18,3,139,4,143
2126915,19,42,32,7,0,100,8,108
2126916,19,56,72,16,11,174,4,178
2126917,6,91,96,13,6,212,4,216
2126918,15,50,51,9,4,129,4,133
2126919,11,64,54,15,0,144,4,148
2126920,10,82,89,15,11,207,3,210
2126921,11,82,126,28,0,247,7,254
2126922,28,89,62,23,5,207,11,218
2127001,16,84,68,20,5,193,5,198
2127002,17,64,79,21,7,188,4,192
2127003,5,35,40,20,6,106,0,106
2127004,6,75,103,20,11,215,3,218
2127005,8,70,69,15,3,165,3,168
2127006,11,67,64,10,10,162,3,165
2127007,21,96,68,5,0,190,6,196
2127008,10,54,57,10,4,135,3,138
2127009,11,70,66,13,9,169,3,172
2127010,15,86,92,20,7,220,6,226
2127011,14,85,90,15,3,207,5,212
2127012,6,97,94,17,8,222,3,225
2127013,15,78,54,12,11,170,3,173
2127014,8,61,78,22,3,172,3,175
2127015,8,40,53,21,0,122,3,125
2127016,11,78,62,18,3,172,3,175
2127017,17,62,47,10,0,136,5,141
2127018,15,37,53,14,4,123,5,128
2127019,14,69,64,14,4,165,6,171
2127020,3,45,55,8,6,117,3,120
2127021,5,58,28,3,0,94,0,94
2127022,14,43,34,11,3,105,3,108
2127023,11,60,68,15,4,158,0,158
2127024,3,45,98,24,12,182,3,185
2127025,3,45,100,22,10,180,3,183
2127026,16,77,48,8,6,155,6,161
2127027,6,67,51,11,6,141,4,145
2127028,3,48,48,10,11,120,0,120
2127029,6,65,50,12,7,140,0,140
2127030,0,28,36,10,3,77,4,81
2127031,20,57,27,3,3,110,3,113
2127032,15,64,60,12,6,157,3,160
2127033,0,37,38,5,7,87,0,87
2127034,16,61,52,13,4,146,4,150
2127035,6,48,32,11,5,102,0,102
2127036,0,0,0,0,0,0,0,0
2127037,15,69,41,8,0,133,3,136
2127038,14,35,37,6,3,95,4,99
2127039,0,0,0,0,0,0,0,0
2127040,0,0,0,0,0,0,0,0
2127101,0,0,0,0,0,0,0,0
2127102,6,46,61,15,6,134,0,134
2127103,11,71,81,21,8,192,0,192
2127104,21,84,29,3,0,137,3,140
2127105,24,118,66,7,7,222,3,225
2127106,8,58,61,22,8,157,5,162
2127107,5,39,63,13,5,125,3,128
2127108,7,71,53,9,11,151,3,154
2127109,8,75,85,22,8,198,3,201
2127110,5,65,44,15,4,133,3,136
2127111,8,57,56,24,3,148,0,148
2127112,3,34,47,23,3,110,0,110
2127113,19,72,77,15,6,189,3,192
2127114,4,31,27,6,3,71,0,71
2127115,8,51,53,5,0,117,4,121
2127116,7,77,94,22,11,211,8,219
2127117,12,66,63,16,3,160,3,163
2127118,4,40,46,11,15,116,0,116
2127119,10,59,59,20,3,151,6,157
2127120,9,41,34,10,4,98,0,98
2127121,13,96,72,16,10,207,0,207
2127122,9,37,62,19,3,130,3,133
2127123,30,98,84,15,10,237,13,250
2127124,25,65,39,7,0,136,4,140
2127125,13,30,14,3,3,63,0,63
2127126,28,68,38,15,4,153,5,158
2127127,3,36,53,14,3,109,0,109
2127128,33,55,16,7,3,114,6,120
2127129,0,0,0,0,0,0,0,0
2127201,8,58,45,15,3,129,3,132
2127202,4,37,45,19,3,108,3,111
2127203,11,28,57,19,0,115,3,118
2127204,13,104,87,11,3,218,21,239
2127205,12,86,88,27,12,225,5,230
2127206,8,55,67,23,9,162,3,165
2127207,3,41,57,12,6,119,4,123
2127208,12,69,45,4,6,136,7,143
2127209,4,30,63,19,12,128,4,132
2127210,9,29,55,12,8,113,3,116
2127211,0,40,73,21,16,150,7,157
2127212,4,49,71,8,3,135,0,135
2127213,0,63,93,26,11,193,3,196
2127214,14,51,57,18,7,147,0,147
2127215,3,67,95,30,14,209,0,209
2127216,0,39,80,19,10,148,4,152
2127217,3,37,75,26,16,157,0,157
2127218,4,44,66,16,6,136,0,136
2127219,7,49,82,23,3,164,3,167
2127220,5,39,45,13,3,105,4,109
2127221,8,47,66,16,3,140,5,145
2127222,4,37,48,11,8,108,4,112
2127223,7,49,48,17,11,132,0,132
2127224,0,15,50,21,5,91,3,94
2127225,0,26,18,0,4,48,0,48
2127301,3,30,48,18,11,110,0,110
2127302,3,23,55,20,3,104,3,107
2127303,0,24,46,20,12,102,3,105
2127304,0,11,53,25,18,107,3,110
2127305,45,78,38,20,12,193,3,196
2127306,3,26,59,27,14,129,0,129
2127307,8,30,81,31,15,165,0,165
2127308,0,17,34,11,8,70,4,74
2127309,5,28,55,17,10,115,3,118
2127310,0,23,62,19,9,113,0,113
2127311,0,21,44,18,4,87,0,87
2127312,0,36,66,18,4,124,0,124
2127313,5,52,56,23,19,155,0,155
2127314,3,37,69,24,13,146,0,146
2127315,4,36,61,12,9,122,4,126
2127316,10,52,53,21,9,145,6,151
2127317,0,22,61,21,6,110,0,110
2127318,0,22,37,14,12,85,3,88
2127319,3,29,63,23,8,126,0,126
2127320,6,45,68,15,0,134,0,134
2127321,6,42,77,26,10,161,3,164
2127322,0,26,74,19,17,136,0,136
2127323,9,58,70,15,4,156,0,156
2127324,5,42,73,29,14,163,6,169
2127325,0,34,74,24,10,142,3,145
2127326,6,17,54,25,11,113,4,117
2127327,0,18,25,28,9,80,0,80
2127328,0,24,68,17,23,132,0,132
2127329,5,25,85,29,7,151,3,154
2127330,3,20,57,17,20,117,3,120
2127401,0,12,24,30,12,78,4,82
2127402,3,20,48,24,34,129,5,134
2127403,0,14,41,22,9,86,0,86
2127404,4,27,51,18,23,123,5,128
2127405,4,39,52,32,20,147,3,150
2127406,3,33,75,33,22,166,0,166
2127407,0,29,49,12,5,95,3,98
2127408,4,46,44,20,3,117,3,120
2127409,3,8,46,24,9,90,4,94
2127410,3,16,40,12,8,79,0,79
2127411,3,23,36,19,6,87,0,87
2127412,4,43,72,37,18,174,3,177
2127413,0,19,43,8,12,82,0,82
2127414,0,22,57,28,10,117,0,117
2127415,0,22,33,9,0,64,0,64
2127416,4,45,69,23,14,155,3,158
2127417,0,18,30,15,3,66,3,69
2127418,5,46,60,16,9,136,0,136
2127419,3,21,27,15,3,69,3,72
2127420,7,48,45,17,10,127,0,127
2127421,3,41,39,18,9,110,3,113
2127422,0,19,65,12,21,117,4,121
2127423,0,17,39,17,10,83,3,86
2127424,0,25,35,14,8,82,0,82
2127425,0,20,36,12,21,89,3,92
2127426,0,3,25,17,9,54,0,54
2127427,0,9,25,21,16,71,3,74
2127428,3,35,46,13,8,105,0,105
2127429,5,39,46,19,5,114,0,114
2127430,8,62,82,37,9,198,7,205
2127431,0,17,30,8,21,76,3,79
2127501,7,45,68,18,15,153,0,153
2127502,4,50,81,22,13,170,4,174
2127503,3,42,59,27,15,146,7,153
2127504,3,20,70,20,16,129,4,133
2127505,4,46,96,33,18,197,5,202
2127506,4,47,84,17,10,162,7,169
2127507,0,26,66,27,6,125,4,129
2127508,0,22,32,8,7,69,0,69
2127509,0,0,0,0,0,0,0,0
2127510,3,59,82,26,11,181,3,184
2127511,3,47,69,17,8,144,4,148
2127512,4,42,66,17,3,132,0,132
2127513,8,35,58,31,13,145,7,152
2127514,7,27,60,15,8,117,3,120
2127515,5,58,80,26,12,181,5,186
2127516,0,0,0,0,0,0,0,0
2127517,0,15,58,26,38,137,0,137
2127518,3,47,70,22,21,163,6,169
2127519,4,27,48,23,18,120,3,123
2127520,0,16,42,17,17,92,4,96
2127521,0,22,77,13,9,121,0,121
2127522,0,7,50,19,11,87,0,87
2127523,8,46,35,14,4,107,0,107
2127524,3,25,34,12,8,82,4,86
2127525,12,37,42,14,8,113,0,113
2127601,3,15,28,15,6,67,5,72
2127602,3,44,53,12,9,121,11,132
2127603,20,85,78,17,17,217,11,228
2127604,9,47,60,21,11,148,3,151
2127605,0,29,62,20,6,117,7,124
2127606,6,75,56,23,6,166,3,169
2127607,8,59,60,18,15,160,5,165
2127608,20,62,44,8,4,138,5,143
2127609,26,76,51,13,6,172,7,179
2127610,25,117,79,24,8,253,10,263
2127611,5,38,49,8,10,110,0,110
2127612,6,21,45,17,9,98,3,101
2127613,9,73,75,26,15,198,5,203
2127614,7,71,75,30,11,194,4,198
2127615,0,0,0,0,0,0,0,0
2127616,0,18,61,36,26,141,5,146
2127617,8,24,38,22,13,105,7,112
2127618,10,68,34,18,10,140,3,143
2127619,28,53,42,5,4,132,6,138
2127620,7,42,95,31,17,192,11,203
2127621,3,16,27,18,10,74,0,74
2127622,0,18,38,17,23,96,3,99
2127623,0,16,25,18,19,78,5,83
2127624,4,22,41,18,5,90,4,94
2127625,6,61,55,25,11,158,3,161
2127626,11,61,62,22,14,170,5,175
2127627,9,55,87,21,21,193,3,196
2127628,0,11,43,23,30,107,0,107
2127629,0,9,34,16,16,75,0,75
2127630,3,7,19,6,17,52,0,52
2127631,3,13,43,32,21,112,4,116
2127632,3,39,66,32,28,168,3,171
2127633,4,31,47,9,15,106,0,106
2127634,0,15,61,25,6,107,0,107
2127635,6,39,58,26,12,141,3,144
2127701,0,46,50,17,8,121,3,124
2127702,11,62,86,33,10,202,3,205
2127703,7,83,76,22,9,197,6,203
2127704,3,61,77,30,18,189,4,193
2127705,3,43,80,35,19,180,5,185
2127706,3,23,54,34,10,124,0,124
2127707,4,15,46,19,12,96,0,96
2127708,11,58,82,29,13,193,3,196
2127709,0,36,47,19,13,115,0,115
2127710,3,48,43,12,12,118,4,122
2127711,0,13,21,12,23,69,0,69
2127712,6,71,56,24,9,166,0,166
2127713,4,58,109,25,10,206,6,212
2127714,8,59,74,30,11,182,3,185
2127715,0,0,0,0,0,0,0,0
2127716,25,114,72,24,8,243,9,252
2127717,12,40,55,11,9,127,8,135
2127718,5,58,71,25,7,166,4,170
2127719,61,146,41,13,7,268,14,282
2127720,8,49,68,14,6,145,4,149
2127801,0,30,25,14,8,77,3,80
2127802,0,0,0,0,0,0,0,0
2127803,3,27,43,19,18,110,4,114
2127804,5,18,37,21,24,105,3,108
2127805,13,45,27,15,15,115,5,120
2127806,0,24,52,31,36,143,0,143
2127807,7,30,78,25,10,150,0,150
2127808,3,10,38,18,22,91,3,94
2127809,8,58,102,21,10,199,4,203
2127810,0,18,51,15,18,102,0,102
2127811,0,10,26,17,12,65,0,65
2127812,0,22,41,10,6,79,0,79
2127813,0,16,55,12,12,95,3,98
2127814,3,16,38,25,13,95,4,99
2127815,13,84,59,20,11,187,7,194
2127816,4,18,53,29,19,123,7,130
2127817,3,11,27,21,19,81,0,81
2127818,0,38,94,30,21,183,6,189
2127819,6,27,73,17,13,136,4,140
2127820,4,46,99,27,15,191,0,191
2127821,0,5,0,0,0,5,0,5
2127822,10,59,89,28,19,205,8,213
2127823,33,80,56,14,4,187,11,198
2127824,14,57,42,17,4,134,3,137
2127825,9,53,61,23,10,156,9,165
2127826,0,24,68,31,22,145,3,148
2127827,0,14,68,18,19,119,3,122
2127828,40,100,33,10,3,186,13,199
2127829,10,57,75,17,13,172,6,178
2127830,40,153,87,14,5,299,8,307
2127831,26,71,72,19,12,200,8,208
2127832,4,32,74,26,10,146,0,146
2127833,3,24,73,27,15,142,3,145
2127834,6,44,82,26,23,181,3,184
2127835,3,29,81,12,11,136,3,139
2127836,3,19,56,18,14,110,3,113
2127837,38,134,19,0,0,191,14,205
2127838,0,0,0,0,0,0,0,0
2127839,4,33,75,20,10,142,7,149
2127840,5,53,53,19,4,134,0,134
2127841,5,16,54,29,18,122,3,125
2127842,4,21,55,19,10,109,0,109
2127843,0,13,42,24,6,85,3,88
2127844,8,28,37,12,7,92,0,92
2127845,3,35,44,14,8,104,3,107
2127846,0,24,138,27,18,207,3,210
2127847,0,40,80,29,22,171,0,171
2127901,5,40,67,28,34,174,5,179
2127902,0,13,18,17,20,68,3,71
2127903,0,34,65,17,14,130,3,133
2127904,6,51,83,33,19,192,8,200
2127905,3,68,87,25,23,206,6,212
2127906,3,22,42,29,21,117,0,117
2127907,5,44,72,20,14,155,0,155
2127908,3,45,32,12,12,104,3,107
2127909,0,42,64,34,23,163,4,167
2127910,6,26,55,20,22,129,0,129
2127911,0,23,48,32,21,124,3,127
2127912,0,12,47,12,17,88,0,88
2127913,12,59,68,26,14,179,3,182
2127914,0,16,32,16,21,85,0,85
2128001,5,21,63,35,18,142,0,142
2128002,3,24,72,26,12,137,6,143
2128003,4,20,49,20,14,107,5,112
2128004,4,34,52,20,17,127,0,127
2128005,6,39,36,22,15,118,3,121
2128006,0,37,50,20,9,116,3,119
2128007,9,34,55,22,12,132,3,135
2128008,37,67,36,11,15,166,4,170
2128009,4,31,69,20,15,139,7,146
2128010,7,30,44,19,10,110,6,116
2128011,3,15,38,6,14,76,4,80
2128012,3,45,100,38,26,212,4,216
2128013,0,14,68,35,17,134,4,138
2128014,0,21,60,19,17,117,3,120
2128015,0,27,38,16,8,89,0,89
2128016,15,42,59,18,4,138,3,141
2128017,0,9,24,16,20,69,0,69
2128018,0,12,36,17,7,72,0,72
2128101,36,137,65,13,11,262,3,265
2128102,4,46,51,9,8,118,4,122
2128103,17,45,15,0,0,77,0,77
2128104,11,66,48,19,10,154,5,159
2128105,4,36,66,24,4,134,3,137
2128106,10,78,72,18,8,186,5,191
2128107,8,53,46,8,4,119,0,119
2128108,0,7,75,14,18,114,0,114
2128109,0,15,82,19,7,123,0,123
2128110,10,67,100,23,12,212,3,215
2128111,3,41,66,29,13,152,4,156
2128112,0,17,59,21,20,117,0,117
2128113,0,23,112,40,10,185,0,185
2128114,3,45,57,21,8,134,3,137
2128115,8,39,77,24,17,165,3,168
2128116,5,37,64,30,13,149,7,156
2128117,7,39,75,38,23,182,3,185
2128118,9,58,80,30,4,181,4,185
2128119,3,17,57,30,33,140,3,143
2128120,3,25,85,29,22,164,6,170
2128121,7,31,90,29,13,170,3,173
2128122,0,26,45,20,3,94,0,94
2128123,6,31,81,20,17,155,5,160
2128124,24,61,83,15,9,192,7,199
2128125,3,49,68,15,10,145,0,145
2128126,11,44,68,11,13,147,6,153
2128127,3,44,85,35,16,183,3,186
2128128,3,50,80,29,21,183,3,186
2128129,5,39,69,21,19,153,0,153
2128130,0,39,82,28,12,161,7,168
2128131,7,54,75,33,18,187,3,190
2128132,5,60,72,24,10,171,7,178
2128133,10,67,59,10,5,151,3,154
2128134,15,50,52,23,8,148,5,153
2128135,0,34,29,12,0,75,0,75
2128136,0,24,55,22,21,122,0,122
2128137,3,31,44,13,10,101,0,101
2128138,3,37,58,22,21,141,6,147
2128139,0,22,32,18,12,84,6,90
2128140,3,15,44,29,13,104,0,104
2128141,3,27,70,40,15,155,0,155
2128142,0,24,83,27,25,159,0,159
2128143,0,14,40,14,12,80,4,84
2128144,3,26,62,30,25,146,6,152
2128145,31,94,68,20,13,226,9,235
2128146,4,28,70,27,14,143,3,146
2128147,5,36,38,8,11,98,3,101
2128201,5,30,80,28,19,162,0,162
2128202,4,34,40,15,7,100,3,103
2128203,0,32,64,28,11,135,0,135
2128204,0,25,37,22,5,89,5,94
2128205,3,41,55,23,13,135,0,135
2128206,3,28,47,4,6,88,3,91
2128207,0,14,36,17,6,73,0,73
2128208,5,34,52,10,5,106,0,106
2128209,0,34,57,24,12,127,6,133
2128210,3,27,52,6,12,100,3,103
2128211,0,23,72,18,9,122,0,122
2128212,3,35,73,24,12,147,3,150
2128213,6,31,56,15,7,115,0,115
2128214,4,40,68,15,11,138,3,141
2128215,3,59,92,19,16,189,6,195
2128216,9,40,62,14,9,134,3,137
2128217,0,3,3,3,0,9,0,9
2128218,3,39,69,26,13,150,3,153
2128219,0,74,58,21,8,161,4,165
2128220,5,45,95,32,21,198,5,203
2128221,0,30,24,9,3,66,0,66
2128222,6,42,87,24,13,172,0,172
2128223,0,50,79,32,19,180,3,183
2128224,0,30,54,22,14,120,0,120
2128225,0,20,41,12,3,76,3,79
2128226,0,18,38,18,4,78,4,82
2128227,0,0,0,0,0,0,0,0
2128228,0,34,57,13,7,111,0,111
2128229,0,0,0,0,0,0,0,0
2128230,0,0,0,0,0,0,3,3
2128231,0,3,0,0,0,3,0,3
2128232,0,34,87,29,14,164,0,164
2128301,0,19,59,18,15,111,0,111
2128302,4,41,69,23,16,153,4,157
2128303,0,11,28,17,18,74,0,74
2128304,7,52,34,13,13,119,5,124
2128305,3,24,56,15,21,119,7,126
2128306,6,83,88,34,13,224,5,229
2128307,0,25,45,14,10,94,4,98
2128308,3,24,42,20,13,102,3,105
2128309,3,36,58,30,16,143,5,148
2128310,6,34,51,16,6,113,5,118
2128311,3,40,85,29,24,181,3,184
2128312,0,25,63,11,16,115,3,118
2128313,4,22,64,19,20,129,4,133
2128314,4,12,33,24,27,100,3,103
2128315,5,13,47,24,9,98,0,98
2128316,0,43,41,18,18,120,4,124
2128317,3,23,68,29,18,141,7,148
2128318,3,24,42,11,9,89,0,89
2128319,0,33,66,25,10,134,7,141
2128320,8,26,59,10,14,117,3,120
2128321,3,33,38,20,9,103,3,106
2128322,3,14,37,18,11,83,0,83
2128323,0,20,42,15,10,87,3,90
2128324,0,27,49,25,15,116,5,121
2128325,4,28,52,20,8,112,3,115
2128326,0,16,32,12,3,63,0,63
2128401,5,31,43,11,6,96,0,96
2128402,0,36,48,24,21,129,0,129
2128403,4,45,68,22,7,146,0,146
2128404,5,37,57,22,14,135,6,141
2128405,7,55,39,28,5,134,4,138
2128406,3,25,39,14,5,86,3,89
2128407,6,26,22,11,6,71,4,75
2128408,7,43,62,8,10,130,3,133
2128409,4,24,39,11,10,88,0,88
2128410,5,41,63,25,7,141,5,146
2128411,3,34,58,26,14,135,5,140
2128412,5,9,57,22,13,106,0,106
2128413,3,44,72,26,20,165,3,168
2128414,3,20,39,15,7,84,4,88
2128415,5,24,62,25,8,124,0,124
2128416,8,35,52,29,11,135,0,135
2128417,11,34,62,21,11,139,6,145
2128418,4,25,35,9,8,81,0,81
2128419,6,31,66,24,6,133,7,140
2128420,3,61,120,36,15,235,3,238
2128421,26,47,50,15,5,143,6,149
2128422,4,34,62,15,9,124,4,128
2128423,14,63,70,23,16,186,8,194
2128424,6,24,53,24,8,115,3,118
2128425,4,25,32,9,4,74,8,82
2128426,0,42,53,17,6,118,3,121
2128427,0,17,32,7,7,63,0,63
2128501,0,10,18,11,20,59,0,59
2128502,0,14,34,9,3,60,3,63
2128503,3,9,52,14,12,90,6,96
2128504,5,17,41,22,16,101,3,104
2128505,10,22,37,17,13,99,3,102
2128506,3,39,31,14,3,90,3,93
2128507,3,27,51,17,15,113,4,117
2128508,4,24,44,10,9,91,0,91
2128509,5,17,45,39,26,132,0,132
2128510,0,9,34,7,11,61,4,65
2128511,6,38,51,18,9,122,3,125
2128512,4,15,19,8,8,54,3,57
2128513,0,9,16,11,9,45,3,48
2128514,0,12,21,8,19,60,3,63
2128515,0,17,34,26,9,86,6,92
2128516,0,31,61,24,10,126,5,131
2128517,5,19,25,12,20,81,0,81
2128518,3,17,31,9,11,71,3,74
2128519,0,15,31,21,24,91,0,91
2128520,0,13,34,17,24,88,0,88
2128521,3,10,42,16,22,93,3,96
2128522,0,24,56,17,14,111,3,114
2128523,0,7,34,11,16,68,0,68
2128524,5,43,73,28,17,166,3,169
2128525,3,19,67,28,13,130,3,133
2128526,4,18,41,14,25,102,5,107
2128601,3,26,22,10,3,64,0,64
2128602,3,33,50,18,11,115,0,115
2128603,0,23,42,30,20,115,4,119
2128604,4,25,69,29,14,141,3,144
2128605,3,32,46,23,13,117,5,122
2128606,0,24,48,16,7,95,0,95
2128607,3,32,44,11,11,101,3,104
2128608,4,31,35,19,8,97,4,101
2128609,0,0,0,0,0,0,0,0
2128610,6,53,51,19,6,135,3,138
2128611,4,48,70,22,14,158,4,162
2128612,0,16,41,25,22,104,4,108
2128613,3,42,61,21,4,131,0,131
2128614,3,42,66,20,15,146,4,150
2128615,9,48,75,24,11,167,3,170
2128616,0,65,59,9,9,142,3,145
2128617,12,70,48,12,4,146,7,153
2128618,10,87,65,17,8,187,4,191
2128619,3,12,28,15,11,69,0,69
2128620,7,30,47,14,10,108,3,111
2128621,5,68,60,5,3,141,3,144
2128622,5,37,35,12,8,97,6,103
2128623,11,40,32,9,0,92,9,101
2128624,20,74,95,27,17,233,4,237
2128625,7,41,31,3,3,85,3,88
2128626,7,40,35,6,3,91,4,95
2128627,6,77,55,13,11,162,4,166
2128628,4,56,54,16,8,138,3,141
2128629,11,64,49,23,13,160,5,165
2128630,7,26,48,23,18,122,7,129
2128631,5,27,53,31,23,139,5,144
2128632,0,22,48,7,8,85,3,88
2128633,0,8,28,23,11,70,3,73
2128634,0,17,47,22,25,111,0,111
2128635,14,23,19,12,3,71,3,74
2128636,3,13,24,12,10,62,3,65
2128637,4,24,32,8,4,72,3,75
2128638,0,21,36,24,13,94,0,94
2128639,0,12,29,22,19,82,3,85
2128640,0,17,28,16,18,79,0,79
2128641,0,7,19,12,6,44,0,44
2128642,5,36,60,37,30,168,7,175
2128643,0,33,49,23,22,127,4,131
2128644,4,47,51,11,8,121,4,125
2128645,0,0,0,0,0,0,0,0
2128646,7,54,23,4,5,93,5,98
2128647,0,16,23,22,16,77,0,77
2128648,3,10,27,16,18,74,3,77
2128649,3,62,51,12,3,131,8,139
2128650,4,24,38,16,5,87,3,90
2128651,6,31,21,17,8,83,3,86
2128652,0,12,31,22,16,81,7,88
2128653,0,0,0,0,0,0,0,0
2128701,8,84,63,21,12,188,5,193
2128702,4,19,70,22,4,119,3,122
2128703,12,72,50,11,11,156,8,164
2128704,4,111,200,56,28,399,9,408
2128705,3,3,73,33,15,127,3,130
2128706,0,22,46,27,14,109,3,112
2128707,0,23,97,34,16,170,3,173
2128708,3,20,38,36,31,128,0,128
2128709,5,36,105,33,16,195,8,203
2128710,11,34,30,9,10,94,0,94
2128711,0,37,78,23,11,149,4,153
2128712,3,35,69,28,14,149,4,153
2128713,3,13,53,21,26,116,0,116
2128714,0,16,60,37,28,141,3,144
2128715,0,12,40,12,3,67,0,67
2128716,3,12,30,8,11,64,3,67
2128717,0,30,75,23,5,133,5,138
2128801,4,29,33,30,26,122,0,122
2128802,4,14,28,18,16,80,7,87
2128803,0,15,29,14,17,75,3,78
2128804,0,19,47,18,22,106,0,106
2128805,3,14,47,28,21,113,4,117
2128806,0,11,29,24,15,79,0,79
2128807,3,16,38,28,23,108,8,116
2128808,3,29,59,37,31,159,5,164
2128809,8,37,55,24,29,153,5,158
2128810,0,25,31,25,17,98,0,98
2128811,0,21,66,26,29,142,0,142
2128812,5,15,48,30,26,124,7,131
2128813,4,68,101,38,21,232,5,237
2128814,4,64,71,19,10,168,3,171
2128815,8,41,52,13,5,119,7,126
2128816,6,31,88,34,18,177,4,181
2128817,6,38,41,17,9,111,6,117
2128818,0,10,41,23,18,92,0,92
2128819,0,15,26,23,8,72,3,75
2128820,0,21,38,25,20,104,3,107
2128821,0,10,25,23,9,67,0,67
2128822,0,13,37,19,21,90,3,93
2128823,0,12,27,12,18,69,0,69
2128901,0,3,4,0,0,7,0,7
2128902,4,21,62,31,17,135,0,135
2128903,4,32,36,5,9,86,3,89
2128904,6,31,71,32,19,159,0,159
2128905,3,32,79,33,21,168,0,168
2128906,4,16,50,18,15,103,0,103
2128907,0,25,39,15,12,91,0,91
2128908,5,31,52,21,9,118,3,121
2128909,7,36,89,32,17,181,6,187
2128910,16,56,91,26,15,204,4,208
2128911,4,30,43,22,11,110,0,110
2128912,0,29,71,24,8,132,4,136
2128913,0,20,32,10,3,65,3,68
2128914,6,36,79,25,21,167,3,170
2128915,0,3,8,5,5,21,3,24
2128916,0,34,62,18,13,127,3,130
2128917,3,14,50,27,9,103,3,106
2128918,3,31,79,30,25,168,0,168
2128919,0,8,14,12,9,43,3,46
2128920,3,30,57,22,11,123,0,123
2128921,4,9,40,40,23,116,5,121
2128922,5,15,47,18,15,100,0,100
2128923,0,8,41,16,15,80,0,80
2128924,0,11,27,16,9,63,0,63
2128925,3,41,64,31,17,156,3,159
2128926,4,50,56,18,7,135,7,142
2128927,7,49,49,17,13,135,6,141
2128928,0,14,51,31,31,127,0,127
2128929,4,12,69,34,21,140,0,140
2128930,0,12,25,23,6,66,0,66
2128931,0,20,43,17,11,91,0,91
2128932,3,13,62,24,23,125,3,128
2128933,0,9,17,16,14,56,0,56
2128934,0,23,62,27,30,142,0,142
2128935,0,27,68,17,9,121,3,124
2128936,0,23,64,23,33,143,5,148
2128937,0,14,48,24,40,126,3,129
2128938,5,28,51,27,13,124,3,127
2128939,0,0,0,0,0,0,0,0
2128940,3,7,33,11,11,65,3,68
2128941,0,13,32,11,3,59,3,62
2128942,3,28,47,20,12,110,3,113
2128943,0,24,49,21,15,109,3,112
2128944,0,23,45,23,6,97,0,97
2128945,4,40,57,31,11,143,4,147
2128946,0,0,0,0,0,0,0,0
2128947,4,19,31,20,8,82,3,85
2128948,3,17,50,26,15,111,0,111
2128949,3,12,26,9,5,55,0,55
2128950,0,20,26,21,10,77,3,80
2128951,4,19,46,22,19,110,0,110
2128952,0,12,23,14,26,75,3,78
2128953,7,26,67,27,36,163,0,163
2129001,14,65,131,27,21,258,7,265
2129002,6,59,81,21,7,174,3,177
2129003,0,13,21,23,13,70,5,75
2129004,0,12,41,29,20,102,3,105
2129005,3,41,64,38,37,183,8,191
2129006,3,18,23,22,17,83,0,83
2129007,5,31,59,37,31,163,3,166
2129008,0,14,32,19,18,83,3,86
2129009,18,46,55,23,12,154,4,158
2129010,5,45,47,17,10,124,4,128
2129011,11,45,72,29,20,177,0,177
2129012,7,26,43,27,19,122,4,126
2129013,0,20,39,21,11,91,4,95
2129014,4,13,28,12,15,72,3,75
2129015,13,52,73,29,8,175,7,182
2129016,8,34,25,12,3,82,4,86
2129017,0,20,50,50,23,143,3,146
2129101,7,185,215,46,8,461,9,470
2129102,5,136,172,29,20,362,11,373
2129103,15,96,122,23,11,267,5,272
2129104,0,69,81,19,9,178,4,182
2129105,8,66,103,22,9,208,4,212
2129106,10,102,171,39,15,337,4,341
2129107,3,36,68,29,38,174,6,180
2129108,6,15,37,16,30,104,4,108
2129109,11,74,45,19,12,161,8,169
2129110,0,53,64,26,12,155,4,159
2129111,3,40,76,18,7,144,7,151
2129112,0,0,3,3,0,6,0,6
2129113,3,39,45,7,0,94,3,97
2129114,8,49,52,12,11,132,3,135
2129115,49,100,33,6,3,191,12,203
2129116,0,27,78,19,16,140,0,140
2129117,12,54,71,27,6,170,3,173
2129118,0,48,68,22,13,151,5,156
2129119,0,24,49,13,7,93,0,93
2129120,30,270,333,66,15,714,10,724
2129121,6,59,81,9,6,161,5,166
2129201,0,42,105,33,9,189,0,189
2129202,0,110,237,47,13,407,9,416
2129203,10,172,244,65,10,501,16,517
2129204,0,54,118,32,12,216,0,216
2129205,4,74,161,40,19,298,5,303
2129206,5,42,40,15,11,113,5,118
2129207,33,103,20,3,0,159,16,175
2129208,35,93,37,10,5,180,10,190
2129209,34,100,32,6,4,176,18,194
2129210,7,31,99,29,15,181,3,184
2129211,18,133,67,17,6,241,5,246
2129212,8,70,86,20,4,188,7,195
2129213,3,8,19,13,19,62,0,62
2129214,4,45,69,15,6,139,3,142
2129215,3,71,76,14,7,171,3,174
2129216,4,76,91,19,5,195,5,200
2129217,15,81,70,18,4,188,6,194
2129218,12,64,50,17,8,151,7,158
2129219,27,101,72,22,7,229,10,239
2129220,5,71,54,18,8,156,6,162
2129221,3,52,53,23,12,143,3,146
2129222,6,61,55,29,14,165,8,173
2129223,8,37,47,19,8,119,4,123
2129224,8,165,81,20,17,291,4,295
2129225,0,41,49,22,8,120,0,120
2129226,5,70,155,45,17,292,6,298
2129227,41,97,59,11,11,219,5,224
2129228,3,75,113,32,6,229,3,232
2129229,6,23,50,10,0,89,3,92
2129230,9,43,47,12,3,114,3,117
2129231,0,27,64,24,8,123,3,126
2129232,0,31,34,4,4,73,3,76
2129233,0,46,70,12,7,135,0,135
2129234,11,124,390,99,34,658,8,666
2129235,0,16,68,13,6,103,0,103
2129236,0,23,36,9,0,68,0,68
2129301,4,37,101,25,19,186,0,186
2129302,4,55,80,17,3,159,5,164
2129303,0,60,38,13,0,111,4,115
2129304,4,38,71,11,15,139,3,142
2129305,0,18,47,10,7,82,3,85
2129306,4,52,84,13,10,163,5,168
2129307,0,35,134,37,26,232,3,235
2129308,0,14,87,25,8,134,0,134
2129309,98,96,50,21,4,269,17,286
2129310,6,62,50,14,5,137,6,143
2129311,13,68,70,25,16,192,5,197
2129312,14,66,71,16,3,170,0,170
2129313,6,38,44,9,8,105,3,108
2129314,3,17,84,47,33,184,3,187
2129315,0,20,44,27,19,110,0,110
2129316,4,47,63,24,20,158,0,158
2129317,0,30,61,38,11,140,4,144
2129318,4,54,96,20,18,192,3,195
2129319,13,53,79,23,6,174,5,179
2129320,3,26,73,26,20,148,4,152
2129321,0,25,54,27,8,114,0,114
2129322,4,7,37,14,17,79,0,79
2129323,3,29,52,19,11,114,3,117
2129324,30,115,69,16,13,243,25,268
2129325,0,30,62,12,7,111,6,117
2129326,3,25,62,19,25,134,0,134
2129327,10,106,84,18,4,222,5,227
2129328,7,37,55,17,11,127,3,130
2129329,0,17,96,22,9,144,0,144
2129330,5,45,125,38,12,225,7,232
2129331,0,24,77,17,7,125,0,125
2129332,12,77,83,26,19,217,3,220
2129333,3,32,61,24,6,126,0,126
2129334,24,102,71,15,11,223,9,232
2129335,0,54,100,32,13,199,0,199
2129336,0,23,46,16,19,104,0,104
2129337,0,0,12,21,12,45,5,50
2129338,9,40,68,15,4,136,4,140
2129339,5,38,50,5,0,98,3,101
2129340,18,70,47,9,5,149,4,153
2129341,6,45,56,24,3,134,3,137
2129342,7,92,89,27,3,218,4,222
2129343,3,63,77,21,5,169,4,173
2129344,10,72,39,10,3,134,6,140
2129345,29,46,19,3,0,97,9,106
2129346,7,46,62,15,10,140,0,140
2129347,0,10,40,23,9,82,4,86
2129348,9,38,33,9,4,93,3,96
2129349,0,16,30,18,3,67,0,67
2129350,3,36,37,7,11,94,0,94
2129351,6,82,39,0,0,127,7,134
2129352,3,36,36,4,4,83,0,83
2129401,3,37,105,21,18,184,0,184
2129402,5,39,140,28,14,226,3,229
2129403,0,58,173,57,24,312,3,315
2129404,3,19,67,16,0,105,0,105
2129405,4,45,102,30,4,185,0,185
2129406,3,106,183,43,6,341,0,341
2129407,3,157,551,131,38,880,3,883
2129408,3,34,60,22,22,141,0,141
2129409,3,30,82,26,15,156,3,159
2129410,8,70,127,39,15,259,6,265
2129411,4,53,103,24,9,193,0,193
2129412,0,28,43,27,8,106,0,106
2129413,0,23,39,19,5,86,0,86
2129414,4,37,87,26,17,171,0,171
2129415,3,22,50,10,12,97,0,97
2129416,3,48,70,16,11,148,6,154
2129417,6,44,80,20,14,164,5,169
2129418,0,49,66,33,3,151,7,158
2129419,0,34,63,21,10,128,0,128
2129420,3,28,73,12,8,124,4,128
2129421,0,44,52,14,12,122,4,126
2129422,0,25,104,38,11,178,3,181
2129423,0,30,111,38,18,197,3,200
2129424,0,26,37,19,6,88,5,93
2129425,8,35,36,13,13,105,5,110
2129426,6,70,74,18,5,173,3,176
2129427,4,48,61,9,3,125,0,125
2129428,0,15,58,20,0,93,3,96
2129429,0,10,37,14,3,64,3,67
2129430,6,106,254,61,32,459,7,466
2129431,8,84,109,22,3,226,6,232
2129432,0,49,95,34,6,184,3,187
2129433,3,40,44,5,3,95,0,95
2129434,4,21,42,17,7,91,3,94
2129435,0,14,46,10,4,74,0,74
2129436,3,44,137,44,11,239,5,244
2129437,0,0,0,0,0,0,0,0
2129438,9,79,106,26,10,230,5,235
2129501,16,26,22,8,3,75,6,81
2129502,0,0,0,0,0,0,0,0
2129503,0,0,0,0,0,0,0,0
2129504,9,29,33,12,11,94,3,97
2129505,15,64,37,17,8,141,5,146
2129506,8,81,82,19,11,201,6,207
2129507,15,33,27,14,0,89,6,95
2129508,21,73,43,16,3,156,16,172
2129509,0,0,0,0,0,0,0,0
2129510,18,83,74,25,10,210,20,230
2129511,35,59,20,7,4,125,9,134
2129512,14,61,47,14,4,140,11,151
2129513,15,74,57,15,12,173,6,179
2129514,4,28,41,11,3,87,10,97
2129515,23,69,56,15,9,172,8,180
2129516,15,54,34,7,5,115,4,119
2129517,18,60,32,3,3,116,11,127
2129518,20,82,41,15,3,161,12,173
2129519,17,55,32,15,5,124,11,135
2129520,13,50,48,18,4,133,10,143
2129521,43,81,26,15,3,168,12,180
2129522,25,54,34,6,5,124,14,138
2129523,40,61,33,7,4,145,7,152
2129524,11,53,50,24,11,149,8,157
2129525,18,99,74,25,9,225,14,239
2129526,20,92,50,18,7,187,17,204
2129601,0,27,63,11,13,114,0,114
2129602,7,21,26,4,3,61,4,65
2129603,4,11,31,22,3,71,3,74
2129604,3,32,42,19,4,100,3,103
2129605,4,28,66,24,4,126,3,129
2129606,5,20,38,18,9,90,6,96
2129607,3,6,64,27,30,130,3,133
2129608,0,0,0,0,0,0,0,0
2129609,0,0,0,0,0,0,0,0
2129610,4,25,42,21,5,97,3,100
2129611,5,43,82,32,22,184,3,187
2129612,11,33,68,24,7,143,3,146
2129613,6,19,29,4,6,64,5,69
2129614,0,13,39,12,12,76,5,81
2129615,9,53,57,19,9,147,5,152
2129616,3,52,65,15,8,143,6,149
2129617,4,45,83,34,16,182,0,182
2129618,5,24,66,31,18,144,3,147
2129619,0,6,28,14,9,57,0,57
2129620,6,44,75,21,8,154,5,159
2129621,4,43,56,25,7,135,5,140
2129622,0,24,55,32,15,126,5,131
2129623,4,13,39,15,6,77,3,80
2129624,5,28,66,30,15,144,0,144
2129625,13,48,63,32,18,174,4,178
2129626,4,44,66,22,7,143,3,146
2129627,0,53,64,28,12,157,4,161
2129628,9,29,57,30,13,138,3,141
2129629,5,30,52,19,4,110,5,115
2129630,6,34,32,12,3,87,4,91
2129631,3,32,47,19,8,109,6,115
2129632,10,37,31,14,7,99,0,99
2129633,0,20,52,23,4,99,5,104
2129634,4,32,46,25,5,112,0,112
2129635,5,11,35,18,18,87,0,87
2129636,11,24,71,28,11,145,4,149
2129637,3,43,66,15,6,133,4,137
2129638,3,42,67,17,12,141,7,148
2129639,0,16,57,35,19,127,6,133
2129640,4,20,64,20,13,121,3,124
2129641,0,19,53,24,16,112,3,115
2129642,10,44,67,24,11,156,4,160
2129643,5,35,60,32,16,148,4,152
2129644,17,53,60,20,16,166,10,176
2129645,4,50,84,33,16,187,3,190
2129646,3,29,36,10,3,81,4,85
2129647,13,66,86,20,9,194,4,198
2129648,4,26,70,27,15,142,4,146
2129649,3,17,28,11,3,62,0,62
2129650,0,23,39,25,5,92,0,92
2129651,5,31,57,20,10,123,6,129
2129652,0,30,39,20,13,102,7,109
2129653,3,20,38,9,12,82,0,82
2129654,7,27,35,20,12,101,0,101
2129655,7,34,45,15,5,106,5,111
2129656,8,31,70,20,6,135,0,135
2129657,6,35,50,17,9,117,4,121
2129658,3,26,58,15,6,108,3,111
2129659,5,4,47,45,18,119,3,122
2129660,0,20,59,14,10,103,0,103
2129661,4,30,43,9,7,93,3,96
2129662,4,9,19,17,17,66,3,69
2129663,3,17,43,14,9,86,3,89
2129664,0,48,50,15,8,121,0,121
2129665,0,38,54,11,9,112,0,112
2129666,3,23,26,10,0,62,5,67
2129667,4,29,57,14,15,119,4,123
2129668,6,16,36,16,8,82,0,82
2129669,3,12,49,26,11,101,0,101
2129701,0,31,64,26,9,130,4,134
2129702,7,21,38,18,4,88,4,92
2129703,5,35,52,19,8,119,4,123
2129704,4,43,75,17,14,153,0,153
2129705,6,39,83,30,5,163,5,168
2129706,3,19,52,24,3,101,5,106
2129707,3,28,30,14,10,85,6,91
2129708,11,51,44,8,3,117,4,121
2129709,7,84,75,33,5,204,8,212
2129710,3,42,61,15,6,127,3,130
2129711,6,25,50,14,8,103,4,107
2129712,0,25,44,26,6,101,3,104
2129713,11,73,57,9,3,153,0,153
2129714,6,33,62,24,13,138,10,148
2129715,7,47,57,21,10,142,10,152
2129716,15,56,54,16,12,153,4,157
2129717,12,63,45,15,7,142,7,149
2129718,12,48,41,13,10,124,13,137
2129719,5,32,55,21,13,126,3,129
2129720,0,0,0,0,0,0,0,0
2129721,15,57,49,18,7,146,7,153
2129722,19,60,52,12,3,146,10,156
2129723,3,22,36,18,13,92,0,92
2129724,5,39,32,16,8,100,0,100
2129725,4,28,41,3,11,87,4,91
2129726,3,23,35,16,5,82,3,85
2129801,7,38,38,25,14,122,6,128
2129802,5,39,66,21,3,134,3,137
2129803,3,30,46,20,9,108,9,117
2129804,0,35,53,25,7,120,5,125
2129805,4,50,60,16,7,137,3,140
2129806,0,39,37,17,4,97,3,100
2129807,3,24,44,6,12,89,3,92
2129808,20,91,55,18,11,195,16,211
2129809,3,8,45,23,8,87,3,90
2129810,0,28,61,30,15,134,3,137
2129811,3,32,57,26,10,128,3,131
2129812,7,75,77,27,16,202,6,208
2129813,13,40,38,15,8,114,3,117
2129814,3,22,81,30,13,149,0,149
2129815,0,42,78,28,14,162,7,169
2129816,0,26,44,28,8,106,0,106
2129817,3,12,28,14,4,61,0,61
2129818,4,34,66,29,18,151,3,154
2129819,6,23,30,5,7,71,0,71
2129820,3,25,38,16,10,92,3,95
2129821,8,89,70,23,14,204,7,211
2129822,5,43,58,21,8,135,3,138
2129823,0,0,0,0,0,0,0,0
2129824,6,58,83,20,7,174,6,180
2129825,4,56,80,17,5,162,3,165
2129826,3,48,77,19,11,158,4,162
2129827,9,44,70,14,16,153,3,156
2129828,9,52,55,21,5,142,7,149
2129829,6,67,79,28,8,188,0,188
2129830,0,32,57,20,6,115,3,118
2129831,3,35,70,19,11,138,3,141
2129832,0,0,0,0,0,0,0,0
2129833,8,35,38,18,7,106,8,114
2129834,12,48,67,14,10,151,7,158
2129835,0,28,57,25,9,119,0,119
2129836,15,70,69,13,5,172,8,180
2129837,12,79,75,24,12,202,8,210
2129838,8,41,62,21,4,136,3,139
2129839,4,48,82,32,10,176,3,179
2129840,3,24,94,44,15,180,7,187
2129841,3,42,57,18,4,124,0,124
2129842,3,29,44,11,8,95,7,102
2129843,7,28,86,24,9,154,0,154
2129844,4,50,65,19,5,143,3,146
2129845,9,82,58,18,6,173,6,179
2129846,8,66,80,26,4,184,3,187
2129847,0,0,0,0,0,0,0,0
2129848,7,54,81,16,7,165,5,170
2129849,4,62,85,20,18,189,5,194
2129850,5,41,80,13,13,152,0,152
2129851,6,35,49,18,8,116,3,119
2129852,3,31,49,20,12,115,5,120
2129853,36,74,20,6,0,136,10,146
2129854,7,46,70,19,3,145,3,148
2129855,7,38,35,10,9,99,8,107
2129856,6,33,45,11,7,102,3,105
2129857,0,28,66,26,13,133,4,137
2129858,3,16,35,15,3,72,3,75
2129859,3,33,43,20,3,102,0,102
2129860,3,33,63,31,20,150,0,150
2129861,0,22,30,7,7,66,3,69
2129862,3,28,51,14,5,101,0,101
2129863,13,43,37,6,6,105,3,108
2129864,4,40,36,19,6,105,3,108
2129865,0,25,44,13,8,90,3,93
2129901,0,20,49,32,21,122,3,125
2129902,0,5,25,14,23,67,5,72
2129903,3,7,32,23,32,97,3,100
2129904,0,15,38,29,26,108,0,108
2129905,0,10,25,14,18,67,0,67
2129906,0,8,37,29,26,100,3,103
2129907,3,14,68,25,35,145,7,152
2129908,0,14,37,23,25,99,4,103
2129909,0,17,41,34,31,123,0,123
2129910,3,11,54,37,27,132,3,135
2129911,3,14,55,37,42,151,11,162
2129912,0,4,38,35,20,97,3,100
2129913,0,10,55,25,35,125,0,125
2129914,3,10,61,44,47,165,3,168
2129915,0,10,36,20,27,93,4,97
2129916,0,8,15,21,26,70,3,73
2129917,0,5,25,11,20,61,0,61
2129918,0,9,27,23,11,70,3,73
2130001,3,36,38,21,6,104,4,108
2130002,3,35,54,16,6,114,3,117
2130003,7,61,63,23,9,163,14,177
2130004,12,89,75,18,10,204,6,210
2130005,7,55,59,24,3,148,5,153
2130006,0,39,39,18,8,104,0,104
2130007,3,28,56,25,13,125,5,130
2130008,9,40,70,24,12,155,6,161
2130009,7,56,52,18,12,145,4,149
2130010,0,29,105,30,13,177,4,181
2130011,4,40,117,33,28,222,4,226
2130012,3,42,138,58,52,293,13,306
2130013,0,13,47,20,8,88,4,92
2130014,18,191,340,80,32,661,16,677
2130015,3,57,104,16,12,192,3,195
2130016,7,30,29,14,7,87,4,91
2130017,27,79,40,13,7,166,6,172
2130018,12,70,54,20,9,165,4,169
2130019,7,47,51,13,6,124,3,127
2130020,67,151,46,10,5,279,15,294
2130021,26,81,49,22,8,186,5,191
2130022,8,49,36,10,3,106,5,111
2130023,12,49,53,16,5,135,4,139
2130024,40,129,36,5,0,210,7,217
2130025,24,75,68,15,14,196,3,199
2130026,14,67,55,14,11,161,10,171
2130027,5,69,43,12,4,133,10,143
2130028,5,52,67,28,12,164,14,178
2130029,8,61,50,9,6,134,0,134
2130030,17,38,23,9,4,91,3,94
2130031,3,49,32,9,5,98,4,102
2130032,16,59,47,12,3,137,7,144
2130033,8,90,66,25,11,200,6,206
2130034,4,53,60,15,3,135,5,140
2130035,0,24,33,5,3,65,3,68
2130036,0,0,0,0,0,0,0,0
2130037,0,5,18,14,16,53,3,56
2130038,13,65,48,22,4,152,5,157
2130039,11,60,37,11,7,126,5,131
2130040,7,61,36,18,5,127,4,131
2130101,3,26,38,12,3,82,0,82
2130102,5,53,85,17,3,163,3,166
2130103,3,37,70,32,3,145,4,149
2130104,4,42,94,29,8,177,6,183
2130105,0,20,51,13,8,92,0,92
2130106,38,142,50,26,7,263,13,276
2130107,5,146,313,90,37,591,9,600
2130108,4,43,63,13,4,127,3,130
2130109,3,39,67,21,13,143,11,154
2130110,9,74,39,10,7,139,6,145
2130111,3,25,62,35,23,148,3,151
2130112,10,197,285,48,15,555,14,569
2130201,0,27,59,27,13,126,0,126
2130202,5,23,52,13,6,99,3,102
2130203,7,77,72,29,15,200,7,207
2130204,10,76,58,22,4,170,7,177
2130205,7,46,39,10,3,105,5,110
2130206,3,32,44,20,5,104,0,104
2130207,3,51,53,13,11,131,4,135
2130208,12,42,34,18,7,113,3,116
2130209,10,49,54,20,9,142,7,149
2130210,7,29,31,4,4,75,0,75
2130211,0,49,55,16,13,133,5,138
2130212,0,57,85,32,12,186,3,189
2130213,8,278,554,110,34,984,12,996
2130214,7,64,60,14,4,149,3,152
2130215,7,42,50,24,3,126,0,126
2130216,6,48,74,32,7,167,4,171
2130217,11,44,54,15,10,134,5,139
2130218,0,0,0,0,0,0,0,0
2130219,3,48,57,23,8,139,0,139
2130220,8,54,57,22,9,150,9,159
2130221,6,38,36,11,3,94,4,98
2130222,4,24,56,13,8,105,3,108
2130223,0,42,55,24,7,128,10,138
2130224,3,17,49,19,6,94,4,98
2130225,0,40,68,21,10,139,5,144
2130226,4,42,144,38,16,244,5,249
2130227,6,36,126,21,12,201,8,209
2130228,3,18,59,22,9,111,3,114
2130301,0,18,42,17,34,111,4,115
2130302,5,27,60,28,36,156,3,159
2130303,0,13,41,17,27,98,0,98
2130304,3,67,357,86,30,543,4,547
2130305,0,15,23,11,20,69,0,69
2130306,3,21,60,41,33,158,0,158
2130307,5,20,52,25,27,129,0,129
2130308,4,31,69,34,34,172,8,180
2130309,3,21,57,36,32,149,5,154
2130310,0,15,31,19,8,73,3,76
2130311,3,11,40,21,24,99,3,102
2130312,0,7,32,13,20,72,3,75
2130313,3,34,61,27,4,129,0,129
2130314,31,112,38,13,8,202,20,222
2130401,10,58,69,15,15,167,5,172
2130402,7,37,50,9,3,106,3,109
2130403,5,39,38,6,11,99,4,103
2130404,5,39,78,20,4,146,5,151
2130405,4,54,68,20,11,157,5,162
2130406,10,33,60,16,7,126,8,134
2130407,4,41,67,22,0,134,4,138
2130408,3,58,97,25,3,186,9,195
2130409,4,63,105,19,8,199,4,203
2130410,4,99,166,36,12,317,13,330
2130411,5,11,11,8,6,41,0,41
2130412,0,56,62,17,10,145,3,148
2130413,4,36,33,16,4,93,3,96
2130414,6,39,48,10,9,112,3,115
2130415,6,91,116,30,15,258,6,264
2130416,6,25,43,13,4,91,4,95
2130417,3,17,34,11,4,69,0,69
2130418,0,39,30,10,3,82,3,85
2130419,3,21,31,10,3,68,3,71
2130420,0,32,37,11,3,83,3,86
2130501,3,40,51,13,3,110,0,110
2130502,3,54,56,23,10,146,3,149
2130503,5,57,92,23,10,187,8,195
2130504,5,12,38,14,7,76,4,80
2130505,7,78,76,31,16,208,10,218
2130506,10,72,42,23,14,161,7,168
2130507,4,37,57,13,5,116,4,120
2130508,9,29,43,7,13,101,0,101
2130509,24,109,75,25,8,241,13,254
2130510,19,55,40,15,10,139,15,154
2130511,11,56,78,25,13,183,7,190
2130512,6,37,52,18,3,116,3,119
2130513,0,60,60,24,10,154,4,158
2130514,3,28,22,14,4,71,0,71
2130515,3,52,83,41,21,200,6,206
2130516,12,35,64,14,8,133,5,138
2130517,16,73,59,12,8,168,3,171
2130518,4,65,54,22,11,156,3,159
2130519,18,53,55,25,0,151,3,154
2130520,18,81,45,23,4,171,14,185
2130521,11,76,71,35,8,201,11,212
2130522,4,21,34,13,5,77,3,80
2130523,19,69,58,8,5,159,12,171
2130524,11,44,53,26,8,142,8,150
2130525,13,48,60,14,0,135,3,138
2130526,0,0,0,0,0,0,0,0
2130527,8,49,70,28,6,161,8,169
2130528,3,44,55,10,5,117,3,120
2130529,4,48,77,30,13,172,8,180
2130530,10,59,56,22,4,151,7,158
2130531,11,74,60,21,12,178,13,191
2130532,8,55,54,23,10,150,6,156
2130533,0,24,31,18,11,84,4,88
2130534,3,29,27,11,4,74,0,74
2130535,0,49,56,19,14,138,6,144
2130536,15,80,75,13,10,193,4,197
2130537,0,61,81,33,6,181,7,188
2130538,6,58,103,19,12,198,8,206
2130539,3,48,75,24,3,153,5,158
2130540,7,35,58,23,8,131,0,131
2130541,3,46,51,16,0,116,7,123
2130542,11,64,92,29,16,212,7,219
2130543,7,84,142,53,13,299,8,307
2130544,6,20,37,11,5,79,4,83
2130545,8,69,96,27,9,209,3,212
2130546,6,41,40,12,3,102,0,102
2130547,5,35,58,15,7,120,5,125
2130548,10,34,49,19,5,117,3,120
2130601,3,48,106,18,7,182,3,185
2130602,0,9,46,25,11,91,9,100
2130603,0,14,54,33,15,116,0,116
2130604,19,351,886,220,76,1552,21,1573
2130605,3,33,47,30,0,113,4,117
2130606,3,33,68,24,3,131,3,134
2130607,7,69,71,14,16,177,4,181
2130608,7,36,54,38,20,155,0,155
2130609,0,0,0,0,0,0,0,0
2130610,5,90,212,62,21,390,13,403
2130611,5,27,39,17,3,91,3,94
2130612,8,16,51,14,5,94,0,94
2130613,5,47,124,28,12,216,6,222
2130614,0,12,40,15,6,73,0,73
2130701,0,22,55,11,11,99,0,99
2130702,3,45,93,20,9,170,4,174
2130703,3,23,59,21,12,118,3,121
2130704,3,27,67,28,10,135,7,142
2130705,0,39,87,25,11,162,3,165
2130706,0,47,65,20,8,140,0,140
2130707,0,33,49,13,0,95,5,100
2130708,4,26,72,22,7,131,6,137
2130709,3,32,69,18,5,127,3,130
2130710,0,38,75,21,4,138,3,141
2130711,4,29,104,18,0,155,9,164
2130712,0,20,49,13,11,93,6,99
2130713,3,18,65,14,7,107,3,110
2130714,0,30,50,12,4,96,4,100
2130715,0,24,56,16,8,104,0,104
2130716,0,17,58,17,9,101,0,101
2130717,0,23,79,27,10,139,8,147
2130718,4,13,40,8,3,68,3,71
2130719,3,73,157,42,8,283,8,291
2130720,4,37,90,24,13,168,3,171
2130721,0,8,33,27,30,98,0,98
2130722,0,14,56,24,8,102,0,102
2130723,0,23,43,16,8,90,0,90
2130724,0,24,73,36,24,157,0,157
2130725,3,33,64,23,8,131,3,134
2130726,0,13,53,15,11,92,3,95
2130727,0,24,59,22,15,120,0,120
2130728,3,6,36,29,30,104,3,107
2130729,4,6,34,21,18,83,3,86
2130730,0,38,56,20,10,124,0,124
2130731,0,36,45,16,3,100,3,103
2130732,3,35,43,14,5,100,4,104
2130733,3,33,53,12,8,109,0,109
2130734,4,14,38,27,42,125,0,125
2130735,3,29,52,15,7,106,0,106
2130736,0,19,57,9,16,101,3,104
2130737,4,25,67,24,9,129,3,132
2130738,0,36,62,11,7,116,3,119
2130739,0,40,52,13,3,108,0,108
2130740,10,50,87,19,6,172,0,172
2130741,7,37,83,18,14,159,4,163
2130742,0,39,94,34,11,178,5,183
2130743,0,23,75,26,18,142,0,142
2130744,0,28,79,18,12,137,0,137
2130745,0,18,100,24,9,151,0,151
2130746,3,22,88,22,13,148,3,151
2130747,0,35,94,34,11,174,7,181
2130748,0,33,73,28,14,148,4,152
2130749,3,12,77,19,13,124,3,127
2130750,0,16,65,15,9,105,3,108
2130751,0,42,72,33,13,160,0,160
2130752,0,15,39,16,8,78,3,81
2130753,0,28,70,29,21,148,3,151
2130754,0,23,64,19,10,116,0,116
2130755,7,57,76,27,3,170,9,179
2130756,0,0,0,0,0,0,0,0
2130757,3,11,60,19,4,97,0,97
2130758,3,11,23,16,9,62,0,62
2130759,0,8,70,24,8,110,0,110
2130760,0,23,57,9,14,103,0,103
2130761,0,32,52,11,7,102,3,105
2130762,0,19,61,14,10,104,3,107
2130763,0,16,41,9,13,79,4,83
2130764,3,31,63,16,13,126,3,129
2130765,3,39,46,12,4,104,5,109
2130766,0,32,53,20,7,112,3,115
2130801,0,30,75,35,16,156,7,163
2130802,3,23,53,18,3,100,5,105
2130803,6,45,49,24,13,137,6,143
2130804,0,12,49,20,14,95,3,98
2130805,0,16,64,29,15,124,3,127
2130806,0,10,24,23,8,65,0,65
2130807,0,0,0,0,0,0,0,0
2130808,0,24,42,13,4,83,3,86
2130809,3,15,40,37,26,121,3,124
2130810,0,27,74,27,13,141,5,146
2130811,0,37,57,21,12,127,4,131
2130812,0,13,37,18,8,76,3,79
2130813,0,35,61,26,15,137,9,146
2130814,3,16,55,29,30,133,7,140
2130815,3,16,36,24,18,97,0,97
2130816,3,12,43,27,22,107,3,110
2130817,12,49,96,43,9,209,5,214
2130818,3,24,45,28,34,134,6,140
2130819,0,7,25,19,21,72,3,75
2130820,0,18,70,25,23,136,0,136
2130821,0,37,47,19,12,115,3,118
2130822,5,27,40,23,11,106,7,113
2130901,4,34,55,6,8,107,7,114
2130902,3,55,56,15,12,141,7,148
2130903,11,59,63,17,12,162,10,172
2130904,12,69,56,20,10,167,3,170
2130905,6,27,55,26,12,126,3,129
2130906,0,24,50,30,12,116,3,119
2130907,3,43,66,26,15,153,0,153
2130908,16,36,38,19,3,112,11,123
2130909,6,48,28,15,0,97,0,97
2130910,11,46,60,19,12,148,3,151
2130911,3,23,42,12,3,83,3,86
2130912,12,51,58,17,9,147,4,151
2130913,6,35,36,19,12,108,3,111
2130914,23,56,64,19,4,166,10,176
2130915,11,33,35,19,15,113,0,113
2130916,5,44,70,34,18,171,5,176
2130917,5,57,61,24,15,162,4,166
2130918,7,43,43,21,11,125,3,128
2130919,3,21,22,17,10,73,0,73
2130920,4,18,31,12,17,82,0,82
2130921,6,26,40,21,11,104,5,109
2130922,8,48,57,15,4,132,0,132
2130923,7,36,66,19,9,137,3,140
2130924,11,62,66,20,4,163,8,171
2130925,8,32,41,16,7,104,3,107
2130926,9,38,48,16,7,118,3,121
2130927,15,38,15,0,0,68,4,72
2130928,3,46,32,10,3,94,4,98
2130929,25,34,26,7,7,99,12,111
2130930,6,16,24,9,3,58,4,62
2130931,0,0,0,0,0,0,0,0
2130932,0,18,38,22,10,88,0,88
2131001,17,54,68,23,8,170,8,178
2131002,14,61,45,14,3,137,3,140
2131003,36,92,79,8,10,225,17,242
2131004,17,43,29,3,3,95,8,103
2131005,12,70,40,17,4,143,6,149
2131006,7,25,40,9,9,90,3,93
2131007,15,81,50,6,4,156,6,162
2131008,10,32,20,14,3,79,0,79
2131009,19,67,50,16,7,159,9,168
2131010,28,67,45,12,3,155,4,159
2131011,17,127,77,20,3,244,6,250
2131012,31,92,39,8,4,174,6,180
2131013,19,69,18,10,4,120,6,126
2131014,16,69,37,11,0,133,6,139
2131015,13,49,41,12,5,120,5,125
2131016,8,62,37,9,7,123,4,127
2131017,11,61,56,21,10,159,8,167
2131018,16,38,24,18,4,100,4,104
2131019,22,84,57,19,15,197,3,200
2131020,11,51,70,28,14,174,8,182
2131021,0,0,4,0,0,4,0,4
2131022,3,33,43,18,8,105,4,109
2131023,11,48,64,28,9,160,6,166
2131024,4,40,48,28,8,128,3,131
2131025,4,50,55,15,6,130,6,136
2131026,11,45,35,15,8,114,5,119
2131027,0,0,0,0,0,0,0,0
2131028,6,34,18,12,3,73,7,80
2131029,0,7,0,0,0,7,0,7
2131030,11,63,66,18,5,163,10,173
2131101,21,69,45,11,4,150,12,162
2131102,13,72,28,8,3,124,8,132
2131103,20,52,29,4,4,109,11,120
2131104,17,24,15,7,4,67,6,73
2131105,7,30,26,12,20,95,6,101
2131106,23,55,35,14,4,131,7,138
2131107,19,64,43,14,3,143,21,164
2131108,13,36,31,20,3,103,10,113
2131109,15,38,43,15,3,114,10,124
2131110,22,51,23,9,3,108,13,121
2131111,32,53,36,10,7,138,11,149
2131112,15,35,17,7,4,78,11,89
2131113,18,61,39,15,9,142,18,160
2131114,34,47,28,4,7,120,17,137
2131115,13,86,77,16,3,195,9,204
2131116,4,0,0,0,0,4,0,4
2131117,17,50,34,16,7,124,9,133
2131118,9,42,26,6,5,88,5,93
2131119,40,62,34,4,4,144,9,153
2131120,29,106,29,3,0,167,13,180
2131121,47,90,37,0,6,180,9,189
2131122,11,30,39,6,7,93,0,93
2131123,17,53,35,9,0,114,3,117
2131124,21,98,54,21,5,199,11,210
2131125,29,70,44,11,8,162,7,169
2131126,11,53,46,11,5,126,6,132
2131127,15,76,59,17,10,177,6,183
2131128,25,79,37,8,0,149,4,153
2131129,35,88,39,12,5,179,12,191
2131130,24,46,40,7,3,120,3,123
2131131,24,31,17,12,5,89,4,93
2131132,69,136,53,5,3,266,21,287
2131133,36,73,14,5,3,131,4,135
2131134,22,67,43,6,0,138,10,148
2131135,33,57,28,3,5,126,9,135
2131136,22,72,30,8,4,136,17,153
2131137,9,43,19,10,3,84,3,87
2131138,15,37,39,11,3,105,9,114
2131139,30,78,26,3,4,141,13,154
2131140,48,85,45,4,4,186,15,201
2131141,0,14,9,6,4,33,0,33
2131142,44,87,41,8,8,188,6,194
2131143,43,125,44,5,4,221,17,238
2131144,36,62,23,0,0,121,5,126
2131145,37,75,45,13,8,178,14,192
2131146,64,107,52,9,3,235,14,249
2131147,18,54,40,12,4,128,3,131
2131148,10,59,38,9,10,126,8,134
2131149,19,68,25,7,3,122,11,133
2131150,80,212,29,0,0,321,34,355
2131151,9,65,56,12,4,146,10,156
2131152,25,84,51,23,3,186,12,198
2131153,15,74,37,10,0,136,6,142
2131154,21,63,41,5,3,133,16,149
2131155,4,8,10,14,3,39,0,39
2131156,14,47,53,8,11,133,9,142
2131157,36,52,17,3,3,111,8,119
2131158,10,31,25,11,7,84,7,91
2131159,44,70,25,12,4,155,6,161
2131160,53,70,5,0,0,128,8,136
2131161,18,41,20,8,4,91,3,94
2131162,23,46,23,3,7,102,8,110
2131201,11,43,31,4,6,95,13,108
2131202,0,56,61,22,16,155,6,161
2131203,10,46,45,13,7,121,4,125
2131204,6,30,54,17,8,115,3,118
2131205,6,61,80,23,15,185,3,188
2131206,7,59,58,18,11,153,11,164
2131207,3,63,74,25,11,176,4,180
2131208,13,41,42,13,3,112,7,119
2131209,5,31,35,17,3,91,4,95
2131210,22,100,46,6,4,178,3,181
2131211,10,42,50,10,0,112,9,121
2131212,6,43,52,17,8,126,0,126
2131213,4,39,55,11,11,120,8,128
2131214,3,49,71,28,17,168,6,174
2131215,0,13,35,10,8,66,4,70
2131216,5,37,45,17,8,112,9,121
2131217,9,44,28,5,3,89,3,92
2131218,11,59,53,14,0,137,0,137
2131219,13,52,40,9,4,118,11,129
2131220,15,56,40,9,3,123,3,126
2131221,14,57,30,11,13,125,7,132
2131222,14,48,30,11,3,106,5,111
2131223,15,71,51,21,6,164,9,173
2131224,23,44,30,12,3,112,14,126
2131225,33,82,48,13,3,179,13,192
2131226,7,54,41,15,4,121,3,124
2131227,14,57,62,33,8,174,9,183
2131228,9,60,35,10,0,114,4,118
2131229,28,61,68,24,3,184,13,197
2131230,29,41,28,5,4,107,5,112
2131231,10,44,22,10,8,94,6,100
2131232,14,53,35,8,4,114,6,120
2131233,7,50,98,33,13,201,4,205
2131234,20,45,19,11,7,102,9,111
2131235,0,29,25,18,14,86,7,93
2131236,6,51,89,19,12,177,9,186
2131237,10,74,59,12,10,165,3,168
2131238,10,52,62,20,9,153,5,158
2131239,3,25,26,12,8,74,6,80
2131240,0,0,0,0,0,0,0,0
2131241,3,30,33,14,8,88,3,91
2131242,4,65,72,35,10,186,7,193
2131243,4,17,44,21,12,98,3,101
2131244,8,45,63,23,5,144,3,147
2131245,9,41,67,13,4,134,4,138
2131246,4,43,64,32,10,153,3,156
2131247,3,34,97,39,10,183,4,187
2131248,3,38,54,20,12,127,4,131
2131249,8,33,50,36,20,147,3,150
2131250,5,35,47,20,4,111,4,115
2131251,6,42,66,21,17,152,8,160
2131252,3,41,49,24,15,132,5,137
2131253,33,46,22,8,4,113,7,120
2131254,11,34,24,11,4,84,0,84
2131255,5,21,34,13,7,80,6,86
2131301,5,44,38,10,8,105,5,110
2131302,0,45,76,18,14,153,0,153
2131303,3,18,48,25,11,105,3,108
2131304,3,50,29,11,17,110,0,110
2131305,6,43,46,8,4,107,0,107
2131306,10,50,64,17,0,141,8,149
2131307,5,61,73,14,20,173,6,179
2131308,6,31,50,18,16,121,0,121
2131309,0,7,11,0,0,18,3,21
2131310,13,58,92,41,27,231,5,236
2131311,0,29,68,28,17,142,3,145
2131312,4,33,79,30,15,161,3,164
2131313,3,16,64,28,23,134,3,137
2131314,3,30,76,13,8,130,3,133
2131315,4,66,59,23,6,158,3,161
2131316,3,70,71,13,3,160,6,166
2131317,3,31,58,18,8,118,0,118
2131318,5,46,92,32,17,192,4,196
2131319,6,48,63,22,9,148,4,152
2131320,3,65,96,24,16,204,0,204
2131321,3,29,48,22,5,107,5,112
2131322,3,39,68,22,12,144,3,147
2131323,6,56,77,17,10,166,3,169
2131324,0,33,37,16,10,96,3,99
2131325,36,94,48,7,6,191,15,206
2131326,0,10,44,21,6,81,3,84
2131401,4,43,73,31,19,170,4,174
2131402,3,80,255,66,27,431,7,438
2131403,3,37,148,36,18,242,3,245
2131404,0,19,91,47,24,181,3,184
2131405,0,27,87,41,20,175,6,181
2131406,37,54,27,11,0,129,9,138
2131407,5,30,45,22,8,110,3,113
2131408,0,25,95,41,14,175,3,178
2131409,0,5,23,15,7,50,3,53
2131410,0,12,19,17,20,68,0,68
2131411,3,34,59,25,27,148,6,154
2131412,3,25,31,17,3,79,4,83
2131413,9,57,50,14,3,133,10,143
2131414,4,26,35,9,9,83,6,89
2131415,0,45,63,30,13,151,5,156
2131416,6,28,23,19,4,80,0,80
2131417,0,18,42,23,15,98,3,101
2131418,7,50,40,16,11,124,8,132
2131419,12,61,63,26,3,165,5,170
2131420,0,31,45,25,3,104,8,112
2131421,5,15,25,14,3,62,0,62
2131422,5,42,58,17,7,129,3,132
2131423,0,0,0,0,0,0,0,0
2131424,0,0,0,0,0,0,0,0
2131425,10,37,49,15,4,115,5,120
2131426,0,51,70,28,14,163,8,171
2131427,7,60,64,19,5,155,7,162
2131428,5,53,72,21,6,157,4,161
2131429,6,36,50,20,11,123,0,123
2131430,4,16,31,14,8,73,0,73
2131431,24,35,45,8,6,118,8,126
2131432,0,37,51,12,3,103,6,109
2131433,11,46,84,20,15,176,10,186
2131434,5,40,35,21,0,101,5,106
2131435,9,33,60,18,7,127,3,130
2131436,4,39,57,19,9,128,3,131
2131437,6,48,66,23,11,154,9,163
2131438,9,50,47,23,7,136,9,145
2131439,12,52,56,13,10,143,6,149
2131440,11,65,68,16,8,168,9,177
2131441,3,32,39,13,3,90,4,94
2131442,15,42,35,22,7,121,7,128
2131443,4,40,42,17,3,106,3,109
2131444,6,34,58,36,12,146,3,149
2131445,11,47,61,14,5,138,4,142
2131446,4,27,59,34,19,143,4,147
2131501,11,56,42,16,4,129,9,138
2131502,7,42,38,16,7,110,4,114
2131503,27,125,80,15,8,255,8,263
2131504,3,28,51,19,4,105,6,111
2131505,7,28,34,8,0,77,4,81
2131506,24,67,53,13,8,165,3,168
2131507,17,49,51,6,4,127,5,132
2131508,18,68,45,13,4,148,7,155
2131509,6,40,22,6,0,74,4,78
2131510,25,84,63,22,17,211,11,222
2131511,33,58,28,8,5,132,3,135
2131512,18,30,31,8,6,93,6,99
2131513,21,82,67,23,14,207,7,214
2131514,7,50,51,19,5,132,6,138
2131515,14,46,54,12,5,131,8,139
2131516,19,70,32,4,3,128,4,132
2131517,17,70,37,14,3,141,8,149
2131518,5,53,86,24,8,176,0,176
2131519,12,80,73,25,5,195,12,207
2131520,12,47,62,14,6,141,4,145
2131521,16,57,26,10,9,118,0,118
2131522,48,106,35,16,0,205,23,228
2131523,23,64,50,23,9,169,3,172
2131524,23,73,62,15,6,179,13,192
2131525,25,58,53,18,14,168,13,181
2131526,13,88,74,19,8,202,10,212
2131527,30,54,36,12,6,138,4,142
2131528,17,77,58,17,5,174,7,181
2131529,26,80,43,10,7,166,11,177
2131530,24,67,66,14,9,180,5,185
2131531,23,74,65,11,5,178,6,184
2131532,11,58,71,21,14,175,7,182
2131533,40,128,81,18,3,270,16,286
2131534,19,89,52,11,3,174,6,180
2131535,40,141,59,17,8,265,11,276
2131536,55,110,45,7,7,224,9,233
2131537,14,65,72,16,8,175,12,187
2131538,13,63,46,17,11,150,10,160
2131539,16,67,59,18,4,164,6,170
2131540,35,95,53,18,3,204,17,221
2131541,24,101,61,15,3,204,12,216
2131542,20,65,51,17,4,157,6,163
2131543,49,157,62,8,5,281,14,295
2131544,30,48,11,3,7,99,8,107
2131545,22,119,50,15,3,209,4,213
2131546,23,96,81,16,6,222,7,229
2131547,0,45,41,26,4,116,7,123
2131548,5,59,77,26,9,176,8,184
2131549,4,29,31,12,5,81,7,88
2131550,22,71,55,22,7,177,8,185
2131551,48,88,59,20,5,220,18,238
2131552,43,114,26,5,0,188,9,197
2131553,13,81,46,10,10,160,11,171
2131554,31,70,29,8,3,141,9,150
2131555,25,55,42,10,6,138,12,150
2131556,16,76,87,24,14,217,5,222
2131557,24,93,72,16,11,216,7,223
2131558,28,84,41,19,8,180,6,186
2131601,0,16,30,11,12,69,3,72
2131602,11,54,39,8,4,116,0,116
2131603,12,66,77,19,7,181,6,187
2131604,17,43,38,21,0,119,9,128
2131605,16,41,41,17,3,118,9,127
2131606,12,42,36,20,5,115,6,121
2131607,12,65,82,34,6,199,9,208
2131608,8,49,56,25,11,149,7,156
2131609,6,46,55,21,12,140,4,144
2131610,7,75,100,24,8,214,6,220
2131611,15,63,65,16,15,174,6,180
2131612,18,66,62,18,3,167,3,170
2131613,21,69,67,20,7,184,6,190
2131614,8,58,78,20,3,167,7,174
2131615,9,25,27,9,7,77,0,77
2131616,17,50,45,18,7,137,4,141
2131617,19,66,62,31,11,189,3,192
2131618,0,0,0,0,0,0,0,0
2131701,13,23,33,7,0,76,4,80
2131702,14,36,39,5,4,98,11,109
2131703,29,57,32,12,5,135,11,146
2131704,13,32,21,9,5,80,7,87
2131705,9,32,27,6,7,81,8,89
2131706,32,48,30,5,3,118,9,127
2131707,16,30,26,4,3,79,5,84
2131708,96,140,29,7,0,272,30,302
2131709,26,84,52,8,3,173,6,179
2131710,11,48,43,17,8,127,9,136
2131711,14,36,33,16,3,102,6,108
2131712,7,68,51,19,5,150,12,162
2131713,15,45,40,14,4,118,8,126
2131714,18,56,53,9,14,150,4,154
2131715,6,29,40,15,0,90,8,98
2131716,8,57,60,18,19,162,7,169
2131717,14,62,46,19,9,150,8,158
2131718,4,44,44,9,4,105,12,117
2131719,23,61,36,18,9,147,7,154
2131720,62,74,33,13,7,189,12,201
2131721,15,37,16,19,4,91,4,95
2131722,16,49,40,7,6,118,10,128
2131723,18,65,48,16,6,153,12,165
2131724,14,48,37,20,6,125,4,129
2131725,24,48,23,7,0,102,9,111
2131726,15,50,29,6,5,105,9,114
2131727,15,58,45,19,3,140,3,143
2131728,10,29,44,14,4,101,5,106
2131729,16,30,15,8,0,69,3,72
2131730,20,62,40,19,0,141,7,148
2131731,0,0,0,0,0,0,0,0
2131732,4,39,63,18,8,132,6,138
2131733,0,0,0,0,0,0,0,0
2131734,23,52,48,12,5,140,9,149
2131735,21,74,56,13,4,168,12,180
2131736,18,57,67,12,9,163,7,170
2131737,15,66,46,13,4,144,5,149
2131738,21,44,43,6,5,119,4,123
2131739,17,36,34,16,9,112,6,118
2131740,17,70,52,28,4,171,5,176
2131741,37,85,47,17,11,197,6,203
2131742,18,47,43,7,10,125,5,130
2131743,22,57,48,21,4,152,9,161
2131744,0,0,0,0,0,0,0,0
2131745,41,79,28,16,5,169,16,185
2131746,9,65,76,11,8,169,5,174
2131747,14,74,75,18,4,185,0,185
2131748,5,60,53,17,11,146,3,149
2131749,19,50,22,4,3,98,4,102
2131801,25,56,54,25,0,160,8,168
2131802,3,35,54,13,11,116,3,119
2131803,3,26,51,26,6,112,5,117
2131804,7,50,54,25,10,146,11,157
2131805,10,51,73,22,10,166,10,176
2131806,18,74,59,17,4,172,8,180
2131807,12,64,68,16,5,165,8,173
2131808,3,81,49,19,11,163,7,170
2131809,7,29,30,17,11,94,0,94
2131810,3,40,35,3,3,84,6,90
2131811,15,56,67,22,6,166,8,174
2131812,6,47,56,17,6,132,3,135
2131813,8,54,72,22,16,172,3,175
2131814,6,38,39,22,3,108,9,117
2131815,6,28,27,8,6,75,8,83
2131816,20,65,59,16,5,165,12,177
2131817,0,17,38,18,7,80,0,80
2131818,12,49,52,24,13,150,3,153
2131819,12,38,62,22,9,143,3,146
2131820,6,33,47,15,5,106,9,115
2131821,15,64,63,34,11,187,6,193
2131822,15,55,82,19,4,175,6,181
2131823,13,39,44,27,7,130,6,136
2131824,13,60,57,24,9,163,5,168
2131825,3,51,50,30,7,141,4,145
2131826,4,25,39,17,3,88,3,91
2131901,7,40,58,11,12,128,0,128
2131902,13,48,54,15,6,136,8,144
2131903,15,70,60,8,5,158,4,162
2131904,29,99,99,17,5,249,9,258
2131905,4,51,89,23,11,178,5,183
2131906,16,49,57,20,3,145,3,148
2131907,10,52,66,9,7,144,3,147
2131908,11,60,65,18,3,157,3,160
2131909,14,62,61,13,4,154,0,154
2131910,10,33,57,14,5,119,0,119
2131911,21,66,79,15,9,190,5,195
2131912,7,39,71,6,10,133,5,138
2131913,3,27,58,16,0,104,4,108
2131914,4,52,109,25,7,197,0,197
2131915,3,41,81,17,6,148,0,148
2131916,9,55,55,13,11,143,7,150
2131917,25,65,50,15,5,160,6,166
2131918,12,55,45,8,3,123,4,127
2131919,9,85,51,11,3,159,5,164
2131920,37,52,39,6,4,138,8,146
2131921,29,79,46,18,7,179,10,189
2131922,32,80,49,9,5,175,6,181
2131923,24,61,52,13,3,153,0,153
2131924,27,72,56,7,11,173,6,179
2131925,31,43,30,11,5,120,3,123
2131926,15,38,45,14,7,119,0,119
2131927,26,70,55,11,3,165,7,172
2131928,18,51,45,10,0,124,3,127
2131929,4,62,84,29,9,188,3,191
2131930,3,27,50,9,4,93,0,93
2131931,18,77,102,34,19,250,9,259
2131932,0,41,40,14,5,100,3,103
2131933,10,77,66,13,3,169,3,172
2131934,13,43,33,20,3,112,10,122
2131935,38,97,62,14,6,217,8,225
2131936,6,28,62,21,3,120,0,120
2131937,21,46,45,16,5,133,7,140
2131938,0,0,0,0,0,0,0,0
2131939,3,36,48,29,4,120,3,123
2132001,57,46,19,11,0,133,5,138
2132002,0,3,4,0,0,7,0,7
2132003,36,56,22,11,0,125,5,130
2132004,41,73,34,18,8,174,3,177
2132005,36,63,45,7,5,156,6,162
2132006,12,50,47,11,10,130,6,136
2132007,0,0,0,0,0,0,0,0
2132008,8,57,84,16,7,172,3,175
2132009,3,32,46,13,4,98,5,103
2132010,10,59,37,9,4,119,4,123
2132011,14,40,26,11,3,94,5,99
2132012,31,103,77,18,5,234,8,242
2132013,30,63,43,17,0,153,6,159
2132014,30,77,49,9,0,165,7,172
2132015,40,67,25,14,3,149,4,153
2132016,17,57,37,11,3,125,3,128
2132017,19,79,61,12,4,175,11,186
2132018,30,47,27,10,3,117,4,121
2132019,12,54,25,6,3,100,3,103
2132020,33,69,65,17,7,191,3,194
2132021,33,55,18,5,0,111,3,114
2132022,31,63,37,7,4,142,3,145
2132023,17,36,17,7,0,77,4,81
2132024,31,53,38,11,4,137,4,141
2132025,52,59,31,9,5,156,5,161
2132026,45,82,44,12,0,183,6,189
2132027,19,41,35,9,0,104,3,107
2132028,60,138,61,11,5,275,5,280
2132029,14,64,50,16,3,147,5,152
2132030,11,70,58,22,6,167,3,170
2132031,40,73,57,15,5,190,3,193
2132032,48,87,39,7,6,187,9,196
2132033,63,62,17,3,0,145,4,149
2132034,85,191,90,11,6,383,5,388
2132035,15,93,51,18,5,182,7,189
2132036,22,56,36,7,0,121,6,127
2132037,24,63,23,5,3,118,4,122
2132038,8,52,46,14,7,127,4,131
2132101,5,52,102,27,10,196,5,201
2132102,0,17,50,25,4,96,3,99
2132103,5,43,79,27,5,159,3,162
2132104,10,65,60,11,0,146,0,146
2132105,10,76,75,8,7,176,9,185
2132106,8,33,25,8,3,77,0,77
2132107,3,43,46,12,5,109,3,112
2132108,9,57,48,20,4,138,0,138
2132109,10,89,54,27,8,188,8,196
2132110,26,98,54,12,11,201,4,205
2132111,13,69,64,14,7,167,0,167
2132112,7,40,61,26,6,140,3,143
2132113,0,42,73,25,7,147,5,152
2132114,3,43,85,29,14,174,3,177
2132115,0,39,94,26,17,176,5,181
2132116,4,0,43,15,5,67,0,67
2132117,3,33,96,27,12,171,0,171
2132118,0,25,59,15,14,113,3,116
2132119,3,33,52,11,3,102,6,108
2132120,13,40,61,10,11,135,0,135
2132121,10,65,84,15,4,178,3,181
2132122,0,25,62,28,7,122,0,122
2132123,0,23,53,10,6,92,0,92
2132124,3,56,55,19,4,137,0,137
2132125,18,52,66,9,4,149,0,149
2132126,16,39,35,6,3,99,0,99
2132127,17,88,69,12,4,190,4,194
2132128,6,34,71,16,3,130,3,133
2132129,15,48,37,16,3,119,8,127
2132130,0,45,87,30,13,175,3,178
2132131,3,53,82,16,7,161,3,164
2132132,8,33,61,15,11,128,6,134
2132133,4,28,41,5,3,81,0,81
2132134,5,44,52,18,4,123,0,123
2132135,3,33,59,19,5,119,0,119
2132136,0,9,36,11,6,62,4,66
2132137,0,47,64,20,6,137,0,137
2132138,45,92,57,15,0,209,16,225
2132139,4,11,31,19,10,75,0,75
2132140,3,20,33,6,3,65,0,65
2132141,0,37,74,34,10,155,5,160
2132142,0,35,66,19,11,131,3,134
2132143,0,31,39,4,0,74,3,77
2132144,3,28,61,14,3,109,3,112
2132145,0,33,81,19,7,140,3,143
2132146,5,37,51,21,3,117,3,120
2132147,0,20,74,17,15,126,0,126
2132148,5,47,44,11,4,111,4,115
2132149,12,32,33,13,0,90,5,95
2132150,9,56,34,6,3,108,3,111
2132151,7,35,51,10,4,107,0,107
2132152,9,41,47,13,3,113,0,113
2132153,3,31,52,11,3,100,4,104
2132154,3,25,50,15,4,97,3,100
2132201,4,63,73,18,3,161,5,166
2132202,3,44,69,23,3,142,3,145
2132203,0,29,57,15,7,108,4,112
2132204,7,43,54,17,3,124,0,124
2132205,4,28,33,7,7,79,0,79
2132206,0,24,44,12,11,91,4,95
2132207,10,41,34,8,4,97,4,101
2132208,0,19,49,19,8,95,0,95
2132209,0,20,41,11,6,78,4,82
2132210,13,53,35,8,0,109,0,109
2132211,4,41,33,15,3,96,0,96
2132212,20,72,43,16,8,159,3,162
2132213,16,65,35,3,6,125,4,129
2132214,11,57,39,17,0,124,0,124
2132215,14,58,48,9,3,132,7,139
2132216,20,33,31,4,4,92,4,96
2132217,21,43,23,6,5,98,3,101
2132218,23,50,28,8,0,109,5,114
2132219,6,45,63,17,5,136,3,139
2132220,3,43,51,19,3,119,0,119
2132221,5,35,60,30,6,136,3,139
2132222,4,31,45,12,6,98,0,98
2132223,6,41,57,12,7,123,4,127
2132224,11,54,47,11,4,127,0,127
2132225,22,103,88,12,7,232,3,235
2132226,5,22,25,6,8,66,0,66
2132227,8,49,68,19,8,152,3,155
2132228,3,55,43,15,5,121,0,121
2132229,11,55,51,12,6,135,6,141
2132230,5,62,70,12,8,157,0,157
2132231,15,59,56,18,8,156,0,156
2132232,13,66,68,23,8,178,3,181
2132233,9,80,88,17,8,202,0,202
2132234,0,29,69,13,8,119,3,122
2132235,4,23,50,11,6,94,4,98
2132236,6,53,39,11,0,109,3,112
2132237,0,19,34,9,6,68,4,72
2132238,5,23,40,16,4,88,0,88
2132239,16,98,81,18,3,216,4,220
2132240,6,36,45,18,3,108,7,115
2132241,0,13,59,22,8,102,3,105
2132242,0,25,50,11,7,93,5,98
2132243,8,52,55,15,7,137,3,140
2132244,9,37,49,8,8,111,0,111
2132245,3,28,40,11,3,85,3,88
2132246,7,41,51,18,3,120,5,125
2132247,0,0,0,0,0,0,0,0
2132248,10,40,41,7,3,101,0,101
2132249,5,25,39,9,7,85,3,88
2132250,3,32,50,27,4,116,0,116
2132251,8,40,63,11,4,126,4,130
2132252,5,25,65,11,11,117,4,121
2132301,0,42,74,25,7,148,0,148
2132302,3,28,77,23,17,148,0,148
2132303,8,39,39,5,3,94,5,99
2132304,5,38,31,3,6,83,3,86
2132305,9,79,59,9,8,164,3,167
2132306,3,67,65,23,12,170,0,170
2132307,8,72,70,16,5,171,3,174
2132308,23,98,64,16,5,206,4,210
2132309,16,62,64,12,3,157,6,163
2132310,15,58,79,25,5,182,7,189
2132311,13,64,67,19,4,167,0,167
2132312,0,0,0,0,0,0,0,0
2132313,9,66,56,22,6,159,9,168
2132314,8,68,61,26,9,172,5,177
2132315,6,40,36,3,3,88,3,91
2132316,10,49,56,13,4,132,3,135
2132317,4,51,60,21,12,148,0,148
2132318,6,80,70,20,5,181,4,185
2132319,4,61,74,15,12,166,7,173
2132320,7,29,62,21,4,123,4,127
2132321,4,36,49,14,6,109,0,109
2132322,3,52,58,17,7,137,0,137
2132323,6,37,73,17,5,138,6,144
2132324,4,62,68,22,6,162,5,167
2132325,3,44,62,17,6,132,4,136
2132326,5,46,61,24,14,150,7,157
2132327,5,58,83,21,11,178,0,178
2132328,12,63,100,23,17,215,3,218
2132329,5,49,68,19,9,150,7,157
2132330,7,62,85,23,9,186,3,189
2132331,9,51,86,23,10,179,3,182
2132332,10,48,57,17,10,142,3,145
2132333,0,58,59,23,7,147,5,152
2132334,3,32,68,23,3,129,4,133
2132335,11,41,36,12,3,103,0,103
2132336,0,23,32,5,11,71,0,71
2132337,4,25,47,9,3,88,3,91
2132401,4,21,39,11,7,82,3,85
2132402,15,78,88,24,16,221,4,225
2132403,15,68,67,17,4,171,0,171
2132404,17,103,93,25,13,251,5,256
2132405,5,30,31,12,5,83,0,83
2132406,15,82,69,19,8,193,10,203
2132407,16,45,70,29,7,167,3,170
2132408,10,49,70,14,3,146,3,149
2132409,4,57,90,24,13,188,5,193
2132410,0,0,0,0,0,0,0,0
2132411,6,61,89,28,10,194,7,201
2132412,4,42,55,18,4,123,4,127
2132413,4,20,47,20,4,95,3,98
2132414,12,74,57,16,5,164,0,164
2132415,8,36,51,14,0,109,4,113
2132416,4,68,90,20,9,191,3,194
2132417,16,114,69,16,9,224,6,230
2132418,3,28,53,18,8,110,3,113
2132419,17,71,100,21,8,217,9,226
2132420,16,79,66,25,4,190,4,194
2132421,10,92,73,35,12,222,7,229
2132422,5,49,56,9,3,122,0,122
2132423,5,44,82,19,11,161,7,168
2132424,0,44,67,8,12,131,4,135
2132425,17,52,70,16,10,165,3,168
2132426,3,48,55,17,5,128,3,131
2132427,10,71,64,12,7,164,10,174
2132428,18,41,58,9,6,132,3,135
2132429,0,29,54,16,5,104,0,104
2132430,8,32,33,8,3,84,0,84
2132431,6,62,82,24,10,184,0,184
2132432,7,81,81,17,4,190,4,194
2132433,4,34,61,22,7,128,6,134
2132434,4,35,35,18,12,104,3,107
2132435,17,84,99,23,11,234,3,237
2132436,14,52,78,16,3,163,3,166
2132437,4,44,57,12,4,121,0,121
2132438,10,49,69,29,4,161,5,166
2132439,22,80,70,25,3,200,7,207
2132440,5,63,52,22,10,152,0,152
2132441,0,0,0,0,0,0,0,0
2132501,0,17,44,11,0,72,5,77
2132502,8,58,98,26,15,205,3,208
2132503,4,53,75,33,3,168,7,175
2132504,13,64,91,27,8,203,10,213
2132505,3,54,93,31,17,198,3,201
2132506,5,30,56,17,11,119,7,126
2132507,3,21,56,26,15,121,4,125
2132508,4,23,51,25,9,112,0,112
2132509,0,32,64,24,9,129,10,139
2132510,4,20,59,24,12,119,0,119
2132511,0,30,49,23,16,118,0,118
2132512,8,39,56,20,10,133,7,140
2132513,9,52,68,23,8,160,0,160
2132514,0,0,0,0,0,0,0,0
2132515,4,32,61,20,15,132,4,136
2132516,0,15,59,34,21,129,8,137
2132517,5,71,144,29,15,264,7,271
2132518,4,41,49,20,7,121,8,129
2132519,8,38,55,28,22,151,6,157
2132520,7,47,38,15,6,113,9,122
2132521,0,0,0,0,0,0,0,0
2132522,6,47,65,23,7,148,8,156
2132523,11,59,81,24,7,182,4,186
2132524,8,123,243,45,18,437,15,452
2132525,18,65,82,24,11,200,9,209
2132526,4,15,53,34,19,125,3,128
2132527,17,73,87,35,9,221,11,232
2132528,14,81,74,22,4,195,5,200
2132529,17,70,60,24,7,178,5,183
2132530,4,46,74,23,3,150,3,153
2132531,4,25,41,13,3,86,3,89
2132532,10,27,39,18,8,102,3,105
2132533,18,34,15,8,0,75,3,78
2132534,11,63,58,16,11,159,11,170
2132535,4,37,53,9,3,106,4,110
2132536,6,34,59,21,3,123,3,126
2132537,4,54,61,19,7,145,5,150
2132538,4,47,49,15,12,127,3,130
2132539,4,24,45,10,4,87,4,91
2132540,0,19,41,23,12,95,0,95
2132541,17,61,78,23,9,188,3,191
2132542,3,27,43,22,9,104,4,108
2132543,0,0,0,0,0,0,0,0
2132601,10,29,39,19,4,101,3,104
2132602,9,63,65,14,13,164,5,169
2132603,16,44,42,4,0,106,5,111
2132604,0,0,0,0,0,0,0,0
2132605,25,102,71,14,9,221,14,235
2132606,21,63,54,16,7,161,3,164
2132607,18,64,36,16,3,137,8,145
2132608,16,52,49,14,11,142,0,142
2132609,14,71,77,23,10,195,3,198
2132610,17,56,42,7,3,125,10,135
2132611,13,72,82,27,11,205,4,209
2132612,23,48,51,17,3,142,8,150
2132613,28,79,45,13,6,171,0,171
2132614,15,59,60,9,5,148,4,152
2132615,18,56,75,29,6,184,7,191
2132616,9,73,60,25,3,170,6,176
2132617,13,48,60,10,4,135,0,135
2132618,15,54,61,19,9,158,5,163
2132619,19,69,80,27,9,204,3,207
2132620,15,38,55,15,0,123,4,127
2132621,14,37,43,20,8,122,3,125
2132622,23,97,57,24,6,207,6,213
2132623,8,35,34,8,4,89,0,89
2132624,8,34,40,17,4,103,5,108
2132625,12,41,35,10,5,103,7,110
2132626,21,99,67,11,5,203,7,210
2132627,24,84,65,19,4,196,4,200
2132628,24,54,33,10,3,124,4,128
2132629,31,91,73,21,9,225,7,232
2132630,9,70,72,14,3,168,6,174
2132631,33,109,86,17,11,256,7,263
2132632,13,47,30,9,3,102,5,107
2132633,4,12,27,9,8,60,3,63
2132634,10,13,25,0,0,48,3,51
2132635,28,56,41,17,7,149,5,154
2132636,15,55,86,10,10,176,3,179
2132637,9,57,75,22,8,171,4,175
2132638,14,65,67,18,0,164,6,170
2132639,15,43,73,25,11,167,6,173
2132640,0,4,0,0,0,4,0,4
2132641,10,21,0,3,3,37,0,37
2132642,24,69,43,6,3,145,0,145
2132643,8,37,41,14,3,103,3,106
2132644,5,41,38,3,4,91,3,94
2132645,0,0,0,0,0,0,0,0
2132646,5,38,38,13,8,102,3,105
2132647,10,33,42,12,9,106,4,110
2132648,18,50,44,11,0,123,8,131
2132649,6,30,59,15,7,117,3,120
2132650,5,31,14,5,3,58,3,61
2132651,13,37,23,9,0,82,3,85
2132652,6,53,33,27,11,130,4,134
2132653,4,34,41,11,0,90,0,90
2132701,0,31,71,18,29,149,0,149
2132702,0,21,61,25,9,116,0,116
2132703,3,29,83,38,16,169,3,172
2132704,8,44,72,16,5,145,0,145
2132705,4,33,59,13,6,115,3,118
2132706,0,24,103,21,19,167,3,170
2132707,3,30,89,21,9,152,3,155
2132708,3,23,62,26,6,120,5,125
2132709,0,44,65,11,9,129,5,134
2132710,4,52,69,17,8,150,3,153
2132711,0,31,53,19,9,112,4,116
2132712,5,43,49,28,13,138,3,141
2132713,4,19,53,35,25,136,3,139
2132714,5,16,92,36,15,164,0,164
2132715,0,31,92,23,12,158,4,162
2132716,0,20,53,19,4,96,3,99
2132717,7,29,53,21,12,122,5,127
2132718,12,51,68,17,5,153,3,156
2132719,5,39,58,20,5,127,6,133
2132720,7,41,59,33,14,154,3,157
2132721,3,34,57,25,9,128,3,131
2132722,0,24,66,33,21,144,3,147
2132723,5,23,48,21,7,104,3,107
2132724,0,30,56,22,22,130,5,135
2132725,7,37,77,20,7,148,0,148
2132726,5,46,71,17,17,156,3,159
2132727,0,15,58,24,20,117,3,120
2132728,0,0,0,0,0,0,0,0
2132729,0,31,50,21,11,113,6,119
2132730,3,12,45,16,7,83,3,86
2132731,0,19,79,34,27,159,4,163
2132732,3,50,88,35,15,191,0,191
2132733,7,17,46,34,15,119,0,119
2132734,0,11,38,19,9,77,4,81
2132735,0,33,51,23,16,123,3,126
2132736,10,54,63,19,6,152,3,155
2132737,71,134,28,9,9,251,12,263
2132738,4,40,61,28,14,147,3,150
2132739,3,14,49,21,15,102,0,102
2132740,3,37,89,32,12,173,5,178
2132741,19,54,84,15,3,175,8,183
2132742,4,58,100,38,15,215,6,221
2132743,3,40,67,21,6,137,3,140
2132744,5,29,61,13,12,120,8,128
2132745,3,37,41,11,9,101,3,104
2132746,0,0,0,0,0,0,0,0
2132747,7,25,36,14,12,94,4,98
2132748,7,46,69,31,5,158,0,158
2132801,41,75,15,4,3,138,13,151
2132802,20,69,54,10,6,159,8,167
2132803,12,26,26,3,6,73,3,76
2132804,26,90,56,22,12,206,10,216
2132805,20,55,56,11,8,150,5,155
2132806,0,0,3,0,0,3,0,3
2132807,51,83,16,0,4,154,17,171
2132808,49,107,29,5,7,197,23,220
2132809,25,57,29,7,4,122,5,127
2132810,24,57,34,0,5,120,9,129
2132811,21,47,24,4,7,103,4,107
2132812,13,28,22,8,3,74,9,83
2132813,20,49,40,14,5,128,5,133
2132814,13,59,32,21,9,134,8,142
2132815,22,70,48,15,3,158,6,164
2132816,27,63,42,23,3,158,13,171
2132817,12,33,25,9,7,86,7,93
2132818,18,51,39,14,0,122,3,125
2132819,33,153,52,14,11,263,12,275
2132901,0,27,63,28,14,132,0,132
2132902,3,30,64,34,9,140,3,143
2132903,4,21,37,28,5,95,0,95
2132904,0,9,41,17,21,88,0,88
2132905,3,30,42,27,7,109,7,116
2132906,3,30,46,20,10,109,5,114
2132907,4,21,54,23,6,108,0,108
2132908,7,49,59,32,10,157,10,167
2132909,7,27,85,19,14,152,9,161
2132910,6,18,36,16,5,81,0,81
2132911,0,23,63,28,9,123,0,123
2132912,6,38,87,42,14,187,5,192
2132913,3,38,67,19,8,135,6,141
2132914,3,37,64,20,9,133,3,136
2132915,4,48,66,18,15,151,0,151
2132916,5,44,73,26,12,160,8,168
2132917,3,40,72,23,8,146,5,151
2132918,3,21,46,10,9,89,3,92
2132919,3,20,49,4,3,79,3,82
2133001,9,24,32,9,3,77,7,84
2133002,14,40,40,16,4,114,6,120
2133003,4,43,38,18,3,106,6,112
2133004,7,35,33,10,7,92,3,95
2133005,10,74,60,12,6,162,5,167
2133006,3,33,37,14,6,93,7,100
2133007,10,60,73,13,7,163,12,175
2133008,8,108,217,42,9,384,7,391
2133009,0,0,0,0,0,0,0,0
2133010,0,0,0,0,0,0,0,0
2133011,0,0,0,0,0,0,0,0
2133012,19,63,60,17,10,169,10,179
2133013,8,62,62,20,10,162,5,167
2133014,20,66,46,16,4,152,4,156
2133015,6,30,48,12,12,108,6,114
2133016,11,32,30,13,3,89,7,96
2133017,23,47,27,12,4,113,9,122
2133018,16,62,54,19,9,160,12,172
2133019,14,51,68,24,11,168,4,172
2133020,7,16,51,19,11,104,5,109
2133021,7,68,186,43,22,326,13,339
2133022,14,52,29,6,6,107,8,115
2133023,11,35,40,11,4,101,3,104
2133024,5,29,50,11,0,95,3,98
2133025,10,135,251,49,22,467,12,479
2133026,31,239,356,85,36,747,19,766
2133027,15,134,167,32,11,359,14,373
2133028,3,25,40,14,6,88,5,93
2133029,4,25,26,8,12,75,3,78
2133030,7,41,54,14,10,126,4,130
2133031,3,33,22,12,5,75,3,78
2133032,9,24,50,8,12,103,3,106
2133033,7,36,35,14,8,100,6,106
2133034,5,34,28,19,4,90,3,93
2133035,8,50,48,20,14,140,5,145
2133036,8,41,46,7,5,107,3,110
2133037,12,62,44,22,9,149,3,152
2133038,9,43,29,17,6,104,6,110
2133039,16,48,39,14,3,120,3,123
2133040,17,49,51,17,11,145,13,158
2133041,11,35,26,4,4,80,5,85
2133042,13,59,25,15,0,112,10,122
2133043,10,39,37,19,3,108,7,115
2133044,0,0,0,0,0,0,0,0
2133045,6,35,18,4,3,66,4,70
2133046,4,116,202,57,32,411,8,419
2133101,3,33,63,20,14,133,0,133
2133102,3,25,33,17,4,82,3,85
2133103,6,63,67,35,8,179,7,186
2133104,0,0,0,0,0,0,0,0
2133105,4,36,60,21,9,130,5,135
2133106,7,35,51,16,3,112,3,115
2133107,5,25,46,14,5,95,4,99
2133108,7,39,49,18,4,117,6,123
2133109,3,55,47,14,3,122,7,129
2133110,3,34,49,21,5,112,3,115
2133111,6,52,48,21,25,152,3,155
2133112,4,15,18,11,4,52,7,59
2133113,3,34,32,12,4,85,4,89
2133114,10,35,39,4,3,91,3,94
2133115,0,31,40,13,4,88,0,88
2133116,3,26,37,11,9,86,0,86
2133117,4,66,84,43,8,205,3,208
2133118,4,24,30,21,3,82,4,86
2133119,26,45,31,14,3,119,6,125
2133120,5,44,31,7,5,92,0,92
2133121,5,38,64,20,7,134,7,141
2133122,10,34,51,8,11,114,6,120
2133123,4,26,36,20,0,86,3,89
2133201,7,48,63,31,13,162,0,162
2133202,7,17,35,17,8,84,6,90
2133203,0,34,39,26,18,117,3,120
2133204,3,22,44,11,14,94,4,98
2133205,6,17,34,16,7,80,7,87
2133206,4,17,32,10,15,78,4,82
2133207,5,31,53,11,12,112,0,112
2133208,13,29,43,18,5,108,6,114
2133209,4,37,35,15,12,103,0,103
2133210,0,0,3,0,0,3,0,3
2133211,7,47,66,24,17,161,5,166
2133212,9,35,50,20,9,123,8,131
2133213,10,33,57,29,10,139,4,143
2133214,4,30,48,18,18,118,6,124
2133215,0,0,0,0,0,0,0,0
2133216,4,49,65,23,7,148,7,155
2133217,11,62,77,22,8,180,9,189
2133218,3,24,24,13,5,69,0,69
2133219,5,30,37,25,15,112,0,112
2133220,7,33,52,22,12,126,7,133
2133221,4,36,42,22,12,116,4,120
2133222,4,28,45,25,6,108,4,112
2133223,5,38,44,24,12,123,7,130
2133224,5,44,35,12,9,105,0,105
2133225,5,41,60,25,12,143,4,147
2133226,6,30,34,16,7,93,3,96
2133227,4,32,51,28,27,142,5,147
2133228,3,33,40,18,14,108,3,111
2133229,6,21,39,17,11,94,3,97
2133230,7,21,27,22,15,92,3,95
2133231,0,19,49,15,18,101,4,105
2133232,12,70,60,41,19,202,8,210
2133233,0,27,41,11,6,85,3,88
2133234,0,0,0,0,0,0,0,0
2133235,6,36,51,35,20,148,0,148
2133236,0,24,22,18,4,68,3,71
2133237,3,42,55,22,7,129,0,129
2133238,3,22,38,12,3,78,3,81
2133239,3,28,32,16,8,87,6,93
2133240,4,8,37,9,17,75,0,75
2133301,14,69,65,16,6,170,6,176
2133302,0,50,36,18,10,114,5,119
2133303,9,32,36,13,4,94,4,98
2133304,13,37,35,21,11,117,4,121
2133305,10,45,42,19,12,128,10,138
2133306,5,41,33,10,6,95,5,100
2133307,6,30,40,21,10,107,6,113
2133308,10,28,22,11,3,74,3,77
2133309,13,35,47,13,4,112,5,117
2133310,5,36,34,18,7,100,3,103
2133311,10,51,55,19,7,142,7,149
2133312,9,31,52,22,6,120,10,130
2133313,8,42,53,21,14,138,6,144
2133314,15,59,75,29,3,181,13,194
2133315,23,56,81,21,11,192,4,196
2133316,7,28,36,15,4,90,0,90
2133317,9,31,37,17,3,97,7,104
2133318,11,53,53,28,5,150,8,158
2133319,17,59,69,21,6,172,12,184
2133320,5,50,57,10,5,127,3,130
2133321,12,41,60,22,9,144,5,149
2133322,7,32,30,10,6,85,4,89
2133323,9,52,31,14,10,116,4,120
2133324,7,36,53,24,5,125,3,128
2133325,3,49,43,17,9,121,4,125
2133326,4,31,43,19,9,106,7,113
2133327,7,26,37,15,6,91,5,96
2133328,9,34,38,21,8,110,0,110
2133329,0,30,42,17,7,96,3,99
2133330,6,41,48,20,15,130,5,135
2133331,11,38,48,12,6,115,6,121
2133332,8,46,44,19,4,121,4,125
2133333,16,67,63,29,10,185,10,195
2133401,12,54,51,21,3,141,7,148
2133402,8,31,46,23,11,119,3,122
2133403,9,38,43,11,6,107,3,110
2133404,13,38,37,21,15,124,5,129
2133405,11,48,46,12,7,124,6,130
2133406,20,43,29,11,5,108,8,116
2133407,15,76,51,19,3,164,17,181
2133408,13,44,31,6,6,100,11,111
2133409,17,54,37,20,9,137,6,143
2133410,16,51,42,14,8,131,5,136
2133411,37,48,44,27,5,161,11,172
2133412,19,64,39,9,7,138,10,148
2133413,15,49,30,16,3,113,7,120
2133414,21,76,27,16,3,143,11,154
2133415,41,74,43,12,8,178,19,197
2133416,27,51,22,10,3,113,27,140
2133417,34,47,31,6,3,121,14,135
2133418,5,67,57,16,3,148,11,159
2133419,19,55,33,10,7,124,24,148
2133420,28,48,44,12,0,132,26,158
2133421,13,50,34,13,8,118,8,126
2133422,11,52,44,12,4,123,6,129
2133423,40,84,57,16,4,201,33,234
2133424,10,45,46,11,10,122,7,129
2133425,16,51,50,16,12,145,6,151
2133426,45,97,33,10,9,194,13,207
2133427,27,60,50,11,11,159,9,168
2133428,13,55,47,12,4,131,8,139
2133429,30,82,48,17,0,177,14,191
2133430,24,73,43,24,6,170,10,180
2133431,11,33,26,10,7,87,5,92
2133432,21,48,29,15,4,117,4,121
2133433,13,40,52,16,12,133,13,146
2133434,19,38,30,6,3,96,7,103
2133435,15,79,33,17,8,152,5,157
2133436,14,57,58,27,6,162,20,182
2133437,12,30,56,17,10,125,9,134
2133438,8,33,31,14,3,89,8,97
2133439,8,19,30,10,6,73,3,76
2133440,13,49,43,30,11,146,5,151
2133441,16,89,52,10,0,167,26,193
2133442,12,57,41,13,16,139,8,147
2133443,27,75,49,12,5,168,10,178
2133444,7,22,18,9,6,62,3,65
2133445,6,27,28,5,5,71,5,76
2133501,9,63,47,10,9,138,11,149
2133502,29,94,44,16,5,188,16,204
2133503,38,62,41,8,4,153,16,169
2133504,19,48,59,20,10,156,8,164
2133505,40,52,22,6,0,120,5,125
2133506,19,69,53,8,5,154,5,159
2133507,16,30,37,16,8,107,0,107
2133508,14,46,40,17,5,122,4,126
2133509,11,44,35,10,5,105,5,110
2133510,12,57,48,13,9,139,6,145
2133511,14,52,36,21,6,129,5,134
2133512,15,50,39,17,7,128,10,138
2133513,18,30,48,6,5,107,4,111
2133514,51,84,32,5,3,175,16,191
2133515,15,57,55,16,3,146,8,154
2133516,12,58,82,40,15,207,8,215
2133517,15,58,53,18,3,147,7,154
2133518,19,65,38,10,0,132,6,138
2133519,9,47,16,8,3,83,3,86
2133520,31,87,47,15,3,183,7,190
2133521,15,60,39,14,8,136,7,143
2133522,16,46,19,15,0,96,8,104
2133523,11,43,39,8,4,105,8,113
2133524,6,15,11,8,0,40,3,43
2133525,11,39,33,16,6,105,6,111
2133526,7,34,41,19,6,107,3,110
2133527,4,63,63,22,15,167,7,174
2133528,0,16,29,7,0,52,0,52
2133529,11,41,58,14,11,135,15,150
2133530,13,59,66,22,7,167,4,171
2133531,12,50,47,13,5,127,4,131
2133532,12,31,37,17,4,101,3,104
2133533,14,30,34,12,5,95,3,98
2133534,18,41,54,11,3,127,3,130
2133535,38,59,40,12,5,154,8,162
2133536,6,62,66,17,7,158,3,161
2133537,10,42,34,4,0,90,10,100
2133538,9,35,25,11,3,83,5,88
2133601,28,66,35,3,4,136,10,146
2133602,0,0,0,0,0,0,0,0
2133603,17,36,45,7,3,108,3,111
2133604,20,38,30,11,0,99,6,105
2133605,22,53,42,11,3,131,11,142
2133606,18,85,56,9,7,175,16,191
2133607,50,98,52,10,3,213,10,223
2133608,19,52,35,10,4,120,10,130
2133609,36,56,52,8,3,155,12,167
2133610,28,49,31,14,7,129,7,136
2133611,29,87,61,12,8,197,10,207
2133612,35,65,74,13,11,198,9,207
2133613,20,94,76,16,9,215,8,223
2133614,21,65,65,14,7,172,13,185
2133615,9,37,27,5,5,83,7,90
2133616,22,87,82,13,0,204,6,210
2133617,33,83,57,11,3,187,9,196
2133618,22,44,38,22,4,130,9,139
2133619,37,80,66,9,4,196,8,204
2133701,12,43,31,15,9,110,3,113
2133702,8,52,31,10,6,107,9,116
2133703,7,42,63,31,13,156,10,166
2133704,24,55,30,9,7,125,6,131
2133705,18,47,41,12,0,118,5,123
2133706,12,61,57,13,11,154,3,157
2133707,17,37,30,14,0,98,3,101
2133708,22,42,25,18,4,111,4,115
2133709,37,59,36,16,4,152,12,164
2133710,18,51,23,12,6,110,8,118
2133711,20,51,30,11,7,119,3,122
2133712,37,93,57,15,10,212,13,225
2133713,20,61,48,11,3,143,7,150
2133714,0,3,24,3,3,33,0,33
2133715,17,41,26,9,6,99,5,104
2133716,13,48,46,15,6,128,12,140
2133717,18,66,51,13,8,156,17,173
2133718,11,45,61,34,5,156,4,160
2133719,11,45,25,14,6,101,6,107
2133720,15,45,55,23,5,143,10,153
2133721,9,23,47,12,8,99,0,99
2133722,10,39,53,14,16,132,3,135
2133723,4,32,37,20,9,102,3,105
2133724,23,89,62,25,6,205,16,221
2133725,0,0,0,0,0,0,0,0
2133726,20,58,67,26,10,181,8,189
2133801,15,55,34,7,0,111,7,118
2133802,9,58,56,26,12,161,6,167
2133803,11,43,36,18,5,113,8,121
2133804,15,77,83,22,13,210,3,213
2133805,5,30,38,16,5,94,0,94
2133806,8,42,39,16,0,105,5,110
2133807,13,40,36,19,9,117,3,120
2133808,15,63,41,15,7,141,8,149
2133809,4,41,33,13,3,94,7,101
2133810,5,34,30,12,4,85,8,93
2133811,17,53,48,14,8,140,5,145
2133812,9,57,62,20,6,154,4,158
2133813,10,61,39,8,4,122,3,125
2133814,25,75,47,14,8,169,5,174
2133815,8,44,50,5,0,107,0,107
2133816,14,70,50,16,3,153,3,156
2133817,27,73,45,7,5,157,7,164
2133818,3,43,21,8,3,78,7,85
2133819,14,51,35,9,3,112,3,115
2133820,6,25,17,4,0,52,4,56
2133821,26,38,26,11,6,107,3,110
2133822,23,71,41,10,3,148,9,157
2133823,18,64,45,22,11,160,7,167
2133824,5,18,42,8,8,81,0,81
2133825,13,55,33,14,9,124,3,127
2133826,24,66,54,32,3,179,13,192
2133827,10,56,60,25,11,162,8,170
2133828,5,49,91,32,6,183,6,189
2133829,5,25,26,9,5,70,0,70
2133830,17,52,43,8,5,125,8,133
2133831,8,28,28,7,5,76,4,80
2133832,0,0,0,0,3,3,0,3
2133833,0,0,0,0,0,0,0,0
2133834,13,47,57,15,0,132,4,136
2133835,14,32,17,10,0,73,9,82
2133836,29,45,33,10,3,120,8,128
2133837,12,49,32,14,4,111,3,114
2133838,5,36,24,13,3,81,3,84
2133839,5,20,70,22,14,131,0,131
2133840,0,15,37,17,9,78,0,78
2133841,24,42,53,19,7,145,10,155
2133842,6,42,72,27,13,160,7,167
2133843,0,26,43,18,10,97,0,97
2133844,11,41,58,14,5,129,3,132
2133845,3,47,40,15,7,112,9,121
2133901,4,25,35,8,0,72,5,77
2133902,3,39,38,21,8,109,4,113
2133903,6,60,66,21,8,161,5,166
2133904,9,50,90,35,6,190,4,194
2133905,4,73,79,22,14,192,0,192
2133906,4,34,55,22,3,118,4,122
2133907,4,36,78,19,14,151,5,156
2133908,7,41,46,11,0,105,0,105
2133909,3,23,41,17,12,96,4,100
2133910,3,17,66,13,8,107,4,111
2133911,0,27,41,16,11,95,3,98
2133912,11,81,46,6,0,144,3,147
2133913,0,41,78,23,12,154,5,159
2133914,4,34,56,14,12,120,4,124
2133915,8,50,41,13,15,127,0,127
2133916,8,46,50,24,23,151,3,154
2133917,10,52,54,15,8,139,9,148
2133918,7,24,61,23,7,122,3,125
2133919,8,100,59,9,3,179,7,186
2133920,8,35,30,7,8,88,3,91
2133921,19,67,39,9,0,134,8,142
2133922,0,30,60,14,10,114,3,117
2133923,19,81,53,21,6,180,6,186
2133924,0,41,49,19,7,116,0,116
2133925,5,47,55,23,3,133,5,138
2133926,5,41,43,17,3,109,6,115
2133927,4,15,34,10,3,66,0,66
2134001,4,25,58,23,19,129,3,132
2134002,0,26,47,21,19,113,3,116
2134003,3,15,69,24,26,137,3,140
2134004,4,30,63,32,21,150,9,159
2134005,0,15,75,28,15,133,8,141
2134006,0,16,70,15,26,127,0,127
2134007,4,15,40,21,13,93,5,98
2134008,3,15,38,22,19,97,0,97
2134009,5,28,85,28,15,161,6,167
2134010,0,0,4,0,0,4,0,4
2134011,8,53,28,5,0,94,3,97
2134012,0,10,64,36,24,134,0,134
2134013,0,6,10,3,3,22,0,22
2134014,0,0,0,0,0,0,0,0
2134015,0,13,69,29,13,124,6,130
2134016,0,20,52,31,16,119,0,119
2134017,6,25,67,38,20,156,0,156
2134018,7,20,57,23,11,118,3,121
2134019,3,21,38,20,10,92,4,96
2134020,0,19,30,15,15,79,3,82
2134021,0,38,68,40,21,167,7,174
2134022,0,15,50,35,27,127,4,131
2134023,6,22,54,33,19,134,3,137
2134024,0,13,62,32,29,136,3,139
2134025,3,13,33,12,14,75,0,75
2134026,8,22,56,26,15,127,0,127
2134027,3,11,43,28,25,110,3,113
2134028,0,36,59,21,11,127,4,131
2134029,3,23,58,48,28,160,7,167
2134030,3,17,53,28,20,121,3,124
2134031,0,15,45,14,8,82,3,85
2134032,4,17,37,13,6,77,3,80
2134033,3,29,28,16,22,98,3,101
2134034,0,51,59,40,9,159,13,172
2134035,3,16,42,26,17,104,0,104
2134036,4,35,38,25,7,109,6,115
2134037,0,7,39,20,12,78,3,81
2134038,0,16,48,28,18,110,10,120
2134039,0,0,0,0,0,0,0,0
2134040,6,19,63,36,17,141,3,144
2134041,3,19,56,30,13,121,7,128
2134042,0,22,39,16,12,89,3,92
2134043,4,25,51,21,8,109,9,118
2134044,0,15,35,17,17,84,3,87
2134045,47,70,25,11,7,160,8,168
2134046,0,15,35,6,8,64,0,64
2134047,0,17,42,18,14,91,5,96
2134048,3,26,51,23,11,114,3,117
2134049,3,13,35,21,9,81,3,84
2134101,14,104,80,22,10,230,7,237
2134102,12,49,82,18,15,176,4,180
2134103,20,107,73,15,9,224,11,235
2134104,23,58,47,7,6,141,7,148
2134105,13,42,71,22,4,152,3,155
2134106,17,41,53,16,7,134,0,134
2134107,10,55,68,20,5,158,3,161
2134108,9,61,70,27,3,170,5,175
2134109,0,0,0,0,0,0,0,0
2134110,27,110,62,15,6,220,3,223
2134111,15,57,37,10,3,122,4,126
2134112,22,66,53,13,6,160,6,166
2134113,29,100,79,21,7,236,8,244
2134114,14,57,63,13,8,155,3,158
2134115,9,37,38,8,3,95,4,99
2134116,8,82,90,27,7,214,6,220
2134117,39,138,94,24,5,300,9,309
2134118,43,110,73,8,10,244,12,256
2134119,45,104,63,20,9,241,16,257
2134120,19,81,58,15,5,178,3,181
2134121,34,99,78,23,7,241,8,249
2134122,35,101,81,32,12,261,6,267
2134123,0,0,0,0,0,0,0,0
2134124,11,69,46,7,6,139,0,139
2134125,51,77,14,0,0,142,13,155
2134126,14,64,35,11,6,130,8,138
2134127,9,31,36,12,6,94,3,97
2134128,14,76,72,14,8,184,9,193
2134129,0,0,0,0,0,0,0,0
2134130,0,0,0,0,0,0,0,0
2134201,0,31,41,13,6,91,4,95
2134202,9,53,47,23,14,146,0,146
2134203,6,32,43,22,13,116,3,119
2134204,5,63,72,14,17,171,8,179
2134205,3,64,72,21,17,177,3,180
2134206,10,78,87,28,21,224,7,231
2134207,3,18,41,9,15,86,4,90
2134208,0,0,0,0,0,0,0,0
2134209,0,0,0,0,0,0,0,0
2134210,3,28,32,18,10,91,3,94
2134211,16,37,49,12,4,118,0,118
2134212,12,48,20,9,3,92,6,98
2134213,14,87,43,11,6,161,10,171
2134214,9,37,41,5,4,96,6,102
2134215,11,94,54,23,4,186,7,193
2134216,8,40,39,12,3,102,4,106
2134217,11,33,42,9,4,99,8,107
2134218,9,79,86,22,5,201,9,210
2134219,12,80,53,20,3,168,3,171
2134220,13,102,86,20,5,226,3,229
2134221,15,73,65,21,3,177,8,185
2134222,0,30,81,21,14,146,5,151
2134223,9,71,62,31,10,183,0,183
2134224,7,43,56,21,9,136,3,139
2134225,9,68,50,19,7,153,5,158
2134226,11,90,73,19,7,200,8,208
2134227,5,41,55,21,6,128,4,132
2134228,15,54,40,14,9,132,3,135
2134229,10,70,72,20,3,175,8,183
2134230,14,34,35,5,7,95,4,99
2134231,14,63,50,11,3,141,4,145
2134232,7,39,25,9,3,83,4,87
2134233,6,55,28,8,4,101,4,105
2134234,13,75,62,6,9,165,7,172
2134235,3,66,45,24,8,146,3,149
2134236,8,44,55,15,0,122,4,126
2134237,10,58,62,6,4,140,4,144
2134238,7,54,51,12,3,127,9,136
2134239,4,46,38,20,11,119,3,122
2134240,3,40,37,20,7,107,4,111
2134241,3,61,69,24,21,178,4,182
2134242,5,32,50,30,15,132,5,137
2134243,12,51,52,18,9,142,4,146
2134244,4,50,47,29,16,146,3,149
2134245,12,70,68,31,14,195,3,198
2134246,6,46,26,12,11,101,10,111
2134247,0,36,55,21,8,120,6,126
2134248,12,53,44,8,3,120,3,123
2134301,11,43,24,10,4,92,0,92
2134302,14,59,60,13,6,152,8,160
2134303,0,0,0,0,0,0,0,0
2134304,28,94,66,14,6,208,11,219
2134305,21,86,56,15,9,187,7,194
2134306,11,93,75,29,11,219,4,223
2134307,16,66,48,16,9,155,5,160
2134308,15,6,0,0,0,21,7,28
2134309,0,0,0,0,0,0,0,0
2134310,17,64,65,11,3,160,5,165
2134311,16,41,22,10,3,92,3,95
2134312,29,105,77,33,5,249,10,259
2134313,16,36,39,9,9,109,9,118
2134314,10,47,38,12,4,111,0,111
2134315,56,65,41,5,4,171,14,185
2134316,15,41,48,7,4,115,9,124
2134317,25,82,47,8,3,165,8,173
2134318,21,78,52,21,7,179,12,191
2134319,15,61,45,10,7,138,6,144
2134320,18,50,41,15,4,128,8,136
2134321,21,65,52,7,3,148,6,154
2134322,18,61,59,18,5,161,3,164
2134323,16,70,51,11,3,151,10,161
2134324,15,93,97,20,5,230,12,242
2134325,19,89,51,26,12,197,0,197
2134326,29,83,60,22,3,197,12,209
2134327,13,61,49,12,10,145,3,148
2134328,12,48,42,21,3,126,5,131
2134329,7,37,36,9,4,93,4,97
2134330,15,62,65,18,9,169,3,172
2134331,26,28,18,5,0,77,10,87
2134332,8,43,49,14,6,120,12,132
2134401,16,48,33,6,3,106,4,110
2134402,9,57,57,10,3,136,3,139
2134403,21,69,80,14,3,187,4,191
2134404,11,56,50,9,12,138,4,142
2134405,22,110,70,17,4,223,9,232
2134406,12,56,68,20,8,164,0,164
2134407,19,93,63,19,6,200,8,208
2134408,18,52,49,13,0,132,4,136
2134409,14,63,59,14,3,153,3,156
2134410,23,73,72,14,3,185,3,188
2134411,20,71,78,10,7,186,3,189
2134412,15,82,58,20,3,178,6,184
2134413,0,0,0,0,0,0,0,0
2134414,0,0,0,0,0,0,0,0
2134415,15,66,51,15,7,154,8,162
2134416,12,46,47,9,10,124,3,127
2134417,11,59,42,13,4,129,6,135
2134418,12,43,40,5,0,100,5,105
2134419,16,61,62,10,3,152,0,152
2134420,3,47,61,8,3,122,4,126
2134421,14,54,62,10,3,143,0,143
2134422,8,56,81,16,3,164,3,167
2134423,13,62,54,16,10,155,3,158
2134424,0,0,0,0,0,0,0,0
2134425,18,83,73,19,4,197,7,204
2134426,7,73,56,13,0,149,3,152
2134427,12,83,58,13,0,166,0,166
2134428,14,51,43,20,3,131,5,136
2134429,11,92,53,17,8,181,6,187
2134430,32,104,75,22,3,236,9,245
2134431,18,97,84,16,9,224,6,230
2134432,16,61,36,4,0,117,0,117
2134433,9,36,31,3,0,79,0,79
2134434,13,65,67,15,0,160,5,165
2134435,0,20,47,15,7,89,0,89
2134436,0,21,53,7,8,89,0,89
2134437,10,72,75,20,3,180,3,183
2134438,14,25,29,7,3,78,3,81
2134439,14,80,86,14,4,198,6,204
2134440,15,72,84,16,3,190,4,194
2134441,6,40,30,3,3,82,6,88
2134442,38,105,72,12,4,231,5,236
2134501,10,37,39,9,7,102,0,102
2134502,8,37,44,11,4,104,0,104
2134503,9,71,44,28,4,156,4,160
2134504,5,41,44,27,3,120,5,125
2134505,0,36,50,17,9,112,5,117
2134506,0,14,60,30,12,116,0,116
2134507,0,19,68,22,13,122,3,125
2134508,0,23,55,11,5,94,3,97
2134509,3,31,57,15,8,114,3,117
2134510,5,39,31,4,5,84,0,84
2134511,8,64,116,23,11,222,4,226
2134512,4,37,42,13,7,103,4,107
2134513,0,34,73,28,3,138,9,147
2134601,22,62,59,11,3,157,3,160
2134602,8,42,54,15,3,122,0,122
2134603,48,65,65,12,6,196,14,210
2134604,24,104,68,10,6,212,5,217
2134605,49,93,43,8,4,197,8,205
2134606,18,72,48,7,4,149,0,149
2134607,5,28,61,9,5,108,3,111
2134608,5,54,37,7,0,103,0,103
2134609,27,121,86,24,15,273,5,278
2134610,9,36,56,19,4,124,4,128
2134611,24,78,59,7,7,175,3,178
2134612,43,105,37,7,0,192,6,198
2134613,14,88,92,16,5,215,5,220
2134614,12,45,70,15,8,150,3,153
2134615,6,28,37,14,11,96,3,99
2134616,6,36,58,27,5,132,3,135
2134617,15,65,86,13,4,183,3,186
2134618,29,65,51,14,4,163,7,170
2134619,9,93,74,7,3,186,9,195
2134620,3,23,74,22,8,130,0,130
2134621,0,26,70,25,7,128,3,131
2134622,30,62,82,16,5,195,8,203
2134623,5,32,65,18,7,127,5,132
2134624,16,81,100,19,6,222,4,226
2134625,19,86,76,18,4,203,10,213
2134626,45,52,41,7,3,148,13,161
2134627,23,66,46,8,7,150,5,155
2134628,0,28,68,14,7,117,3,120
2134629,0,5,4,0,0,9,0,9
2134630,27,93,95,15,3,233,18,251
2134631,21,49,27,5,4,106,3,109
2134632,31,88,97,17,11,244,6,250
2134633,0,16,46,14,9,85,3,88
2134634,0,19,40,17,6,82,0,82
2134635,0,14,53,12,0,79,4,83
2134701,9,33,30,16,5,93,0,93
2134702,22,92,52,18,5,189,13,202
2134703,24,41,24,9,3,101,10,111
2134704,16,39,25,4,6,90,4,94
2134705,13,51,16,6,3,89,0,89
2134706,22,44,28,6,0,100,7,107
2134707,21,42,15,9,4,91,9,100
2134708,22,38,41,11,0,112,6,118
2134709,30,52,49,10,3,144,10,154
2134710,27,42,35,7,0,111,5,116
2134711,59,95,40,13,10,217,15,232
2134712,13,53,31,10,3,110,5,115
2134713,19,37,33,5,4,98,4,102
2134714,17,65,63,13,3,161,9,170
2134715,14,33,25,11,3,86,4,90
2134716,29,172,133,45,8,387,3,390
2134717,6,30,40,18,10,104,3,107
2134718,23,35,20,5,0,83,3,86
2134719,40,46,23,0,4,113,5,118
2134720,62,104,43,9,0,218,9,227
2134721,20,64,53,15,4,156,4,160
2134722,11,46,45,12,3,117,3,120
2134723,21,72,50,7,3,153,4,157
2134724,22,72,53,12,3,162,7,169
2134725,24,44,30,5,0,103,5,108
2134726,3,28,31,13,8,83,0,83
2134727,16,70,39,7,6,138,4,142
2134728,12,54,45,9,6,126,3,129
2134729,29,76,73,19,9,206,17,223
2134730,7,19,35,16,8,85,10,95
2134731,21,64,33,7,3,128,7,135
2134732,43,51,40,16,3,153,7,160
2134733,24,36,37,7,0,104,9,113
2134734,21,67,44,21,5,158,8,166
2134735,20,75,41,4,0,140,8,148
2134736,12,31,18,7,3,71,11,82
2134737,35,87,65,18,4,209,15,224
2134801,13,50,25,5,3,96,3,99
2134802,33,92,65,6,3,199,3,202
2134803,37,105,58,5,3,208,8,216
2134804,38,77,40,9,4,168,3,171
2134805,37,54,16,3,0,110,3,113
2134806,43,88,24,3,4,162,9,171
2134807,21,61,33,3,3,121,8,129
2134808,103,132,32,0,6,273,19,292
2134809,47,124,72,7,3,253,4,257
2134810,21,24,20,10,3,78,3,81
2134811,31,48,18,0,3,100,16,116
2134812,51,84,41,5,3,184,10,194
2134813,53,70,27,7,0,157,13,170
2134814,50,72,21,13,4,160,8,168
2134815,44,101,41,8,4,198,3,201
2134816,40,71,10,3,3,127,5,132
2134817,25,54,36,6,0,121,0,121
2134818,44,66,25,0,4,139,4,143
2134819,40,99,59,11,3,212,3,215
2134820,49,44,11,0,0,104,8,112
2134821,30,83,74,11,6,204,3,207
2134822,29,100,27,7,4,167,7,174
2134823,18,43,25,3,3,92,3,95
2134824,80,61,34,8,0,183,17,200
2134825,11,44,36,14,0,105,3,108
2134826,44,98,36,8,5,191,3,194
2134827,36,79,27,5,0,147,5,152
2134828,91,171,27,3,0,292,12,304
2134829,0,0,0,0,0,0,0,0
2134830,46,71,24,9,0,150,3,153
2134901,16,161,266,74,21,538,7,545
2134902,15,66,46,8,3,138,3,141
2134903,16,31,53,18,8,126,4,130
2134904,25,51,47,19,11,153,4,157
2134905,12,52,25,3,3,95,0,95
2134906,22,58,69,16,3,168,0,168
2134907,7,41,52,19,0,119,3,122
2134908,0,18,40,11,11,80,0,80
2134909,0,30,35,15,7,87,3,90
2134910,8,24,53,8,11,104,0,104
2134911,0,18,40,18,0,76,0,76
2134912,3,57,46,7,3,116,3,119
2134913,41,114,63,14,9,241,8,249
2134914,18,49,39,20,3,129,7,136
2134915,24,129,100,18,8,279,3,282
2134916,3,33,49,17,3,105,7,112
2134917,10,13,56,7,8,94,4,98
2134918,8,46,95,28,7,184,3,187
2134919,34,106,49,15,0,204,11,215
2134920,21,73,33,15,4,146,8,154
2134921,3,62,39,13,3,120,5,125
2134922,7,39,38,13,0,97,6,103
2134923,5,29,38,26,8,106,0,106
2135001,17,58,59,3,0,137,4,141
2135002,22,80,44,3,3,152,5,157
2135003,23,101,52,18,0,194,3,197
2135004,26,78,39,6,7,156,3,159
2135005,9,85,67,5,3,169,5,174
2135006,18,77,64,5,0,164,0,164
2135007,17,88,57,6,0,168,18,186
2135008,39,86,45,14,4,188,8,196
2135009,38,111,59,11,3,222,4,226
2135010,22,92,48,6,0,168,3,171
2135011,26,81,32,5,0,144,8,152
2135012,16,78,59,6,4,163,4,167
2135013,25,88,58,12,3,186,3,189
2135014,40,101,62,13,0,216,6,222
2135015,11,49,45,7,4,116,3,119
2135016,22,88,46,6,4,166,10,176
2135017,23,70,57,7,0,157,5,162
2135018,94,136,46,17,3,296,15,311
2135019,8,75,47,5,0,135,3,138
2135101,9,49,48,7,0,113,3,116
2135102,12,75,69,5,4,165,4,169
2135103,23,90,43,5,4,165,13,178
2135104,41,49,55,8,4,157,7,164
2135105,48,94,39,8,3,192,13,205
2135106,28,57,44,4,5,138,5,143
2135107,25,70,38,16,4,153,6,159
2135108,42,82,29,0,4,157,12,169
2135109,17,85,56,9,0,167,6,173
2135110,10,77,75,17,3,182,3,185
2135111,0,0,4,0,0,4,0,4
2135112,16,47,24,12,7,106,8,114
2135113,25,74,49,18,7,173,6,179
2135114,0,4,0,0,0,4,0,4
2135115,11,55,48,13,0,127,6,133
2135116,23,68,51,5,3,150,3,153
2135117,15,62,26,7,4,114,4,118
2135118,45,84,58,4,4,195,8,203
2135119,50,102,23,3,0,178,6,184
2135120,27,66,35,11,0,139,9,148
2135121,17,46,48,8,0,119,6,125
2135122,24,83,61,12,5,185,6,191
2135123,0,3,4,0,0,7,0,7
2135124,15,41,50,9,3,118,4,122
2135125,30,97,46,10,4,187,3,190
2135126,31,92,39,7,5,174,7,181
2135127,16,42,33,4,0,95,6,101
2135128,13,59,46,8,4,130,3,133
2135201,13,92,58,11,0,174,3,177
2135202,21,86,62,12,0,181,12,193
2135203,23,91,60,7,3,184,0,184
2135204,20,47,34,5,3,109,0,109
2135205,24,93,45,16,4,182,0,182
2135206,35,123,69,13,3,243,11,254
2135207,52,135,63,14,0,264,13,277
2135208,29,110,63,8,0,210,5,215
2135209,14,91,50,16,4,175,0,175
2135210,8,74,70,5,0,157,0,157
2135211,16,56,52,7,4,135,5,140
2135212,22,101,75,14,3,215,4,219
2135213,33,78,60,9,3,183,3,186
2135214,17,37,44,9,3,110,4,114
2135215,25,71,56,9,5,166,4,170
2135216,37,105,60,16,0,218,3,221
2135217,18,69,69,13,4,173,7,180
2135218,4,60,79,27,3,173,4,177
2135219,27,91,72,14,5,209,7,216
2135220,8,37,30,6,3,84,4,88
2135221,14,73,63,13,0,163,3,166
2135222,11,61,72,16,3,163,0,163
2135223,16,54,78,11,3,162,6,168
2135224,23,83,96,13,5,220,10,230
2135225,19,77,40,8,0,144,3,147
2135226,19,63,91,17,3,193,7,200
2135227,0,0,0,0,0,0,0,0
2135228,16,78,49,14,3,160,3,163
2135229,29,85,56,10,0,180,5,185
2135230,20,82,71,19,6,198,0,198
2135231,21,51,38,5,3,118,0,118
2135232,0,0,0,0,0,0,0,0
2135301,9,47,35,16,0,107,4,111
2135302,12,37,60,14,8,131,11,142
2135303,4,63,109,30,15,221,10,231
2135304,4,44,55,17,15,135,4,139
2135305,0,10,37,19,17,83,0,83
2135306,0,8,55,20,27,110,0,110
2135307,0,17,81,34,28,160,4,164
2135308,3,17,25,18,21,84,3,87
2135309,0,14,56,29,22,121,6,127
2135310,5,16,51,21,29,122,3,125
2135311,5,46,60,21,4,136,0,136
2135312,39,94,49,18,7,207,11,218
2135313,36,69,43,20,5,173,5,178
2135314,36,98,72,18,6,230,3,233
2135315,0,25,44,12,3,84,3,87
2135316,3,30,115,39,20,207,6,213
2135317,0,20,54,21,21,116,0,116
2135318,0,15,52,21,15,103,3,106
2135319,0,36,60,21,22,139,0,139
2135320,0,14,57,32,17,120,3,123
2135321,3,49,109,36,10,207,3,210
2135322,16,56,51,16,5,144,4,148
2135323,21,53,53,17,9,153,10,163
2135324,19,68,62,14,9,172,5,177
2135325,11,71,47,15,3,147,8,155
2135326,11,74,73,24,7,189,8,197
2135327,7,81,108,32,23,251,8,259
2135328,15,53,56,16,11,151,8,159
2135329,6,56,125,40,21,248,4,252
2135330,4,61,81,30,8,184,8,192
2135331,3,42,51,19,11,126,0,126
2135332,18,51,41,5,9,124,3,127
2135333,6,56,53,18,12,145,3,148
2135334,10,27,53,20,9,119,6,125
2135335,9,58,57,34,17,175,3,178
2135336,16,58,39,10,3,126,4,130
2135337,3,48,54,29,10,144,3,147
2135338,3,40,61,20,12,136,6,142
2135339,5,59,79,29,8,180,0,180
2135401,0,0,0,0,0,0,0,0
2135402,15,184,434,106,41,780,22,802
2135403,4,37,47,12,3,103,3,106
2135404,0,31,44,9,10,94,3,97
2135405,4,43,68,16,8,139,0,139
2135406,0,30,58,14,6,108,0,108
2135407,5,30,48,21,14,118,6,124
2135408,72,127,28,5,3,235,14,249
2135409,5,38,73,15,10,141,7,148
2135410,3,17,50,18,9,97,3,100
2135411,0,9,44,4,3,60,3,63
2135412,3,31,60,21,4,119,0,119
2135413,0,32,53,18,11,114,3,117
2135414,3,12,32,16,5,68,3,71
2135415,4,23,23,17,10,77,4,81
2135416,3,21,61,28,6,119,3,122
2135417,4,16,40,10,4,74,4,78
2135418,0,9,37,11,0,57,0,57
2135419,5,48,93,21,7,174,0,174
2135420,9,135,243,63,22,472,7,479
2135421,9,77,90,23,6,205,5,210
2135422,0,30,94,27,12,163,0,163
2135423,4,41,78,20,14,157,7,164
2135424,3,40,103,15,5,166,0,166
2135425,3,32,63,17,0,115,3,118
2135426,5,30,80,12,5,132,4,136
2135427,4,28,53,11,9,105,4,109
2135428,0,35,82,14,4,135,0,135
2135429,0,17,49,13,16,95,3,98
2135430,4,35,36,11,4,90,0,90
2135431,6,59,73,13,6,157,5,162
2135432,4,31,95,25,5,160,3,163
2135433,10,56,71,17,10,164,0,164
2135434,5,32,60,13,3,113,3,116
2135435,3,38,85,36,7,169,4,173
2135436,0,32,57,5,6,100,3,103
2135437,0,25,63,13,7,108,0,108
2135438,0,19,31,17,6,73,0,73
2135439,19,282,481,84,27,893,21,914
2135440,3,96,161,34,9,303,8,311
2135441,3,35,91,17,21,167,3,170
2135442,0,15,37,12,9,73,5,78
2135443,0,22,48,27,5,102,5,107
2135444,4,53,60,17,6,140,3,143
2135445,6,55,114,37,12,224,5,229
2135446,6,35,40,11,8,100,4,104
2135447,3,36,66,16,3,124,5,129
2135448,4,17,33,3,3,60,0,60
2135449,0,38,60,16,3,117,5,122
2135501,0,13,25,12,12,62,3,65
2135502,3,23,68,21,14,129,0,129
2135503,3,17,56,16,8,100,5,105
2135504,0,27,68,29,7,131,0,131
2135505,0,12,59,20,15,106,0,106
2135506,3,9,59,25,23,119,4,123
2135507,3,6,42,20,14,85,3,88
2135508,0,15,55,19,14,103,3,106
2135509,0,23,83,13,14,133,4,137
2135510,3,26,51,30,11,121,0,121
2135511,0,25,115,30,21,191,3,194
2135512,5,82,100,19,9,215,4,219
2135513,0,90,101,14,10,215,4,219
2135514,5,55,48,8,3,119,3,122
2135515,0,19,44,17,8,88,0,88
2135516,13,31,47,24,9,124,0,124
2135517,3,15,35,23,9,85,0,85
2135518,0,13,71,18,12,114,3,117
2135519,4,15,50,23,7,99,0,99
2135520,4,15,58,38,12,127,5,132
2135521,4,35,121,28,7,195,0,195
2135522,0,50,62,25,4,141,0,141
2135523,0,27,44,27,10,108,3,111
2135524,0,15,46,12,14,87,4,91
2135525,3,23,57,24,9,116,3,119
2135526,3,27,69,30,4,133,4,137
2135527,0,22,67,22,12,123,0,123
2135528,3,21,49,22,7,102,4,106
2135529,0,4,31,27,38,100,0,100
2135530,4,10,41,23,36,114,3,117
2135531,0,7,26,14,22,69,5,74
2135532,0,5,21,15,15,56,6,62
2135533,7,41,25,12,3,88,3,91
2135534,4,15,55,10,0,84,0,84
2135535,5,46,48,11,0,110,4,114
2135536,3,17,105,27,12,164,3,167
2135537,0,31,62,24,11,128,0,128
2135538,0,15,34,19,8,76,3,79
2135601,6,32,35,11,7,91,6,97
2135602,3,18,57,17,17,112,3,115
2135603,9,41,19,8,0,77,6,83
2135604,4,81,136,23,9,253,3,256
2135605,8,49,67,21,0,145,6,151
2135606,7,113,164,36,15,335,13,348
2135607,3,47,113,49,49,261,9,270
2135608,17,49,38,18,8,130,7,137
2135609,19,62,43,16,6,146,12,158
2135610,17,70,74,22,11,194,7,201
2135611,12,57,29,15,8,121,7,128
2135612,15,88,70,23,11,207,8,215
2135613,19,60,52,24,5,160,3,163
2135614,4,80,73,24,9,190,3,193
2135615,23,102,53,22,6,206,19,225
2135616,13,46,37,15,0,111,3,114
2135617,4,20,59,42,37,162,3,165
2135618,5,27,48,40,24,144,3,147
2135619,5,27,64,33,27,156,6,162
2135620,13,51,47,12,4,127,4,131
2135621,38,103,70,14,6,231,12,243
2135622,43,74,22,3,3,145,10,155
2135623,20,75,58,11,9,173,11,184
2135624,7,57,77,42,21,204,5,209
2135625,15,49,56,12,3,135,3,138
2135626,3,31,45,17,5,101,10,111
2135627,13,36,59,33,23,164,4,168
2135628,12,49,78,17,10,166,6,172
2135629,34,100,68,16,6,224,6,230
2135630,5,27,31,11,6,80,0,80
2135631,7,57,68,19,7,158,0,158
2135632,8,39,72,20,11,150,10,160
2135633,9,52,91,21,17,190,4,194
2135634,3,71,83,23,19,199,11,210
2135635,10,55,84,23,7,179,7,186
2135636,3,97,100,26,3,229,7,236
2135701,13,62,75,26,15,191,5,196
2135702,3,8,34,26,29,100,3,103
2135703,7,49,59,11,3,129,4,133
2135704,11,47,50,12,15,135,11,146
2135705,14,67,59,19,3,162,12,174
2135706,9,68,74,19,13,183,8,191
2135707,47,147,66,18,3,281,7,288
2135708,7,59,46,12,7,131,8,139
2135709,19,109,61,11,10,210,8,218
2135710,30,107,78,24,9,248,26,274
2135711,38,138,74,20,6,276,16,292
2135712,26,82,66,12,9,195,5,200
2135713,28,87,70,30,5,220,4,224
2135714,10,85,74,32,10,211,10,221
2135715,17,61,52,14,7,151,6,157
2135716,11,62,44,25,3,145,10,155
2135717,0,27,71,37,27,162,0,162
2135718,6,36,84,21,7,154,10,164
2135719,0,12,52,36,34,134,4,138
2135720,7,49,56,25,10,147,4,151
2135721,24,260,410,74,40,808,18,826
2135722,26,174,70,15,11,296,15,311
2135723,4,31,41,19,12,107,4,111
2135724,3,40,90,25,14,172,5,177
2135725,0,11,31,31,18,91,3,94
2135726,0,36,170,26,26,258,6,264
2135801,4,24,36,20,11,95,3,98
2135802,6,52,55,25,6,144,3,147
2135803,3,33,49,17,10,112,7,119
2135804,4,48,28,19,7,106,4,110
2135805,7,46,86,27,14,180,11,191
2135806,0,21,67,21,20,129,3,132
2135807,14,147,137,28,6,332,9,341
2135808,3,53,129,48,17,250,4,254
2135809,4,42,88,41,18,193,6,199
2135810,3,25,49,22,12,111,4,115
2135811,9,78,183,46,21,337,10,347
2135812,15,104,76,12,3,210,6,216
2135813,0,13,40,15,16,84,7,91
2135814,5,23,35,6,3,72,0,72
2135815,3,93,202,59,18,375,7,382
2135816,6,43,55,21,3,128,0,128
2135817,7,54,88,25,4,178,9,187
2135818,7,50,47,27,10,141,3,144
2135819,4,41,33,15,9,102,9,111
2135820,13,99,119,37,20,288,12,300
2135821,10,55,43,15,3,126,8,134
2135822,13,48,81,16,13,171,3,174
2135823,8,19,34,12,5,78,0,78
2135824,5,29,45,21,5,105,7,112
2135825,10,30,37,21,3,101,4,105
2135826,3,58,84,39,22,206,5,211
2135827,0,27,36,10,0,73,9,82
2135828,5,16,18,9,9,57,3,60
2135901,4,15,30,12,17,78,5,83
2135902,5,19,31,18,33,106,5,111
2135903,3,40,43,21,9,116,6,122
2135904,24,90,47,14,21,196,18,214
2135905,0,0,0,0,0,0,0,0
2135906,0,11,20,18,21,70,5,75
2136001,3,23,56,24,5,111,0,111
2136002,0,18,57,26,3,104,4,108
2136003,4,30,92,22,11,159,10,169
2136004,4,19,73,22,10,128,0,128
2136005,4,29,75,9,5,122,3,125
2136006,0,23,85,18,12,138,9,147
2136007,0,23,56,17,3,99,0,99
2136008,0,17,37,17,11,82,0,82
2136009,3,23,54,26,12,118,0,118
2136010,5,54,101,25,9,194,3,197
2136011,0,15,45,8,10,78,3,81
2136012,0,19,50,20,17,106,7,113
2136013,3,24,56,10,9,102,3,105
2136014,3,86,128,23,6,246,7,253
2136015,0,15,47,14,9,85,0,85
2136016,22,157,78,11,5,273,13,286
2136017,5,49,115,19,9,197,4,201
2136018,3,105,222,48,9,387,5,392
2136019,3,29,109,32,11,184,4,188
2136020,3,13,67,14,9,106,3,109
2136021,0,21,74,12,4,111,3,114
2136022,0,10,71,19,8,108,0,108
2136023,3,24,42,20,10,99,3,102
2136024,12,192,633,154,46,1037,8,1045
2136025,3,45,77,19,5,149,0,149
2136101,3,26,70,20,4,123,5,128
2136102,5,32,43,11,8,99,7,106
2136103,3,73,97,17,10,200,9,209
2136104,3,58,62,13,9,145,0,145
2136105,8,74,63,28,12,185,3,188
2136106,4,35,32,14,7,92,5,97
2136107,5,18,41,7,9,80,0,80
2136108,15,47,43,18,6,129,5,134
2136109,5,38,33,9,0,85,5,90
2136110,4,64,59,11,10,148,3,151
2136111,0,34,44,12,0,90,7,97
2136112,6,36,46,26,4,118,3,121
2136113,3,20,29,15,21,88,3,91
2136114,4,26,51,33,30,144,4,148
2136115,4,28,54,24,7,117,8,125
2136116,4,32,49,13,12,110,4,114
2136117,7,55,46,15,9,132,9,141
2136118,5,63,39,15,6,128,5,133
2136119,16,75,53,25,11,180,3,183
2136120,10,41,36,11,8,106,3,109
2136121,4,49,48,11,11,123,3,126
2136122,8,62,52,22,13,157,7,164
2136123,5,27,45,19,5,101,4,105
2136124,3,52,69,18,20,162,9,171
2136125,0,4,0,0,3,7,0,7
2136126,11,75,87,37,33,243,6,249
2136127,6,32,62,24,11,135,0,135
2136128,3,24,42,25,11,105,3,108
2136129,3,41,48,25,8,125,0,125
2136130,3,41,57,15,8,124,4,128
2136131,8,16,62,30,20,136,0,136
2136132,29,21,31,39,21,141,10,151
2136133,5,17,57,34,17,130,4,134
2136134,0,19,54,28,7,108,0,108
2136135,0,20,30,27,22,99,3,102
2136136,3,9,34,19,15,80,0,80
2136137,3,31,76,26,12,148,0,148
2136138,0,18,35,18,21,92,0,92
2136139,6,37,34,4,4,85,4,89
2136140,3,23,44,22,12,104,3,107
2136141,6,33,57,25,10,131,5,136
2136142,3,29,54,15,3,104,7,111
2136143,3,40,67,17,22,149,5,154
2136144,3,10,16,32,24,85,0,85
2136145,6,29,54,22,5,116,3,119
2136146,7,36,40,18,6,107,7,114
2136147,9,42,47,21,15,134,6,140
2136148,5,31,42,10,6,94,8,102
2136201,15,87,74,30,6,212,3,215
2136202,22,107,72,19,6,226,3,229
2136203,6,52,48,18,6,130,5,135
2136204,8,62,46,14,6,136,4,140
2136205,16,80,61,8,0,165,3,168
2136206,4,29,44,14,4,95,0,95
2136207,6,22,36,12,14,90,0,90
2136208,4,45,68,15,11,143,4,147
2136209,4,48,53,7,4,116,5,121
2136210,4,34,61,20,10,129,0,129
2136211,11,50,49,16,0,126,0,126
2136212,16,58,49,13,3,139,4,143
2136213,26,73,37,16,8,160,0,160
2136214,8,57,49,16,3,133,5,138
2136215,13,52,40,13,0,118,6,124
2136216,10,24,32,10,5,81,0,81
2136217,15,54,74,18,9,170,5,175
2136218,5,28,70,24,11,138,0,138
2136219,12,56,57,20,12,157,8,165
2136220,13,43,21,7,0,84,6,90
2136221,3,22,46,25,9,105,3,108
2136222,5,13,29,12,8,67,0,67
2136223,4,33,36,7,8,88,3,91
2136224,4,40,37,17,9,107,5,112
2136225,4,48,59,18,14,143,3,146
2136226,6,35,33,11,4,89,3,92
2136227,6,51,53,25,13,148,5,153
2136228,4,36,38,16,10,104,3,107
2136229,7,33,38,17,10,105,0,105
2136230,9,68,60,15,7,159,4,163
2136231,5,52,59,24,11,151,3,154
2136232,0,32,47,18,3,100,0,100
2136233,7,46,54,17,12,136,7,143
2136234,6,37,69,15,3,130,3,133
2136235,3,33,70,23,22,151,3,154
2136236,0,22,43,17,8,90,0,90
2136237,5,16,33,19,4,77,0,77
2136238,0,29,41,15,7,92,4,96
2136239,6,41,45,23,9,124,0,124
2136240,7,46,56,10,4,123,6,129
2136241,17,57,57,14,4,149,5,154
2136242,4,40,38,14,7,103,0,103
2136243,15,58,28,13,3,117,3,120
2136244,0,26,26,6,7,65,0,65
2136245,12,53,45,10,13,133,6,139
2136246,11,53,53,14,3,134,4,138
2136247,6,76,52,16,4,154,6,160
2136248,6,18,37,21,9,91,3,94
2136249,0,23,41,13,11,88,3,91
2136250,0,18,35,16,7,76,3,79
2136301,20,55,29,8,0,112,6,118
2136302,36,88,50,21,3,198,10,208
2136303,33,70,32,0,3,138,5,143
2136304,0,3,0,0,0,3,0,3
2136305,23,147,155,37,8,370,11,381
2136306,12,77,33,10,10,142,8,150
2136307,11,30,4,0,0,45,4,49
2136308,13,76,48,16,3,156,3,159
2136309,11,75,51,8,4,149,7,156
2136310,13,47,41,10,6,117,3,120
2136311,11,51,34,5,0,101,4,105
2136312,6,41,35,11,3,96,4,100
2136313,19,75,41,19,3,157,8,165
2136401,0,5,40,11,5,61,0,61
2136402,0,0,0,0,0,0,0,0
2136403,0,0,0,0,0,0,0,0
2136404,0,32,66,5,5,108,4,112
2136405,0,30,75,11,5,121,0,121
2136406,4,27,80,17,7,135,5,140
2136407,0,31,90,9,3,133,0,133
2136408,4,0,0,0,0,4,0,4
2136409,3,41,137,35,10,226,3,229
2136410,0,0,0,0,0,0,0,0
2136411,16,542,719,108,31,1416,18,1434
2136412,0,52,65,17,0,134,3,137
2136413,6,110,172,44,9,341,0,341
2136414,4,78,126,26,6,240,4,244
2136415,6,60,162,44,11,283,3,286
2136416,0,52,127,31,8,218,5,223
2136417,7,40,103,23,5,178,4,182
2136418,3,31,62,12,0,108,4,112
2136419,14,99,123,31,8,275,5,280
2136420,0,29,37,13,7,86,0,86
2136421,4,13,60,10,9,96,0,96
2136422,7,60,132,26,7,232,5,237
2136423,11,87,116,14,7,235,3,238
2136424,5,24,83,15,7,134,4,138
2136425,3,55,120,17,5,200,3,203
2136426,7,157,236,50,14,464,6,470
2136427,5,109,168,18,4,304,7,311
2136428,5,56,138,29,19,247,3,250
2136429,3,43,73,10,7,136,4,140
2136430,5,25,61,9,4,104,5,109
2136431,4,69,167,31,12,283,4,287
2136432,0,29,65,5,7,106,0,106
2136433,0,40,64,13,0,117,0,117
2136434,0,67,115,27,7,216,3,219
2136435,4,31,62,7,4,108,0,108
2136436,12,210,328,83,29,662,19,681
2136437,5,154,323,80,18,580,9,589
2136438,0,41,136,38,13,228,0,228
2136439,4,27,90,21,4,146,0,146
2136440,0,59,131,23,5,218,3,221
2136441,4,34,133,46,16,233,0,233
2136442,3,29,58,4,0,94,0,94
2136443,15,276,355,44,8,698,0,698
2136444,0,39,60,10,7,116,5,121
2136501,10,80,97,23,6,216,5,221
2136502,12,96,143,29,7,287,9,296
2136503,8,111,110,17,5,251,3,254
2136504,6,68,82,15,7,178,3,181
2136505,14,138,182,40,13,387,10,397
2136506,8,120,202,41,23,394,10,404
2136507,3,56,49,14,12,134,3,137
2136508,0,20,24,9,4,57,3,60
2136509,3,22,52,7,3,87,3,90
2136510,7,60,99,29,10,205,4,209
2136511,7,61,101,18,11,198,7,205
2136512,3,54,134,37,17,245,6,251
2136513,0,16,34,18,22,90,3,93
2136514,0,14,21,12,15,62,3,65
2136515,0,27,31,10,3,71,3,74
2136516,5,50,91,13,5,164,10,174
2136517,4,74,93,27,11,209,5,214
2136518,3,25,54,19,4,105,6,111
2136519,0,18,44,9,7,78,3,81
2136520,6,87,30,5,3,131,7,138
2136521,0,22,54,14,10,100,5,105
2136522,0,78,145,44,26,293,10,303
2136523,4,48,99,23,9,183,4,187
2136524,12,191,321,70,29,623,20,643
2136525,9,38,59,14,3,123,0,123
2136526,3,21,50,18,0,92,3,95
2136527,0,41,61,16,3,121,3,124
2136528,3,64,66,27,9,169,9,178
2136529,0,22,67,20,14,123,0,123
2136530,19,165,185,47,17,433,13,446
2136531,8,108,113,30,6,265,7,272
2136532,0,92,145,38,16,291,7,298
2136533,4,42,85,14,3,148,3,151
2136534,3,26,58,12,10,109,3,112
2136601,0,0,0,0,0,0,0,0
2136602,53,608,667,108,38,1474,48,1522
2136603,0,20,14,3,4,41,4,45
2136604,0,0,3,0,0,3,0,3
2136605,5,36,73,24,5,143,3,146
2136606,5,33,75,17,4,134,0,134
2136607,8,43,83,18,11,163,4,167
2136608,9,218,313,85,24,649,4,653
2136609,10,91,151,37,15,304,10,314
2136610,7,98,111,26,12,254,3,257
2136701,5,43,87,12,6,153,3,156
2136702,4,38,32,19,4,97,3,100
2136703,15,73,63,13,3,167,6,173
2136704,3,53,42,20,3,121,6,127
2136705,5,32,63,20,3,123,3,126
2136706,18,70,75,18,4,185,3,188
2136707,30,67,37,10,3,147,8,155
2136708,22,82,57,17,11,189,8,197
2136709,8,43,63,30,20,164,0,164
2136710,17,55,31,15,4,122,3,125
2136711,18,86,90,16,6,216,3,219
2136712,21,73,49,16,6,165,6,171
2136713,5,76,65,22,11,179,8,187
2136714,18,29,58,13,3,121,4,125
2136715,12,81,65,20,12,190,11,201
2136716,19,47,41,16,0,123,10,133
2136717,0,17,38,14,19,88,3,91
2136718,8,68,58,14,8,156,0,156
2136719,5,66,59,28,7,165,0,165
2136720,7,47,57,9,10,130,9,139
2136721,8,43,53,17,3,124,4,128
2136722,13,64,41,10,4,132,0,132
2136723,6,48,49,21,10,134,0,134
2136724,3,30,62,20,8,123,3,126
2136725,15,63,58,22,15,173,5,178
2136726,11,51,58,25,10,155,6,161
2136727,3,31,39,8,12,93,11,104
2136728,18,102,57,26,6,209,7,216
2136729,0,19,46,27,9,101,3,104
2136730,0,15,76,32,21,144,3,147
2136731,0,16,45,33,21,115,3,118
2136732,3,10,33,19,16,81,3,84
2136733,8,54,59,24,5,150,3,153
2136734,3,45,62,19,8,137,3,140
2136735,6,74,51,7,9,147,8,155
2136736,3,17,24,21,18,83,0,83
2136737,46,42,6,0,0,94,11,105
2136738,0,16,42,31,14,103,0,103
2136739,0,0,0,0,0,0,0,0
2136740,0,15,58,20,11,104,0,104
2136741,5,22,62,16,5,110,3,113
2136742,0,0,0,0,0,0,0,0
2136743,7,14,44,17,8,90,0,90
2136744,0,16,50,15,12,93,3,96
2136745,5,37,30,17,12,101,0,101
2136746,10,44,46,12,0,112,4,116
2136747,11,68,68,19,0,166,3,169
2136748,13,74,36,12,7,142,8,150
2136749,9,53,62,5,7,136,6,142
2136750,20,90,50,7,6,173,7,180
2136751,13,48,42,9,4,116,3,119
2136752,23,85,47,19,3,177,6,183
2136753,29,61,30,4,3,127,3,130
2136754,6,43,32,3,3,87,5,92
2136755,0,70,53,11,4,138,7,145
2136756,5,8,26,19,17,75,3,78
2136757,8,44,41,14,5,112,6,118
2136758,15,77,53,15,9,169,7,176
2136759,10,62,104,14,7,197,7,204
2136760,49,139,53,14,5,260,21,281
2136761,14,80,71,17,3,185,3,188
2136762,48,113,33,10,0,204,11,215
2136763,28,76,33,6,5,148,3,151
2136764,13,57,40,15,5,130,4,134
2136765,30,70,37,10,3,150,9,159
2136766,11,48,23,11,0,93,3,96
2136767,4,46,43,11,8,112,0,112
2136768,3,35,62,41,39,180,4,184
2136769,3,34,28,14,3,82,6,88
2136770,11,40,39,10,3,103,0,103
2136771,0,29,49,12,9,99,0,99
2136772,0,50,46,5,10,111,3,114
2136773,7,39,30,5,0,81,3,84
2136774,5,39,48,12,3,107,0,107
2136775,19,87,47,7,3,163,0,163
2136776,3,8,35,16,15,77,0,77
2136801,6,34,57,20,12,129,3,132
2136802,0,31,57,36,18,142,6,148
2136803,0,0,0,0,0,0,0,0
2136804,14,57,63,22,17,173,3,176
2136805,0,0,0,0,0,0,0,0
2136806,5,55,53,11,11,135,4,139
2136807,25,121,62,11,7,226,9,235
2136808,13,56,42,15,3,129,7,136
2136809,5,53,64,18,16,156,7,163
2136810,15,62,55,16,5,153,11,164
2136811,27,72,57,12,10,178,3,181
2136812,5,32,36,19,9,101,4,105
2136813,3,22,40,19,19,103,3,106
2136814,5,32,32,23,17,109,8,117
2136815,9,61,29,9,5,113,0,113
2136816,26,73,46,9,9,163,9,172
2136817,32,70,40,14,6,162,5,167
2136818,5,28,43,25,15,116,3,119
2136819,3,0,0,0,0,3,0,3
2136820,6,52,58,11,5,132,4,136
2136821,4,38,33,7,12,94,3,97
2136822,23,75,58,16,9,181,11,192
2136823,14,74,59,13,7,167,8,175
2136824,41,105,61,21,8,236,5,241
2136825,9,63,109,30,14,225,3,228
2136826,3,38,110,37,21,209,0,209
2136827,6,56,59,16,8,145,8,153
2136828,5,35,49,21,10,120,0,120
2136901,3,42,39,14,3,101,6,107
2136902,6,83,84,24,6,203,7,210
2136903,8,56,36,13,3,116,3,119
2136904,3,35,45,15,3,101,9,110
2136905,4,40,37,9,0,90,0,90
2136906,6,42,48,21,10,127,0,127
2136907,13,64,57,15,4,153,4,157
2136908,3,45,42,19,3,112,3,115
2136909,8,37,35,13,8,101,3,104
2136910,4,45,74,13,6,142,6,148
2136911,5,42,80,18,3,148,3,151
2136912,0,34,89,32,12,167,0,167
2136913,0,43,104,30,7,184,4,188
2136914,13,92,124,35,11,275,0,275
2136915,4,32,83,20,10,149,0,149
2136916,3,35,37,7,3,85,3,88
2136917,13,104,107,22,6,252,13,265
2136918,6,82,108,20,7,223,11,234
2136919,3,34,62,14,3,116,3,119
2136920,13,82,91,19,7,212,3,215
2136921,12,46,54,20,13,145,4,149
2136922,16,308,432,66,12,834,17,851
2136923,4,37,49,12,10,112,3,115
2136924,8,44,52,8,4,116,0,116
2136925,0,7,7,0,0,14,3,17
2136926,0,0,0,0,0,0,0,0
2136927,5,48,62,15,3,133,0,133
2136928,0,18,37,11,0,66,0,66
2136929,3,26,49,11,0,89,3,92
2136930,5,31,44,28,3,111,4,115
2136931,0,38,33,13,0,84,4,88
2136932,8,24,47,10,4,93,3,96
2136933,0,20,36,13,4,73,3,76
2136934,9,29,31,8,0,77,4,81
2136935,3,38,29,10,0,80,0,80
2136936,9,152,230,48,12,451,15,466
2136937,0,7,9,4,8,28,0,28
2137001,3,31,41,11,4,90,3,93
2137002,8,41,40,3,7,99,3,102
2137003,4,77,87,20,10,198,5,203
2137004,12,46,73,20,3,154,7,161
2137005,6,77,152,32,16,283,6,289
2137006,7,62,115,28,8,220,7,227
2137007,3,128,130,39,5,305,4,309
2137008,23,150,76,25,3,277,7,284
2137009,0,42,84,28,5,159,0,159
2137010,5,44,65,16,3,133,3,136
2137011,18,77,53,23,6,177,8,185
2137012,47,44,43,14,4,152,12,164
2137013,11,88,102,22,6,229,5,234
2137014,10,64,69,25,11,179,6,185
2137015,3,33,50,7,4,97,6,103
2137016,3,57,50,20,10,140,5,145
2137017,3,57,60,19,7,146,3,149
2137018,5,52,49,8,9,123,4,127
2137019,6,63,99,38,15,221,3,224
2137020,7,56,55,15,7,140,4,144
2137021,3,27,49,7,5,91,3,94
2137022,3,38,49,10,9,109,9,118
2137023,49,182,77,23,11,342,12,354
2137024,0,86,141,46,13,286,11,297
2137025,0,0,0,0,0,0,0,0
2137026,0,0,0,3,0,3,0,3
2137027,0,0,0,0,0,0,0,0
2137028,0,4,0,3,0,7,0,7
2137029,0,0,0,0,0,0,0,0
2137030,5,35,53,14,6,113,0,113
2137031,0,55,74,12,10,151,5,156
2137032,21,112,82,21,6,242,8,250
2137033,10,102,94,18,6,230,0,230
2137034,7,26,49,16,5,103,0,103
2137035,0,38,66,12,3,119,6,125
2137036,7,45,55,7,7,121,10,131
2137037,3,53,45,21,5,127,3,130
2137038,7,19,34,11,4,75,0,75
2137039,0,22,25,15,4,66,3,69
2137040,9,56,52,26,9,152,6,158
2137041,5,52,71,25,8,161,3,164
2137042,3,64,70,28,11,176,6,182
2137043,6,51,53,14,10,134,6,140
2137044,10,70,82,17,12,191,5,196
2137101,16,60,67,21,7,171,7,178
2137102,12,54,50,19,5,140,8,148
2137103,7,34,62,22,12,137,0,137
2137104,4,27,38,15,3,87,4,91
2137105,4,46,61,24,12,147,0,147
2137106,3,32,63,19,4,121,3,124
2137107,11,86,81,24,8,210,0,210
2137108,38,117,21,4,7,187,10,197
2137109,22,66,28,4,3,123,6,129
2137110,36,102,64,11,8,221,13,234
2137111,4,49,46,15,3,117,4,121
2137112,12,60,45,13,6,136,3,139
2137113,0,42,42,20,6,110,0,110
2137114,11,82,48,9,0,150,11,161
2137115,6,80,62,13,5,166,5,171
2137116,24,78,41,12,6,161,17,178
2137117,4,58,75,15,8,160,4,164
2137118,4,41,65,16,8,134,3,137
2137119,4,67,70,22,3,166,7,173
2137120,6,43,37,5,9,100,9,109
2137121,24,131,57,16,0,228,12,240
2137122,10,73,66,21,4,174,6,180
2137123,70,82,24,0,0,176,7,183
2137124,37,100,46,9,5,197,11,208
2137125,37,96,47,9,7,196,12,208
2137126,44,88,37,6,4,179,7,186
2137127,12,58,52,13,3,138,4,142
2137128,9,30,57,14,4,114,4,118
2137129,57,109,50,5,7,228,9,237
2137130,39,62,33,5,4,143,8,151
2137131,52,117,54,6,3,232,12,244
2137132,46,109,29,5,6,195,14,209
2137133,7,49,34,13,7,110,6,116
2137134,13,65,65,12,9,164,6,170
2137135,49,161,44,7,0,261,14,275
2137136,7,71,70,23,8,179,6,185
2137137,3,22,31,9,5,70,3,73
2137138,46,112,43,3,3,207,8,215
2137139,21,61,19,9,3,113,6,119
2137140,12,47,38,4,3,104,6,110
2137141,18,77,40,4,3,142,5,147
2137142,0,41,74,29,11,155,3,158
2137143,9,53,69,14,8,153,0,153
2137144,13,66,46,16,3,144,3,147
2137145,9,67,51,14,3,144,7,151
2137146,6,61,82,24,11,184,9,193
2137147,5,36,70,17,10,138,6,144
2137148,4,46,58,19,7,134,3,137
2137149,4,43,42,23,3,115,3,118
2137150,0,32,51,16,7,106,6,112
2137151,59,103,24,3,3,192,13,205
2137152,3,61,69,12,7,152,5,157
2137153,46,96,37,3,4,186,16,202
2137154,6,48,50,13,4,121,3,124
2137155,24,59,25,11,0,119,4,123
2137201,6,66,62,13,3,150,3,153
2137202,28,109,69,26,3,235,9,244
2137203,11,53,38,11,0,113,7,120
2137204,19,74,73,19,4,189,4,193
2137205,16,71,47,8,0,142,7,149
2137206,18,89,58,15,5,185,11,196
2137207,16,49,52,10,0,127,9,136
2137208,18,60,27,11,7,123,10,133
2137209,0,0,0,0,0,0,0,0
2137210,0,0,0,0,4,4,0,4
2137211,25,77,30,9,0,141,10,151
2137212,4,48,57,23,11,143,5,148
2137213,9,58,76,22,5,170,7,177
2137214,29,109,67,18,7,230,6,236
2137215,10,88,79,34,4,215,7,222
2137216,13,66,62,13,5,159,4,163
2137217,10,61,64,16,4,155,10,165
2137218,13,95,72,18,0,198,10,208
2137219,21,42,23,3,0,89,11,100
2137220,7,70,63,21,5,166,4,170
2137221,9,68,45,18,8,148,0,148
2137222,11,78,69,21,9,188,4,192
2137223,28,151,52,10,7,248,8,256
2137224,28,105,55,11,3,202,3,205
2137225,35,133,63,23,7,261,9,270
2137226,5,73,59,16,10,163,5,168
2137227,6,65,70,25,6,172,8,180
2137228,3,32,30,8,3,76,4,80
2137229,9,31,24,6,3,73,4,77
2137230,8,44,33,12,4,101,6,107
2137231,11,50,36,13,5,115,7,122
2137232,22,64,50,11,4,151,0,151
2137233,48,120,49,14,7,238,21,259
2137234,27,88,66,15,9,205,6,211
2137235,11,48,35,9,3,106,10,116
2137236,3,70,68,19,6,166,5,171
2137237,7,45,61,13,3,129,3,132
2137238,4,48,41,3,0,96,0,96
2137239,3,28,43,12,6,92,4,96
2137240,16,64,54,12,7,153,4,157
2137241,37,77,42,16,3,175,14,189
2137242,11,66,67,15,5,164,11,175
2137243,10,54,39,4,3,110,7,117
2137244,14,49,32,0,0,95,6,101
2137245,30,94,43,21,9,197,8,205
2137246,14,71,41,13,8,147,5,152
2137247,3,34,52,14,10,113,3,116
2137248,25,51,32,5,0,113,9,122
2137301,10,39,71,25,6,151,4,155
2137302,0,10,59,19,15,103,0,103
2137303,0,17,85,31,18,151,0,151
2137304,0,17,51,27,9,104,3,107
2137305,0,9,29,18,8,64,0,64
2137306,0,6,34,13,10,63,4,67
2137307,0,17,29,16,12,74,3,77
2137308,6,60,102,24,16,208,5,213
2137309,0,57,92,12,13,174,3,177
2137310,3,40,51,15,5,114,4,118
2137311,4,81,110,20,8,223,11,234
2137312,9,60,47,13,4,133,5,138
2137313,9,44,44,16,3,116,4,120
2137314,31,30,23,9,7,100,9,109
2137315,3,16,65,25,24,133,0,133
2137316,4,21,48,34,15,122,6,128
2137317,0,14,40,17,17,88,4,92
2137318,0,14,49,38,18,119,3,122
2137319,6,40,33,11,8,98,4,102
2137320,7,35,36,6,4,88,3,91
2137321,11,61,56,10,4,142,6,148
2137322,0,31,61,22,18,132,0,132
2137323,13,73,106,17,10,219,3,222
2137324,4,57,82,19,6,168,4,172
2137325,12,57,54,15,8,146,3,149
2137326,9,62,63,13,4,151,4,155
2137327,3,40,56,25,15,139,5,144
2137328,3,28,60,24,3,118,3,121
2137329,0,17,36,8,6,67,5,72
2137330,6,43,55,28,21,153,5,158
2137331,6,68,84,28,13,199,7,206
2137332,11,64,69,15,4,163,4,167
2137333,0,25,49,11,4,89,3,92
2137334,3,65,56,16,9,149,3,152
2137335,10,71,97,17,5,200,7,207
2137336,10,44,80,34,12,180,5,185
2137337,11,46,39,9,7,112,3,115
2137338,0,42,65,21,6,134,0,134
2137339,140,195,11,0,0,346,17,363
2137340,0,22,88,40,25,175,3,178
2137341,0,29,82,27,14,152,4,156
2137342,3,30,92,30,24,179,3,182
2137343,0,15,43,14,16,88,0,88
2137344,0,0,0,0,0,0,0,0
2137345,3,22,31,13,3,72,0,72
2137346,0,21,63,16,11,111,0,111
2137401,5,43,62,23,10,143,8,151
2137402,5,92,117,29,7,250,10,260
2137403,5,49,49,16,4,123,3,126
2137404,14,77,77,23,6,197,6,203
2137405,5,71,61,21,7,165,11,176
2137406,5,57,97,24,10,193,3,196
2137407,0,22,123,49,30,224,3,227
2137408,7,47,78,24,18,174,3,177
2137409,3,16,53,18,7,97,3,100
2137410,7,57,62,21,3,150,3,153
2137411,3,44,75,25,7,154,3,157
2137412,0,28,40,18,7,93,5,98
2137413,5,70,104,27,12,218,0,218
2137414,0,53,158,40,28,279,8,287
2137415,6,48,64,20,0,138,8,146
2137416,5,36,62,11,9,123,6,129
2137417,0,52,69,39,16,176,3,179
2137418,0,35,51,17,6,109,6,115
2137419,4,44,57,15,10,130,4,134
2137420,0,5,67,15,15,102,4,106
2137421,0,9,59,27,14,109,0,109
2137422,0,18,56,21,13,108,0,108
2137423,0,27,54,10,9,100,0,100
2137424,4,45,87,37,19,192,7,199
2137425,4,29,46,21,14,114,3,117
2137426,0,14,38,30,32,114,3,117
2137427,3,39,89,46,50,227,6,233
2137428,25,105,61,18,4,213,12,225
2137429,5,45,102,30,13,195,4,199
2137430,3,31,77,20,12,143,0,143
2137431,3,28,60,19,7,117,0,117
2137432,0,39,67,25,7,138,0,138
2137433,3,29,68,27,6,133,3,136
2137434,6,65,60,16,6,153,3,156
2137435,0,0,3,0,0,3,0,3
2137436,5,68,76,24,14,187,7,194
2137437,4,19,52,29,18,122,0,122
2137438,3,15,54,31,40,143,3,146
2137439,0,10,19,22,20,71,3,74
2137440,0,9,37,24,16,86,0,86
2137441,0,17,51,41,40,149,6,155
2137442,9,63,48,22,25,167,8,175
2137443,0,23,75,33,24,155,0,155
2137444,9,119,108,34,10,280,10,290
2137445,0,45,92,18,16,171,5,176
2137446,0,47,65,11,4,127,0,127
2137447,3,19,62,26,18,128,3,131
2137448,8,81,77,20,7,193,7,200
2137449,25,125,33,6,0,189,5,194
2137450,0,23,53,19,14,109,3,112
2137451,0,24,61,31,8,124,0,124
2137501,37,68,3,0,0,108,16,124
2137502,7,32,28,11,3,81,6,87
2137503,3,27,27,17,3,77,3,80
2137504,21,73,50,17,5,166,7,173
2137505,18,89,55,12,4,178,7,185
2137506,4,39,47,13,3,106,4,110
2137507,17,90,81,15,3,206,5,211
2137508,21,57,68,18,0,164,8,172
2137509,0,0,0,0,0,0,0,0
2137510,11,67,98,33,11,220,4,224
2137511,10,62,85,33,5,195,3,198
2137512,5,36,66,22,7,136,4,140
2137513,12,55,73,19,11,170,8,178
2137514,6,35,61,18,4,124,4,128
2137515,4,72,81,11,15,183,3,186
2137516,7,44,49,12,5,117,0,117
2137517,14,81,73,18,15,201,3,204
2137518,17,89,40,4,3,153,12,165
2137519,8,71,83,20,7,189,4,193
2137520,20,64,56,21,5,166,9,175
2137521,7,66,75,8,8,164,9,173
2137522,28,108,49,16,8,209,9,218
2137523,9,75,72,16,0,172,3,175
2137524,44,108,40,10,0,202,6,208
2137525,0,0,3,0,0,3,0,3
2137526,11,79,90,26,8,214,3,217
2137527,3,77,78,29,9,196,9,205
2137528,24,94,62,17,11,208,7,215
2137529,8,58,47,10,10,133,7,140
2137530,4,44,37,15,6,106,3,109
2137531,6,58,58,11,3,136,6,142
2137532,44,57,42,11,3,157,5,162
2137533,41,124,36,4,5,210,8,218
2137534,11,51,33,10,5,110,3,113
2137535,26,80,46,16,0,168,5,173
2137536,12,50,52,15,8,137,3,140
2137537,13,85,58,13,0,169,11,180
2137538,22,92,47,10,4,175,8,183
2137539,19,92,60,17,8,196,7,203
2137540,53,105,41,12,7,218,25,243
2137541,6,67,67,21,4,165,9,174
2137601,0,15,39,12,11,77,3,80
2137602,5,118,340,64,26,553,14,567
2137603,5,46,110,41,28,230,6,236
2137604,4,28,61,15,8,116,3,119
2137605,0,45,110,29,19,203,3,206
2137606,18,66,92,30,21,227,11,238
2137607,0,30,45,20,4,99,3,102
2137608,4,18,37,14,12,85,0,85
2137609,0,12,45,12,4,73,0,73
2137610,0,18,52,20,3,93,5,98
2137611,3,30,57,24,6,120,3,123
2137612,0,25,70,17,12,124,0,124
2137613,7,53,85,16,13,174,0,174
2137614,4,47,79,26,11,167,0,167
2137615,3,36,87,24,18,168,4,172
2137616,0,33,82,19,12,146,0,146
2137617,0,54,225,60,10,349,4,353
2137618,0,21,59,15,3,98,0,98
2137619,4,50,69,20,6,149,6,155
2137620,4,53,60,9,8,134,4,138
2137701,9,52,43,3,3,110,5,115
2137702,0,96,78,17,4,195,4,199
2137703,0,57,76,21,3,157,10,167
2137704,5,59,36,13,0,113,4,117
2137705,0,0,3,3,3,9,0,9
2137706,6,33,43,8,8,98,3,101
2137707,6,50,88,17,7,168,3,171
2137708,5,39,70,8,5,127,5,132
2137709,3,38,65,10,5,121,7,128
2137710,0,46,63,6,7,122,3,125
2137711,5,49,32,18,14,118,3,121
2137712,11,67,80,15,7,180,14,194
2137713,8,53,42,6,4,113,4,117
2137714,10,65,55,12,5,147,9,156
2137715,11,65,42,11,3,132,14,146
2137716,22,73,70,15,9,189,16,205
2137717,0,27,76,20,6,129,3,132
2137718,4,57,58,17,6,142,0,142
2137719,8,38,99,23,16,184,3,187
2137720,5,63,78,24,10,180,4,184
2137721,21,92,45,11,4,173,9,182
2137722,3,59,101,31,4,198,3,201
2137723,0,36,49,8,9,102,3,105
2137724,4,62,68,15,5,154,9,163
2137725,12,76,77,12,7,184,6,190
2137801,0,40,53,13,7,113,5,118
2137802,3,19,56,23,12,113,5,118
2137803,3,21,63,28,15,130,3,133
2137804,4,28,47,14,9,102,0,102
2137805,0,11,18,5,7,41,0,41
2137806,0,22,29,16,5,72,0,72
2137807,0,56,66,25,9,156,3,159
2137808,3,14,44,31,18,110,3,113
2137809,0,20,55,19,13,107,4,111
2137810,3,15,43,26,37,124,3,127
2137811,0,25,49,10,15,99,0,99
2137812,0,16,64,30,20,130,9,139
2137813,0,14,34,12,9,69,0,69
2137814,0,31,73,17,7,128,3,131
2137815,0,19,69,26,9,123,0,123
2137816,0,26,34,15,13,88,3,91
2137817,0,6,24,6,0,36,0,36
2137818,0,7,29,9,5,50,5,55
2137901,13,66,30,5,3,117,3,120
2137902,45,114,54,18,7,238,12,250
2137903,64,104,41,11,0,220,16,236
2137904,32,99,37,15,3,186,5,191
2137905,9,42,64,21,10,146,6,152
2137906,26,90,104,13,14,247,9,256
2137907,19,56,54,18,4,151,7,158
2137908,19,62,30,16,0,127,11,138
2137909,27,153,85,28,9,302,12,314
2137910,5,47,144,32,18,246,7,253
2137911,4,57,99,37,13,210,3,213
2137912,8,119,78,15,10,230,8,238
2137913,9,85,107,28,3,232,8,240
2137914,3,18,54,27,31,133,4,137
2137915,0,26,70,32,28,156,0,156
2137916,3,46,51,23,5,128,0,128
2137917,5,31,55,22,14,127,4,131
2137918,13,74,81,18,9,195,8,203
2137919,0,9,48,13,19,89,3,92
2137920,7,79,60,19,6,171,7,178
2137921,0,39,49,12,10,110,3,113
2137922,3,73,79,23,8,186,6,192
2137923,5,32,46,20,8,111,4,115
2137924,4,46,56,30,17,153,5,158
2137925,5,29,53,25,11,123,6,129
2137926,0,23,43,22,11,99,3,102
2137927,4,16,36,21,12,89,3,92
2137928,0,17,46,33,15,111,0,111
2137929,0,36,65,19,9,129,3,132
2137930,4,73,75,19,13,184,10,194
2137931,6,74,62,15,10,167,5,172
2137932,9,68,48,15,0,140,6,146
2137933,3,47,68,28,8,154,3,157
2137934,3,63,88,19,10,183,3,186
2137935,12,61,55,18,5,151,5,156
2137936,0,7,14,14,16,51,3,54
2137937,6,47,88,39,20,200,12,212
2137938,5,38,54,11,9,117,3,120
2137939,0,13,53,24,16,106,0,106
2137940,0,37,45,10,3,95,0,95
2137941,0,76,135,23,15,249,4,253
2137942,0,0,0,0,0,0,0,0
2137943,39,83,28,3,8,161,11,172
2137944,5,54,59,6,5,129,0,129
2137945,3,40,64,26,11,144,0,144
2138001,25,90,32,10,5,162,4,166
2138002,40,83,40,0,4,167,14,181
2138003,4,40,52,16,6,118,4,122
2138004,13,87,75,20,3,198,11,209
2138005,0,34,81,23,8,146,3,149
2138006,3,39,41,10,8,101,3,104
2138007,6,47,69,25,9,156,3,159
2138008,21,130,61,14,4,230,10,240
2138009,5,44,64,12,4,129,3,132
2138010,4,27,67,14,8,120,6,126
2138011,7,75,62,15,8,167,7,174
2138012,13,65,47,10,3,138,3,141
2138013,19,51,15,0,0,85,11,96
2138014,23,114,83,23,3,246,6,252
2138015,33,123,77,12,4,249,7,256
2138016,31,141,58,10,5,245,9,254
2138017,3,51,65,12,3,134,4,138
2138018,23,130,83,10,8,254,8,262
2138019,5,51,26,10,3,95,3,98
2138020,31,90,55,7,3,186,13,199
2138021,12,49,51,4,0,116,10,126
2138022,10,56,61,10,3,140,5,145
2138023,9,77,47,10,4,147,7,154
2138024,5,58,69,11,3,146,3,149
2138025,5,65,45,8,9,132,3,135
2138026,13,33,50,19,4,119,0,119
2138027,3,41,77,21,7,149,6,155
2138028,14,68,65,18,3,168,4,172
2138029,10,107,67,13,8,205,8,213
2138030,8,61,65,13,0,147,7,154
2138031,18,70,72,8,5,173,4,177
2138032,5,53,48,11,0,117,9,126
2138033,0,28,60,15,8,111,3,114
2138034,13,112,83,11,3,222,3,225
2138035,8,56,71,18,8,161,7,168
2138036,5,52,80,13,8,158,4,162
2138037,0,16,79,9,12,116,0,116
2138038,0,45,100,22,5,172,3,175
2138039,24,159,68,16,7,274,17,291
2138040,0,42,80,25,4,151,3,154
2138041,0,34,80,30,16,160,3,163
2138042,3,10,62,17,9,101,3,104
2138043,0,16,86,24,10,136,0,136
2138044,0,8,51,17,8,84,0,84
2138045,0,19,70,41,11,141,0,141
2138046,8,41,31,16,5,101,0,101
2138047,0,13,25,23,9,70,3,73
2138048,0,0,0,0,0,0,0,0
2138049,25,88,74,19,6,212,13,225
2138050,11,54,42,11,7,125,4,129
2138051,17,56,21,7,0,101,7,108
2138052,0,0,0,0,0,0,0,0
2138053,10,76,47,15,7,155,5,160
2138054,13,58,39,6,6,122,5,127
2138055,0,13,63,15,18,109,0,109
2138056,5,35,83,25,6,154,0,154
2138057,14,109,37,12,6,178,9,187
2138058,10,96,111,19,9,245,3,248
2138059,0,0,0,0,0,0,0,0
2138101,3,74,67,23,7,174,3,177
2138102,0,19,70,18,14,121,4,125
2138103,3,35,63,22,10,133,0,133
2138104,0,24,71,20,3,118,5,123
2138105,4,30,64,26,13,137,3,140
2138106,0,18,71,25,18,132,4,136
2138107,5,20,43,7,6,81,3,84
2138108,18,68,31,8,5,130,7,137
2138109,13,105,65,3,3,189,13,202
2138110,0,18,68,17,13,116,0,116
2138111,3,3,40,22,3,71,3,74
2138112,0,11,43,23,11,88,0,88
2138113,0,28,101,26,14,169,6,175
2138114,0,21,95,30,9,155,5,160
2138115,3,24,78,31,16,152,3,155
2138116,3,18,79,31,13,144,3,147
2138117,3,19,49,18,8,97,0,97
2138118,0,15,62,22,8,107,0,107
2138119,7,21,37,11,3,79,3,82
2138120,3,34,115,27,10,189,5,194
2138121,0,12,47,16,16,91,0,91
2138122,0,9,61,31,13,114,0,114
2138123,0,8,34,12,6,60,0,60
2138124,3,23,93,44,13,176,0,176
2138125,0,11,86,39,14,150,0,150
2138126,0,5,48,10,13,76,0,76
2138127,0,14,46,26,11,97,3,100
2138128,3,8,21,10,11,53,3,56
2138129,0,18,64,23,22,127,3,130
2138130,4,34,82,29,8,157,0,157
2138131,3,25,48,11,8,95,0,95
2138132,3,36,88,23,18,168,0,168
2138133,3,34,44,12,0,93,3,96
2138134,0,20,76,40,23,159,0,159
2138135,4,38,64,16,8,130,7,137
2138136,3,39,72,19,15,148,0,148
2138137,5,72,100,23,5,205,7,212
2138138,31,167,38,16,3,255,14,269
2138139,0,38,93,15,3,149,6,155
2138140,0,24,49,13,9,95,3,98
2138141,12,53,68,23,8,164,6,170
2138142,0,13,61,28,8,110,0,110
2138143,4,53,77,15,10,159,4,163
2138144,0,14,53,11,9,87,5,92
2138201,0,53,90,11,17,171,3,174
2138202,0,22,41,14,8,85,0,85
2138203,0,25,77,23,11,136,0,136
2138204,0,33,90,18,10,151,5,156
2138205,0,0,4,0,0,4,0,4
2138206,0,12,47,20,3,82,6,88
2138207,0,18,51,16,0,85,0,85
2138208,4,15,58,18,5,100,4,104
2138209,0,42,76,10,13,141,3,144
2138210,5,36,64,13,5,123,6,129
2138211,3,32,81,30,7,153,4,157
2138212,8,72,59,8,14,161,5,166
2138213,3,26,54,16,5,104,6,110
2138214,0,25,37,15,6,83,3,86
2138215,0,23,71,24,17,135,4,139
2138216,3,43,89,29,10,174,3,177
2138217,3,55,135,17,8,218,6,224
2138218,5,46,76,25,7,159,0,159
2138219,3,32,76,23,4,138,0,138
2138220,0,68,104,25,11,208,5,213
2138221,7,62,83,21,5,178,5,183
2138222,9,52,98,21,4,184,0,184
2138223,0,29,56,20,11,116,7,123
2138224,5,31,93,27,7,163,0,163
2138225,3,19,45,22,6,95,3,98
2138226,12,33,54,16,5,120,0,120
2138227,57,187,82,16,3,345,22,367
2138228,7,115,125,23,12,282,9,291
2138229,4,72,97,22,4,199,3,202
2138230,0,9,55,17,6,87,0,87
2138231,0,15,59,23,3,100,0,100
2138232,0,29,96,26,22,173,3,176
2138233,3,32,99,27,8,169,4,173
2138234,0,12,34,19,14,79,0,79
2138235,0,28,43,15,3,89,3,92
2138236,0,31,59,16,9,115,0,115
2138237,0,24,64,20,3,111,3,114
2138238,3,56,94,21,11,185,7,192
2138239,6,90,60,16,0,172,5,177
2138240,0,42,93,11,5,151,0,151
2138301,3,31,45,8,3,90,5,95
2138302,6,66,88,14,6,180,4,184
2138303,3,25,47,12,7,94,4,98
2138304,6,73,57,8,3,147,6,153
2138305,5,74,66,10,4,159,5,164
2138306,4,46,94,20,12,176,5,181
2138307,27,109,89,14,4,243,14,257
2138308,0,30,38,9,3,80,3,83
2138309,8,59,48,7,4,126,7,133
2138310,5,72,72,17,12,178,6,184
2138311,3,86,99,9,5,202,10,212
2138312,0,49,47,19,6,121,5,126
2138313,4,45,26,8,3,86,0,86
2138314,0,38,52,9,13,112,4,116
2138315,5,38,37,21,7,108,3,111
2138316,5,60,58,11,3,137,7,144
2138317,6,60,68,25,5,164,6,170
2138318,0,48,39,8,0,95,0,95
2138319,9,58,86,15,3,171,3,174
2138320,18,57,57,9,7,148,5,153
2138321,15,65,48,14,3,145,3,148
2138322,14,58,50,10,0,132,5,137
2138323,0,37,89,22,13,161,5,166
2138324,0,44,48,12,4,108,7,115
2138325,4,62,67,25,6,164,7,171
2138326,13,68,48,10,6,145,4,149
2138327,7,59,69,13,7,155,0,155
2138328,3,67,84,17,10,181,12,193
2138329,40,97,44,18,3,202,15,217
2138330,8,42,41,12,0,103,8,111
2138331,3,71,69,11,3,157,8,165
2138332,10,44,58,7,6,125,9,134
2138333,11,55,21,6,0,93,3,96
2138334,0,55,69,10,7,141,4,145
2138335,6,55,70,7,7,145,5,150
2138336,18,49,54,21,10,152,10,162
2138337,14,58,63,21,4,160,10,170
2138338,3,60,59,9,0,131,5,136
2138339,7,69,58,18,4,156,3,159
2138340,0,0,0,0,0,0,0,0
2138341,4,29,28,8,4,73,5,78
2138342,0,56,87,21,3,167,0,167
2138343,5,32,63,17,11,128,5,133
2138344,0,24,60,20,16,120,7,127
2138401,38,136,48,10,3,235,15,250
2138402,17,159,45,0,0,221,11,232
2138403,8,37,23,10,3,81,7,88
2138404,15,66,50,11,4,146,9,155
2138405,12,55,48,11,3,129,14,143
2138406,54,196,21,3,0,274,32,306
2138407,0,0,0,0,0,0,0,0
2138408,19,88,48,14,6,175,9,184
2138409,3,66,89,28,7,193,7,200
2138410,4,37,60,15,4,120,0,120
2138411,3,39,54,14,9,119,5,124
2138412,7,32,53,14,6,112,3,115
2138413,0,39,54,21,14,128,5,133
2138414,22,110,65,22,3,222,16,238
2138415,7,39,24,3,0,73,4,77
2138416,25,92,51,10,3,181,15,196
2138417,15,66,33,4,7,125,6,131
2138418,25,136,65,10,3,239,29,268
2138419,44,144,28,3,7,226,23,249
2138420,25,109,59,11,7,211,14,225
2138421,5,53,68,15,11,152,7,159
2138422,4,23,40,15,3,85,3,88
2138423,4,87,132,37,15,275,7,282
2138424,3,33,85,30,8,159,0,159
2138425,4,39,86,22,9,160,5,165
2138426,5,50,46,14,7,122,8,130
2138427,26,101,21,3,4,155,13,168
2138428,33,86,27,0,0,146,5,151
2138429,43,119,46,7,5,220,17,237
2138430,47,100,40,0,0,187,12,199
2138431,38,110,62,9,7,226,17,243
2138432,3,34,56,17,9,119,0,119
2138433,3,40,31,3,6,83,10,93
2138434,23,109,79,15,8,234,13,247
2138435,18,105,65,10,3,201,9,210
2138436,0,23,60,26,10,119,3,122
2138437,5,17,48,22,10,102,0,102
2138438,0,28,45,18,14,105,3,108
2138439,0,30,39,12,6,87,4,91
2138440,0,53,62,24,3,142,5,147
2138441,17,97,56,13,0,183,14,197
2138442,9,70,65,9,8,161,6,167
2138443,22,104,67,15,7,215,10,225
2138444,15,85,41,6,0,147,17,164
2138445,13,80,27,9,0,129,12,141
2138446,7,52,43,10,0,112,0,112
2138447,3,42,82,16,18,161,7,168
2138448,3,26,141,26,5,201,0,201
2138449,5,28,32,14,3,82,4,86
2138450,9,69,60,16,5,159,10,169
2138501,4,16,38,19,20,97,0,97
2138502,0,9,31,26,21,87,3,90
2138503,8,66,65,28,12,179,10,189
2138504,10,51,73,19,9,162,3,165
2138505,3,45,42,16,4,110,3,113
2138506,0,12,35,25,21,93,0,93
2138507,0,5,23,21,16,65,4,69
2138508,5,67,69,28,10,179,8,187
2138509,0,11,39,12,24,86,0,86
2138510,3,20,54,9,11,97,4,101
2138511,3,47,50,12,7,119,5,124
2138512,0,19,56,11,7,93,3,96
2138513,0,32,63,23,4,122,4,126
2138514,13,90,59,21,4,187,4,191
2138515,0,12,41,21,6,80,3,83
2138516,4,43,82,22,14,165,4,169
2138517,19,95,73,34,9,230,8,238
2138518,4,29,57,14,10,114,6,120
2138519,3,20,69,27,19,138,3,141
2138520,53,83,22,19,4,181,18,199
2138521,9,38,47,17,3,114,3,117
2138522,4,17,38,23,21,103,3,106
2138523,0,57,76,28,5,166,8,174
2138524,11,50,37,7,9,114,9,123
2138525,0,54,55,32,13,154,0,154
2138526,5,39,51,9,3,107,8,115
2138527,0,23,70,42,11,146,3,149
2138528,6,43,75,26,9,159,3,162
2138529,10,71,102,41,25,249,3,252
2138530,7,37,43,9,10,106,3,109
2138531,3,6,44,27,23,103,4,107
2138532,0,29,54,28,23,134,7,141
2138533,12,47,83,13,7,162,4,166
2138534,4,17,56,24,20,121,5,126
2138535,3,40,77,31,19,170,7,177
2138536,3,17,38,25,20,103,3,106
2138537,0,67,118,24,14,223,8,231
2138538,0,12,36,21,27,96,0,96
2138539,0,20,40,24,13,97,0,97
2138540,0,12,49,23,23,107,0,107
2138541,3,15,35,21,16,90,0,90
2138542,3,43,68,18,3,135,7,142
2138543,4,58,54,10,6,132,3,135
2138544,0,9,33,19,18,79,0,79
2138545,4,8,25,14,14,65,0,65
2138546,4,32,47,17,25,125,0,125
2138547,0,5,34,21,11,71,5,76
2138601,0,16,20,8,3,47,0,47
2138602,8,56,42,10,3,119,8,127
2138603,11,51,37,11,6,116,3,119
2138604,34,53,48,10,3,148,4,152
2138605,8,27,32,12,3,82,5,87
2138606,15,61,48,12,7,143,10,153
2138607,9,44,37,11,0,101,8,109
2138608,28,65,41,10,9,153,9,162
2138609,11,47,53,10,3,124,5,129
2138610,22,50,40,13,3,128,3,131
2138611,11,46,27,8,3,95,4,99
2138612,15,85,92,25,3,220,6,226
2138613,5,65,60,13,3,146,3,149
2138614,3,57,65,21,9,155,6,161
2138615,0,10,25,21,9,65,0,65
2138616,5,21,64,28,18,136,0,136
2138617,9,39,45,18,3,114,3,117
2138618,12,57,30,0,3,102,5,107
2138619,22,46,47,20,3,138,4,142
2138620,5,39,49,13,3,109,6,115
2138621,19,69,69,23,11,191,3,194
2138622,29,53,29,3,0,114,5,119
2138623,30,63,75,18,9,195,9,204
2138624,0,5,0,4,5,14,0,14
2138701,4,35,50,25,17,131,6,137
2138702,0,42,71,25,5,143,7,150
2138703,4,14,46,16,14,94,3,97
2138704,0,22,35,30,15,102,0,102
2138705,0,11,37,30,35,113,3,116
2138706,3,18,56,19,27,123,9,132
2138707,3,24,49,29,21,126,0,126
2138708,0,17,49,23,33,122,3,125
2138709,3,22,34,5,6,70,5,75
2138710,6,62,41,6,3,118,5,123
2138801,4,21,65,30,22,142,0,142
2138802,19,68,51,6,3,147,9,156
2138803,25,90,45,12,5,177,7,184
2138804,17,86,87,29,7,226,7,233
2138805,18,104,57,14,6,199,7,206
2138806,9,64,74,26,8,181,4,185
2138807,32,95,79,27,7,240,7,247
2138808,27,85,53,13,6,184,7,191
2138809,16,73,35,17,3,144,11,155
2138810,36,64,36,8,3,147,3,150
2138811,9,57,51,10,3,130,7,137
2138812,23,84,70,23,8,208,8,216
2138813,16,66,81,22,14,199,3,202
2138814,3,53,71,22,12,161,0,161
2138815,6,25,36,18,10,95,4,99
2138816,5,68,94,22,8,197,5,202
2138817,28,80,126,35,16,285,14,299
2138818,3,14,66,29,12,124,4,128
2138819,3,7,47,23,21,101,5,106
2138820,0,6,34,17,16,73,0,73
2138821,39,126,55,15,5,240,11,251
2138822,22,72,61,16,11,182,3,185
2138823,17,95,106,33,5,256,11,267
2138824,5,45,79,20,6,155,4,159
2138825,0,41,66,13,0,120,3,123
2138826,3,40,63,12,7,125,0,125
2138827,0,15,32,19,7,73,0,73
2138828,3,55,142,30,17,247,3,250
2138829,10,37,67,24,16,154,0,154
2138830,14,65,61,10,5,155,4,159
2138831,47,77,41,8,0,173,15,188
2138832,27,98,49,15,6,195,6,201
2138833,19,84,46,12,3,164,5,169
2138834,18,60,36,13,3,130,3,133
2138835,13,70,57,15,8,163,4,167
2138836,10,81,72,23,5,191,10,201
2138837,5,52,60,12,7,136,4,140
2138901,0,28,34,13,22,97,0,97
2138902,0,13,30,15,19,77,4,81
2138903,0,24,40,25,27,116,5,121
2138904,0,8,51,34,17,110,3,113
2138905,3,4,28,23,18,76,3,79
2138906,0,16,27,18,17,78,3,81
2138907,10,68,44,25,12,159,5,164
2138908,0,20,52,20,22,114,5,119
2138909,3,22,28,13,9,75,3,78
2138910,7,16,48,20,20,111,3,114
2138911,0,22,45,26,13,106,3,109
2138912,5,0,35,13,29,82,0,82
2139001,7,35,41,13,4,100,5,105
2139002,6,39,39,14,7,105,4,109
2139003,10,47,44,15,5,121,0,121
2139004,0,9,29,23,26,87,0,87
2139005,0,6,28,17,19,70,5,75
2139006,0,4,7,4,0,15,0,15
2139007,3,16,27,21,28,95,3,98
2139008,0,0,0,0,0,0,0,0
2139009,0,17,28,21,31,97,4,101
2139010,0,16,44,23,22,105,0,105
2139011,5,5,31,17,26,84,3,87
2139012,4,21,31,18,20,94,3,97
2139013,0,28,41,21,18,108,7,115
2139014,12,27,43,10,8,100,3,103
2139015,7,31,38,11,3,90,5,95
2139016,13,70,68,15,12,178,0,178
2139017,11,60,56,11,3,141,4,145
2139018,0,23,21,7,0,51,0,51
2139019,8,76,70,27,8,189,5,194
2139020,20,43,34,9,4,110,7,117
2139021,4,41,45,11,7,108,3,111
2139022,14,46,57,18,4,139,0,139
2139023,14,31,30,10,4,89,6,95
2139024,12,38,34,14,5,103,5,108
2139025,0,20,25,9,3,57,5,62
2139026,3,35,36,8,4,86,3,89
2139027,4,39,43,13,9,108,8,116
2139028,20,43,41,5,3,112,4,116
2139029,0,3,26,18,21,68,0,68
2139030,0,0,0,0,0,0,0,0
2139101,3,15,28,6,9,61,3,64
2139102,36,95,70,17,5,223,15,238
2139103,16,85,81,30,8,220,7,227
2139104,31,63,47,14,3,158,6,164
2139105,9,30,62,15,5,121,0,121
2139106,3,17,59,20,22,121,7,128
2139107,4,30,60,27,30,151,4,155
2139108,0,21,38,16,16,91,0,91
2139109,11,32,37,23,7,110,7,117
2139110,4,27,62,30,28,151,0,151
2139201,0,17,24,14,5,60,0,60
2139202,37,97,54,12,0,200,16,216
2139203,0,10,31,21,4,66,0,66
2139204,5,75,70,19,8,177,12,189
2139205,0,19,52,26,16,113,0,113
2139206,3,20,40,17,21,101,0,101
2139207,0,10,28,16,11,65,0,65
2139208,15,71,40,7,10,143,9,152
2139209,7,43,51,14,8,123,0,123
2139210,15,48,43,11,3,120,3,123
2139211,0,19,56,26,16,117,35,152
2139212,0,16,47,27,28,118,3,121
2139213,12,38,43,13,6,112,0,112
2139214,11,57,37,8,0,113,3,116
2139215,7,52,31,10,11,111,4,115
2139216,3,36,46,32,11,128,6,134
2139217,18,55,59,15,7,154,5,159
2139218,8,49,57,19,4,137,5,142
2139219,11,45,64,10,3,133,6,139
2139220,29,94,65,20,6,214,14,228
2139221,8,32,34,5,4,83,0,83
2139222,16,68,57,14,4,159,3,162
2139223,20,69,50,11,3,153,7,160
2139224,12,54,37,9,4,116,3,119
2139225,15,30,26,7,3,81,3,84
2139226,3,21,33,10,3,70,4,74
2139301,0,22,31,18,11,82,0,82
2139302,0,20,39,21,14,94,4,98
2139303,6,37,56,23,13,135,4,139
2139304,0,5,31,20,16,72,0,72
2139305,0,24,52,39,33,148,8,156
2139306,3,48,50,27,11,139,0,139
2139307,3,10,31,25,19,88,3,91
2139308,9,50,34,7,3,103,11,114
2139309,4,45,31,10,9,99,3,102
2139310,21,79,78,21,9,208,7,215
2139401,17,70,44,27,5,163,7,170
2139402,0,17,51,31,43,142,6,148
2139403,0,18,39,20,19,96,4,100
2139404,0,25,42,35,47,149,0,149
2139405,11,75,67,18,4,175,11,186
2139406,10,52,44,13,8,127,10,137
2139407,14,64,67,22,4,171,13,184
2139408,18,77,49,20,11,175,8,183
2139409,18,88,44,14,7,171,8,179
2139410,16,71,71,23,7,188,11,199
2139411,5,44,54,16,9,128,3,131
2139412,10,66,55,14,3,148,5,153
2139413,0,10,20,22,13,65,3,68
2139414,0,9,20,19,15,63,0,63
2139415,0,8,32,20,18,78,0,78
2139416,7,53,41,19,6,126,11,137
2139417,5,42,22,7,3,79,6,85
2139418,6,40,28,9,3,86,6,92
2139419,4,32,48,31,37,152,6,158
2139420,29,54,33,7,6,129,5,134
2139421,6,38,36,13,4,97,3,100
2139501,9,46,58,18,7,138,0,138
2139502,0,20,56,29,18,123,4,127
2139503,0,23,29,29,14,95,3,98
2139504,6,19,56,34,19,134,5,139
2139505,15,76,51,13,3,158,7,165
2139506,0,36,62,34,27,159,5,164
2139507,3,26,57,26,10,122,3,125
2139508,3,32,33,9,3,80,3,83
2139509,0,10,43,15,10,78,3,81
2139510,9,83,159,57,48,356,8,364
2139511,0,7,20,12,5,44,0,44
2139512,0,4,44,14,13,75,3,78
2139513,3,36,63,32,20,154,4,158
2139514,3,40,51,13,3,110,7,117
2139515,5,25,22,11,0,63,8,71
2139516,3,27,51,17,16,114,0,114
2139517,4,20,57,15,3,99,3,102
2139518,0,0,0,0,0,0,0,0
2139519,0,0,0,0,0,0,0,0
2139520,3,11,33,11,6,64,0,64
2139601,4,33,44,11,3,95,3,98
2139602,0,7,24,7,6,44,0,44
2139603,0,31,71,35,19,156,5,161
2139604,4,26,44,24,13,111,3,114
2139605,5,35,89,37,27,193,3,196
2139606,3,24,80,30,19,156,3,159
2139607,5,22,57,18,11,113,0,113
2139608,22,64,51,12,3,152,14,166
2139609,0,15,40,27,6,88,0,88
2139610,4,12,15,11,4,46,0,46
2139611,13,32,28,3,4,80,11,91
2139612,11,47,42,14,7,121,4,125
2139613,7,60,31,13,6,117,8,125
2139614,12,54,48,18,3,135,5,140
2139615,3,13,13,13,10,52,0,52
2139701,13,79,69,7,4,172,10,182
2139702,9,67,101,23,3,203,10,213
2139703,3,49,54,12,3,121,4,125
2139704,3,25,50,10,7,95,3,98
2139705,9,52,76,21,4,162,4,166
2139706,9,56,72,10,6,153,4,157
2139707,3,28,55,17,3,106,9,115
2139708,39,74,44,17,9,183,15,198
2139709,22,79,80,19,9,209,11,220
2139710,20,44,34,14,7,119,20,139
2139711,40,63,24,7,0,134,9,143
2139712,21,63,43,17,5,149,10,159
2139713,39,59,44,16,0,158,7,165
2139714,15,45,73,14,4,151,5,156
2139715,6,76,87,18,5,192,3,195
2139716,22,108,102,18,7,257,11,268
2139717,10,43,91,35,21,200,5,205
2139718,48,56,28,5,0,137,14,151
2139719,3,66,58,27,4,158,4,162
2139720,18,75,25,6,3,127,12,139
2139721,18,72,57,16,0,163,6,169
2139722,23,53,45,10,3,134,6,140
2139723,20,45,31,10,0,106,8,114
2139724,25,58,45,18,3,149,8,157
2139725,35,93,57,9,7,201,16,217
2139726,31,70,39,7,0,147,13,160
2139727,20,90,58,12,0,180,23,203
2139728,21,66,59,10,4,160,6,166
2139729,11,98,68,22,0,199,5,204
2139730,12,54,48,13,7,134,3,137
2139731,30,80,48,10,4,172,12,184
2139732,33,86,39,12,4,174,6,180
2139733,20,53,41,10,6,130,3,133
2139734,14,81,54,10,3,162,18,180
2139735,10,31,24,6,0,71,3,74
2139736,24,57,31,9,5,126,4,130
2139737,9,39,51,20,14,133,7,140
2139738,22,61,39,3,3,128,4,132
2139739,23,94,53,6,3,179,11,190
2139740,8,50,39,11,3,111,3,114
2139741,18,67,61,15,3,164,11,175
2139742,15,58,44,6,6,129,9,138
2139743,21,90,66,15,0,192,17,209
2139744,13,66,86,27,6,198,36,234
2139745,41,50,21,4,3,119,7,126
2139746,25,91,62,16,4,198,12,210
2139747,12,36,24,9,0,81,3,84
2139748,4,60,58,13,3,138,3,141
2139749,26,72,50,14,5,167,5,172
2139750,3,59,108,23,9,202,6,208
2139751,3,87,155,41,7,293,3,296
2139752,9,86,161,48,15,319,5,324
2139753,32,93,35,7,3,170,19,189
2139754,20,74,49,4,4,151,9,160
2139755,29,81,48,16,3,177,16,193
2139756,12,46,30,13,0,101,4,105
2139757,4,71,74,13,7,169,10,179
2139758,4,45,49,9,5,112,4,116
2139759,3,33,48,9,3,96,3,99
2139760,32,93,65,13,7,210,9,219
2139761,12,59,58,9,0,138,5,143
2139762,13,55,59,17,4,148,10,158
2139763,0,10,26,18,10,64,3,67
2139764,16,47,45,23,20,151,6,157
2139765,19,58,42,8,5,132,4,136
2139766,30,61,38,6,3,138,4,142
2139767,10,35,25,4,0,74,0,74
2139768,12,34,47,16,3,112,0,112
2139769,9,11,18,4,4,46,3,49
2139770,9,31,36,13,0,89,4,93
2139771,4,44,83,39,23,193,9,202
2139772,6,50,112,21,13,202,3,205
2139773,5,42,52,3,3,105,4,109
2139774,4,48,58,20,13,143,5,148
2139801,3,18,38,18,3,80,0,80
2139802,17,90,66,37,5,215,8,223
2139803,9,29,49,25,18,130,6,136
2139804,0,0,0,0,0,0,0,0
2139805,0,0,3,0,0,3,0,3
2139806,11,45,48,17,7,128,6,134
2139807,7,33,35,20,6,101,4,105
2139808,0,5,0,0,0,5,0,5
2139809,0,6,14,8,11,39,0,39
2139810,9,24,20,9,5,67,0,67
2139811,4,29,38,48,32,151,5,156
2139812,0,16,39,31,45,131,3,134
2139813,6,33,38,18,22,117,3,120
2139814,3,45,36,11,5,100,6,106
2139815,3,25,66,27,19,140,3,143
2139901,0,0,0,0,0,0,0,0
2139902,4,24,44,16,12,100,3,103
2139903,4,27,32,11,0,74,0,74
2139904,12,38,29,9,3,91,5,96
2139905,11,54,23,5,3,96,4,100
2139906,16,40,30,9,0,95,6,101
2139907,13,41,19,6,3,82,0,82
2139908,3,28,46,19,17,113,4,117
2139909,11,32,55,27,11,136,10,146
2139910,4,30,62,25,19,140,0,140
2139911,16,52,94,52,25,239,3,242
2139912,0,28,48,32,19,127,6,133
2139913,21,61,41,9,3,135,6,141
2139914,18,73,59,23,3,176,6,182
2139915,6,43,68,10,3,130,7,137
2139916,3,30,37,11,6,87,3,90
2139917,0,16,52,19,12,99,4,103
2140001,10,38,46,10,5,109,4,113
2140002,0,40,28,9,0,77,0,77
2140003,0,15,29,12,29,85,3,88
2140004,3,31,42,5,6,87,0,87
2140005,8,34,37,12,5,96,4,100
2140006,18,71,53,17,7,166,10,176
2140007,14,65,63,15,12,169,3,172
2140008,4,40,45,14,0,103,8,111
2140009,0,16,44,17,39,116,5,121
2140010,0,4,21,16,18,59,5,64
2140011,5,33,60,35,28,161,4,165
2140012,17,47,49,14,8,135,6,141
2140013,16,48,41,13,7,125,3,128
2140014,14,54,29,14,12,123,16,139
2140015,16,38,48,14,6,122,6,128
2140016,0,19,35,27,28,109,7,116
2140017,3,30,42,17,30,122,3,125
2140018,19,65,67,14,13,178,9,187
2140019,8,35,40,20,28,131,3,134
2140020,10,65,51,9,4,139,3,142
2140021,7,34,47,15,4,107,4,111
2140101,5,37,38,7,3,90,4,94
2140102,6,35,38,7,3,89,4,93
2140103,16,50,41,11,3,121,7,128
2140104,6,42,43,7,3,101,5,106
2140105,7,31,41,17,9,105,6,111
2140106,14,66,78,26,11,195,7,202
2140107,6,47,60,9,5,127,9,136
2140108,0,14,29,20,15,78,0,78
2140109,0,9,16,8,16,49,4,53
2140110,8,26,70,27,6,137,3,140
2140111,0,19,27,10,5,61,4,65
2140112,6,27,29,21,20,103,3,106
2140113,4,15,50,26,16,111,4,115
2140114,0,32,87,33,25,177,8,185
2140115,0,9,21,3,4,37,0,37
2140116,3,12,26,17,10,68,3,71
2140117,0,31,38,24,22,115,0,115
2140118,0,26,65,18,15,124,4,128
2140119,0,10,19,21,9,59,0,59
2140120,3,67,69,19,3,161,11,172
2140121,0,29,52,5,7,93,5,98
2140122,19,82,70,8,4,183,7,190
2140123,0,17,41,12,9,79,0,79
2140201,7,35,57,3,7,109,5,114
2140202,24,81,35,7,3,150,6,156
2140203,16,56,35,16,4,127,6,133
2140204,33,78,75,24,4,214,12,226
2140205,0,4,15,10,5,34,0,34
2140206,11,58,43,17,3,132,3,135
2140207,0,18,34,3,6,61,0,61
2140208,16,66,51,15,3,151,10,161
2140209,13,53,45,6,4,121,13,134
2140210,0,17,26,17,5,65,0,65
2140211,0,17,18,7,10,52,4,56
2140212,6,65,57,24,8,160,8,168
2140213,7,61,59,13,4,144,8,152
2140301,25,42,31,8,0,106,10,116
2140302,22,40,53,15,7,137,10,147
2140303,0,0,0,0,0,0,0,0
2140304,37,24,23,9,0,93,13,106
2140305,12,24,55,22,20,133,12,145
2140306,9,30,39,17,8,103,0,103
2140307,4,7,16,15,8,50,3,53
2140308,6,18,37,30,15,106,9,115
2140309,4,38,29,3,0,74,5,79
2140310,9,16,29,17,7,78,8,86
2140311,24,53,54,14,5,150,25,175
2140312,0,0,0,0,0,0,0,0
2140401,18,92,64,6,5,185,8,193
2140402,7,91,100,33,7,238,3,241
2140403,7,38,43,6,4,98,4,102
2140404,9,32,45,6,3,95,4,99
2140405,8,48,59,21,10,146,3,149
2140406,5,33,31,10,8,87,0,87
2140407,17,60,41,7,3,128,3,131
2140408,28,77,43,9,0,157,5,162
2140409,13,36,39,10,3,101,0,101
2140410,11,71,96,24,5,207,4,211
2140411,0,10,21,14,14,59,0,59
2140412,6,27,48,20,15,116,4,120
2140413,16,71,59,13,6,165,10,175
2140414,19,84,68,14,11,196,5,201
2140415,19,53,48,8,5,133,6,139
2140416,47,101,59,13,3,223,13,236
2140417,18,68,67,12,0,165,9,174
2140418,0,26,41,17,7,91,4,95
2140419,8,61,82,22,17,190,3,193
2140420,3,48,77,31,10,169,4,173
2140421,26,84,22,3,3,138,12,150
2140422,22,69,65,8,4,168,8,176
2140423,0,12,31,19,13,75,3,78
2140424,14,70,50,8,5,147,7,154
2140425,35,78,80,13,3,209,14,223
2140426,15,54,61,21,4,155,5,160
2140427,9,38,24,8,0,79,3,82
2140501,4,23,43,19,21,110,3,113
2140502,4,9,19,12,6,50,4,54
2140503,3,27,43,20,25,118,8,126
2140504,0,12,43,29,12,96,0,96
2140505,6,40,84,33,21,184,11,195
2140506,0,6,31,10,10,57,0,57
2140507,0,28,30,22,18,98,3,101
2140508,5,13,40,11,11,80,10,90
2140509,0,14,27,19,16,76,3,79
2140510,0,5,24,9,10,48,3,51
2140511,12,36,52,11,4,115,6,121
2140512,0,33,47,23,8,111,3,114
2140513,4,47,34,13,0,98,6,104
2140514,0,16,35,16,12,79,5,84
2140515,9,18,44,18,28,117,3,120
2140516,5,40,29,18,9,101,3,104
2140517,4,36,24,12,0,76,6,82
2140518,11,36,65,17,15,144,7,151
2140519,3,27,44,21,14,109,4,113
2140520,0,26,60,29,15,130,3,133
2140521,4,33,62,21,5,125,5,130
2140522,6,10,33,5,11,65,3,68
2140523,7,19,28,18,5,77,11,88
2140601,25,91,34,14,3,167,7,174
2140602,21,96,84,27,7,235,6,241
2140603,17,55,50,7,0,129,8,137
2140604,41,75,58,18,6,198,20,218
2140605,6,42,31,9,0,88,3,91
2140606,4,36,37,14,3,94,4,98
2140607,7,68,96,22,8,201,8,209
2140608,0,0,0,0,0,0,0,0
2140609,18,70,29,13,0,130,6,136
2140610,12,48,24,12,3,99,3,102
2140611,16,60,24,3,3,106,8,114
2140612,20,60,60,8,9,157,3,160
2140613,6,36,37,14,0,93,3,96
2140614,10,45,35,12,0,102,3,105
2140615,6,30,54,14,3,107,6,113
2140616,0,57,78,23,10,168,3,171
2140617,9,74,101,23,10,217,3,220
2140618,6,44,50,10,3,113,3,116
2140619,28,82,55,16,3,184,9,193
2140620,18,63,48,7,6,142,10,152
2140621,30,78,52,15,0,175,11,186
2140622,8,19,48,20,15,110,5,115
2140623,22,70,62,7,7,168,0,168
2140624,10,48,59,5,5,127,4,131
2140625,18,57,48,14,0,137,8,145
2140626,8,71,74,19,8,180,5,185
2140627,0,13,89,24,17,143,4,147
2140628,0,0,0,0,0,0,0,0
2140629,10,71,101,21,6,209,13,222
2140630,0,19,59,27,24,129,6,135
2140631,0,34,43,22,21,120,3,123
2140632,4,6,15,9,8,42,0,42
2140633,4,34,36,12,5,91,0,91
2140634,3,77,103,29,8,220,3,223
2140635,0,47,118,30,12,207,0,207
2140636,0,8,26,13,10,57,3,60
2140637,0,12,30,15,6,63,3,66
2140638,3,46,38,13,0,100,3,103
2140639,0,12,43,25,18,98,4,102
2140640,3,6,56,27,19,111,4,115
2140701,9,50,37,14,4,114,5,119
2140702,16,46,65,17,11,155,4,159
2140703,4,39,52,14,4,113,5,118
2140704,20,74,51,19,4,168,3,171
2140705,9,42,47,13,3,114,4,118
2140706,13,69,42,18,3,145,5,150
2140707,7,42,49,20,11,129,9,138
2140708,19,78,51,7,3,158,3,161
2140709,13,69,66,15,14,177,7,184
2140710,24,89,46,4,7,170,15,185
2140711,3,38,95,36,41,213,13,226
2140712,0,23,49,31,19,122,5,127
2140713,0,18,48,35,13,114,0,114
2140714,0,0,0,0,0,0,0,0
2140715,0,24,54,15,17,110,3,113
2140716,3,14,59,28,26,130,3,133
2140717,0,23,55,24,19,121,3,124
2140718,4,59,67,21,3,154,7,161
2140719,14,83,65,25,7,194,8,202
2140720,3,33,24,11,7,78,0,78
2140721,7,48,60,16,13,144,5,149
2140722,25,93,79,21,6,224,10,234
2140723,4,16,53,30,19,122,4,126
2140724,36,66,36,5,3,146,8,154
2140725,12,61,37,18,6,134,5,139
2140726,0,13,53,35,22,123,3,126
2140727,5,16,48,17,10,96,0,96
2140728,0,11,30,19,9,69,0,69
2140729,0,3,15,15,11,44,3,47
2140730,20,53,34,7,3,117,8,125
2140801,10,68,49,14,6,147,5,152
2140802,3,10,18,18,16,65,4,69
2140803,0,25,49,30,22,126,3,129
2140804,0,13,43,14,11,81,0,81
2140805,3,10,45,22,16,96,0,96
2140806,9,39,51,10,5,114,6,120
2140807,0,20,55,31,15,121,4,125
2140808,4,23,56,34,18,135,4,139
2140809,0,12,30,11,10,63,3,66
2140810,0,7,55,6,11,79,0,79
2140811,0,23,34,15,20,92,0,92
2140812,3,18,35,21,16,93,3,96
2140813,3,12,25,18,5,63,3,66
2140901,10,63,41,11,9,134,6,140
2140902,0,17,36,18,18,89,0,89
2140903,20,61,42,15,3,141,18,159
2140904,19,74,78,26,3,200,3,203
2140905,3,65,69,22,8,167,4,171
2140906,13,53,40,10,9,125,4,129
2140907,0,15,57,33,22,127,3,130
2140908,13,45,41,17,5,121,8,129
2140909,3,26,64,25,10,128,6,134
2140910,0,33,64,38,28,163,4,167
2140911,0,0,0,0,0,0,0,0
2141001,3,42,52,37,29,163,3,166
2141002,5,25,48,21,14,113,8,121
2141003,3,28,47,32,18,128,3,131
2141004,0,20,53,21,18,112,0,112
2141005,3,27,25,25,19,99,7,106
2141006,3,26,54,37,20,140,3,143
2141007,3,43,48,11,11,116,5,121
2141008,15,73,64,14,6,172,9,181
2141009,11,37,40,7,4,99,3,102
2141010,0,42,26,7,0,75,3,78
2141011,5,21,26,10,4,66,0,66
2141012,7,71,51,9,5,143,4,147
2141013,0,12,17,9,5,43,3,46
2141014,0,26,46,23,8,103,5,108
2141101,3,53,60,12,0,128,0,128
2141102,4,37,40,10,4,95,4,99
2141103,8,28,41,13,8,98,0,98
2141104,0,19,30,16,8,73,0,73
2141105,10,38,54,37,15,154,7,161
2141106,9,47,60,15,3,134,7,141
2141107,44,91,32,11,3,181,11,192
2141108,10,82,60,25,9,186,4,190
2141109,23,80,68,25,9,205,7,212
2141110,25,161,47,11,4,248,22,270
2141111,13,39,13,9,3,77,6,83
2141112,20,41,41,6,7,115,7,122
2141113,19,54,58,13,4,148,0,148
2141114,14,54,53,14,7,142,4,146
2141115,0,43,86,21,13,163,4,167
2141116,11,36,33,11,0,91,4,95
2141117,0,10,36,16,8,70,0,70
2141201,0,18,34,26,17,95,6,101
2141202,10,56,49,12,3,130,0,130
2141203,0,25,47,27,29,128,4,132
2141204,0,15,36,20,23,94,3,97
2141205,4,37,38,7,4,90,3,93
2141206,3,16,38,22,13,92,8,100
2141207,3,28,53,26,10,120,3,123
2141208,0,16,22,15,16,69,5,74
2141209,0,16,59,31,18,124,0,124
2141301,0,23,50,35,14,122,3,125
2141302,0,8,53,21,27,109,4,113
2141303,0,5,25,10,13,53,0,53
2141304,0,23,45,19,22,109,3,112
2141305,0,10,11,4,13,38,0,38
2141306,0,8,20,13,12,53,3,56
2141307,0,23,67,40,19,149,4,153
2141308,3,34,78,38,19,172,0,172
2141309,7,40,45,28,20,140,0,140
2141310,0,9,21,11,13,54,0,54
2141311,0,9,18,18,12,57,0,57
2141312,0,8,35,21,21,85,0,85
2141313,0,15,42,22,19,98,5,103
2141314,3,37,66,36,13,155,3,158
2141315,4,28,17,12,3,64,9,73
2141316,4,29,28,18,9,88,6,94
2141317,7,38,40,10,6,101,5,106
2141318,15,66,50,15,6,152,5,157
2141319,10,83,77,9,5,184,3,187
2141320,3,27,31,14,9,84,5,89
2141321,3,52,42,22,9,128,4,132
2141322,28,84,30,10,5,157,3,160
2141323,27,93,48,24,15,207,8,215
2141324,10,70,52,16,9,157,3,160
2141325,0,16,35,13,16,80,3,83
2141326,0,19,36,18,16,89,3,92
2141327,4,23,53,29,20,129,3,132
2141328,4,13,36,23,10,86,3,89
2141329,3,30,67,36,20,156,0,156
2141330,5,48,94,32,8,187,0,187
2141331,15,91,77,19,5,207,12,219
2141332,19,84,70,16,10,199,17,216
2141333,16,71,55,25,10,177,10,187
2141334,8,44,35,11,3,101,3,104
2141335,4,57,79,24,11,175,14,189
2141336,6,43,37,17,13,116,11,127
2141337,0,0,0,0,0,0,0,0
2141338,7,27,31,10,4,79,3,82
2141401,0,59,82,11,9,161,3,164
2141402,11,86,46,14,0,157,13,170
2141403,4,37,27,9,0,77,4,81
2141404,26,78,48,15,4,171,10,181
2141405,17,78,32,11,3,141,3,144
2141406,24,95,61,16,5,201,3,204
2141407,3,52,54,17,18,144,8,152
2141408,20,98,47,6,4,175,11,186
2141409,34,99,66,17,3,219,13,232
2141410,0,18,26,21,20,85,0,85
2141411,6,42,97,21,8,174,10,184
2141412,3,82,135,34,7,261,7,268
2141413,4,64,40,13,0,121,3,124
2141414,3,18,39,30,8,98,0,98
2141415,4,34,47,9,5,99,0,99
2141416,0,45,49,12,3,109,0,109
2141417,9,94,77,9,3,192,12,204
2141418,0,0,6,0,0,6,0,6
2141501,46,112,40,13,3,214,10,224
2141502,14,54,42,18,3,131,7,138
2141503,12,54,25,13,5,109,9,118
2141504,15,72,48,8,0,143,12,155
2141505,23,21,17,5,5,71,5,76
2141506,9,74,73,9,4,169,8,177
2141507,9,83,76,18,5,191,9,200
2141508,7,58,53,18,8,144,3,147
2141509,8,48,82,23,4,165,4,169
2141510,3,41,27,8,6,85,7,92
2141511,11,59,63,19,6,158,0,158
2141512,5,54,84,25,3,171,3,174
2141513,19,87,91,28,8,233,11,244
2141514,8,37,49,5,4,103,6,109
2141515,19,74,43,9,5,150,9,159
2141516,31,91,68,10,6,206,8,214
2141517,4,46,86,33,16,185,3,188
2141518,0,9,19,9,4,41,0,41
2141519,20,82,51,17,6,176,8,184
2141520,9,38,42,7,0,96,7,103
2141601,3,6,58,33,28,128,3,131
2141602,0,26,82,29,17,154,3,157
2141603,23,36,25,10,4,98,5,103
2141604,0,33,68,14,5,120,0,120
2141605,12,40,21,9,3,85,5,90
2141606,6,47,65,18,5,141,0,141
2141607,3,49,70,19,3,144,3,147
2141608,3,38,74,30,14,159,3,162
2141609,6,54,90,28,13,191,6,197
2141610,0,23,64,27,7,121,3,124
2141611,3,15,66,27,22,133,0,133
2141612,4,22,38,13,13,90,3,93
2141613,0,0,0,0,0,0,0,0
2141614,16,41,28,10,3,98,0,98
2141615,11,44,44,16,4,119,0,119
2141616,6,64,61,15,0,146,8,154
2141617,0,17,59,14,4,94,5,99
2141618,29,56,22,10,5,122,11,133
2141619,24,78,53,13,0,168,9,177
2141620,16,71,49,12,4,152,6,158
2141621,38,80,45,9,0,172,13,185
2141622,5,40,143,26,16,230,6,236
2141623,27,103,76,17,7,230,5,235
2141624,20,47,41,4,3,115,7,122
2141625,11,60,46,8,0,125,3,128
2141626,15,70,38,11,3,137,16,153
2141627,12,50,49,4,7,122,13,135
2141628,36,84,26,9,6,161,11,172
2141629,39,59,17,6,0,121,15,136
2141630,24,73,46,13,7,163,4,167
2141631,15,71,39,5,0,130,4,134
2141632,19,84,78,15,6,202,5,207
2141633,17,41,24,4,7,93,10,103
2141634,40,117,40,5,0,202,8,210
2141635,17,81,81,21,3,203,4,207
2141636,37,91,46,6,3,183,12,195
2141637,4,25,64,19,18,130,0,130
2141638,5,66,70,26,11,178,0,178
2141639,5,48,82,31,4,170,4,174
2141640,0,28,34,8,3,73,0,73
2141641,3,41,58,26,11,139,4,143
2141642,26,65,41,9,4,145,10,155
2141643,19,38,23,5,0,85,4,89
2141644,3,59,60,14,3,139,10,149
2141701,8,46,71,25,10,160,5,165
2141702,6,52,65,28,8,159,3,162
2141703,19,76,50,8,9,162,10,172
2141704,16,66,50,17,3,152,16,168
2141705,21,67,53,12,7,160,6,166
2141706,19,63,45,14,0,141,0,141
2141707,13,48,75,28,9,173,16,189
2141708,10,56,32,12,10,120,7,127
2141709,0,17,64,21,18,120,0,120
2141710,0,7,33,12,9,61,0,61
2141711,0,14,21,15,12,62,0,62
2141712,3,51,83,33,9,179,3,182
2141713,0,32,73,38,13,156,0,156
2141714,3,16,49,18,3,89,3,92
2141715,17,88,62,12,3,182,5,187
2141716,0,16,67,19,15,117,0,117
2141717,3,55,153,57,28,296,3,299
2141718,0,6,48,23,14,91,5,96
2141719,18,78,94,31,12,233,8,241
2141720,6,58,84,31,14,193,5,198
2141721,15,49,33,8,3,108,4,112
2141722,5,59,67,22,7,160,4,164
2141723,19,65,58,18,3,163,5,168
2141724,22,57,27,13,6,125,12,137
2141725,15,75,77,17,5,189,12,201
2141726,14,75,64,18,9,180,3,183
2141727,32,60,28,7,4,131,9,140
2141728,19,47,28,10,8,112,8,120
2141729,11,28,33,11,0,83,4,87
2141730,7,81,81,20,9,198,4,202
2141731,22,87,59,9,7,184,9,193
2141732,23,83,75,16,6,203,17,220
2141733,0,14,33,17,4,68,0,68
2141734,26,53,21,4,5,109,11,120
2141735,3,4,43,19,6,75,0,75
2141736,3,17,65,31,23,139,3,142
2141737,3,8,34,21,11,77,3,80
2141738,4,23,38,19,8,92,3,95
2141739,3,12,18,20,19,72,0,72
2141740,6,16,42,21,11,96,0,96
2141741,7,24,29,21,12,93,3,96
2141742,7,23,41,17,17,105,4,109
2141743,25,97,51,13,6,192,7,199
2141744,23,83,70,20,6,202,10,212
2141745,16,72,66,15,8,177,9,186
2141746,11,38,39,8,3,99,3,102
2141747,18,56,50,19,4,147,3,150
2141748,3,34,51,12,8,108,7,115
2141749,8,47,69,23,7,154,8,162
2141750,27,46,79,27,8,187,7,194
2141751,5,24,64,22,12,127,3,130
2141801,0,25,39,12,6,82,0,82
2141802,0,11,51,13,7,82,0,82
2141803,4,16,73,33,23,149,3,152
2141804,0,10,20,12,14,56,0,56
2141805,0,26,77,31,15,149,9,158
2141806,0,15,45,20,23,103,3,106
2141807,4,21,46,16,4,91,5,96
2141808,0,15,35,29,19,98,3,101
2141809,0,32,67,43,28,170,6,176
2141810,0,20,38,23,16,97,3,100
2141811,3,15,34,17,15,84,0,84
2141812,0,18,24,23,18,83,4,87
2141813,0,20,34,24,22,100,0,100
2141901,5,31,31,11,0,78,0,78
2141902,4,30,24,7,4,69,0,69
2141903,16,43,39,17,8,123,4,127
2141904,19,68,61,16,3,167,9,176
2141905,4,50,36,15,5,110,4,114
2141906,10,51,61,24,10,156,8,164
2141907,4,27,65,31,41,168,8,176
2141908,3,33,40,28,17,121,3,124
2141909,3,8,43,23,11,88,0,88
2141910,0,29,63,40,32,164,4,168
2141911,3,30,41,8,0,82,3,85
2141912,3,14,45,20,10,92,0,92
2141913,3,46,45,5,3,102,3,105
2141914,3,22,76,28,17,146,8,154
2141915,5,10,26,17,9,67,0,67
2141916,0,22,40,31,14,107,6,113
2141917,0,16,35,20,15,86,0,86
2141918,3,9,44,28,23,107,3,110
2141919,3,44,75,18,9,149,5,154
2141920,3,34,57,23,5,122,0,122
2141921,17,73,41,4,6,141,3,144
2141922,8,43,53,11,6,121,0,121
2141923,16,40,19,10,6,91,5,96
2141924,4,13,28,23,18,86,5,91
2141925,0,13,42,18,12,85,4,89
2141926,4,33,60,28,25,150,8,158
2141927,3,54,64,16,5,142,6,148
2141928,10,34,17,7,3,71,6,77
2141929,8,41,60,23,25,157,8,165
2142001,5,40,36,17,9,107,7,114
2142002,13,80,56,25,3,177,7,184
2142003,0,16,29,18,13,76,5,81
2142004,5,36,41,23,19,124,3,127
2142005,3,45,56,22,11,137,3,140
2142006,0,10,50,22,3,85,4,89
2142007,0,16,65,34,20,135,4,139
2142008,0,19,38,21,16,94,0,94
2142009,3,30,21,9,3,66,0,66
2142010,12,63,39,9,4,127,9,136
2142011,6,41,32,18,12,109,3,112
2142012,12,56,41,11,4,124,7,131
2142013,12,65,67,16,11,171,10,181
2142014,0,10,27,12,17,66,6,72
2142015,0,26,30,27,27,110,9,119
2142016,0,24,28,20,11,83,3,86
2142017,0,17,34,23,23,97,0,97
2142018,4,15,32,16,14,81,3,84
2142019,10,30,30,15,5,90,3,93
2142020,5,21,51,32,21,130,3,133
2142021,0,13,20,14,13,60,3,63
2142022,3,32,61,35,27,158,6,164
2142023,0,14,33,16,13,76,0,76
2142024,3,40,64,17,10,134,4,138
2142025,0,17,35,19,16,87,0,87
2142026,0,17,34,19,35,105,0,105
2142027,3,11,31,17,4,66,4,70
2142028,3,36,29,8,3,79,8,87
2142029,3,36,60,28,11,138,10,148
2142030,5,36,72,32,16,161,4,165
2142031,0,31,35,6,6,78,3,81
2142101,15,78,58,9,5,165,4,169
2142102,6,55,37,7,6,111,0,111
2142103,7,51,48,28,10,144,4,148
2142104,5,57,50,29,10,151,3,154
2142105,16,73,77,28,11,205,7,212
2142106,28,56,24,5,5,118,6,124
2142107,18,87,36,5,7,153,7,160
2142108,17,86,63,15,4,185,9,194
2142109,0,22,62,24,10,118,3,121
2142110,3,20,42,37,14,116,3,119
2142111,0,22,63,39,23,147,0,147
2142112,19,75,46,12,7,159,8,167
2142113,7,43,37,9,4,100,0,100
2142114,3,15,40,18,9,85,0,85
2142115,30,60,45,16,3,154,10,164
2142116,12,67,66,24,8,177,6,183
2142117,3,27,54,21,10,115,8,123
2142118,0,47,42,13,10,112,8,120
2142119,24,69,74,28,6,201,4,205
2142120,46,86,56,23,10,221,14,235
2142121,12,37,24,4,7,84,4,88
2142122,13,61,42,15,0,131,5,136
2142123,0,27,53,26,10,116,7,123
2142124,13,43,39,5,0,100,3,103
2142125,14,55,59,15,4,147,3,150
2142126,3,60,75,20,9,167,3,170
2142127,7,64,62,19,3,155,6,161
2142128,21,71,39,17,7,155,7,162
2142201,0,0,0,0,0,0,0,0
2142202,35,97,52,9,8,201,4,205
2142203,20,57,42,4,5,128,7,135
2142204,11,80,55,18,10,174,8,182
2142205,10,53,44,6,5,118,5,123
2142206,33,75,45,6,3,162,17,179
2142207,0,0,0,0,0,0,0,0
2142208,3,37,53,22,6,121,0,121
2142209,3,56,68,10,7,144,7,151
2142210,5,66,65,20,5,161,4,165
2142211,16,97,61,15,3,192,14,206
2142212,4,33,52,19,5,113,7,120
2142213,18,93,74,15,4,204,4,208
2142214,15,78,62,19,3,177,10,187
2142215,4,53,51,12,3,123,3,126
2142216,0,0,0,0,0,0,0,0
2142217,11,29,46,8,3,97,0,97
2142218,0,49,89,20,4,162,3,165
2142219,0,24,58,25,21,128,5,133
2142220,11,75,67,16,8,177,16,193
2142221,6,54,58,14,10,142,3,145
2142222,9,62,34,9,3,117,8,125
2142223,23,58,41,16,0,138,5,143
2142224,8,55,45,8,3,119,3,122
2142225,5,29,70,12,4,120,3,123
2142226,4,12,48,29,19,112,4,116
2142227,0,66,86,39,9,200,4,204
2142228,13,63,26,8,3,113,12,125
2142229,0,19,32,21,7,79,0,79
2142230,0,18,36,11,8,73,0,73
2142231,0,36,46,19,0,101,0,101
2142232,14,89,39,15,3,160,13,173
2142301,4,21,41,35,24,125,0,125
2142302,16,62,25,14,5,122,0,122
2142303,11,52,46,17,11,137,4,141
2142304,7,38,46,15,4,110,4,114
2142305,19,49,45,12,5,130,8,138
2142306,13,80,68,20,5,186,7,193
2142307,0,7,23,14,11,55,0,55
2142308,5,12,39,26,22,104,0,104
2142309,4,28,61,20,21,134,3,137
2142310,0,15,40,22,30,107,3,110
2142311,6,40,47,14,8,115,0,115
2142312,0,11,35,18,24,88,0,88
2142313,4,27,37,12,4,84,3,87
2142314,4,10,26,18,22,80,0,80
2142315,0,27,53,22,31,133,8,141
2142316,5,16,74,25,28,148,0,148
2142317,0,16,48,22,31,117,3,120
2142318,3,33,29,15,5,85,3,88
2142319,4,33,51,24,26,138,0,138
2142320,0,12,27,11,22,72,0,72
2142321,0,0,25,18,19,62,0,62
2142322,3,9,14,23,15,64,3,67
2142401,15,69,43,17,3,147,4,151
2142402,3,24,22,19,20,88,7,95
2142403,4,28,59,24,10,125,3,128
2142404,10,43,60,14,3,130,3,133
2142405,19,49,50,13,9,140,7,147
2142406,10,48,32,10,5,105,10,115
2142407,20,77,91,22,6,216,9,225
2142408,13,40,34,10,0,97,0,97
2142409,22,44,36,8,5,115,9,124
2142410,11,31,32,5,0,79,4,83
2142411,0,27,34,21,19,101,10,111
2142501,37,83,41,12,0,173,6,179
2142502,16,108,61,16,5,206,19,225
2142503,9,60,70,20,11,170,4,174
2142504,12,59,61,14,3,149,5,154
2142505,3,44,101,43,23,214,3,217
2142506,0,18,30,15,15,78,0,78
2142507,11,62,110,35,7,225,5,230
2142508,6,15,27,20,12,80,0,80
2142509,7,44,49,29,11,140,4,144
2142510,25,68,40,9,8,150,9,159
2142511,10,48,41,3,3,105,6,111
2142512,12,44,27,19,13,115,4,119
2142513,10,67,46,8,4,135,0,135
2142514,23,60,51,10,5,149,12,161
2142515,24,57,41,5,3,130,5,135
2142516,6,42,26,10,3,87,8,95
2142517,9,31,41,13,6,100,9,109
2142518,5,53,52,9,0,119,0,119
2142519,33,62,57,9,4,165,8,173
2142520,11,42,26,10,7,96,8,104
2142521,36,66,35,11,4,152,4,156
2142522,11,69,45,16,3,144,3,147
2142523,14,79,69,21,9,192,4,196
2142524,7,82,80,22,10,201,3,204
2142525,29,105,64,10,3,211,7,218
2142526,9,67,74,23,10,183,8,191
2142527,27,90,78,23,11,229,3,232
2142528,8,31,21,4,3,67,3,70
2142529,8,37,26,11,9,91,0,91
2142530,6,51,75,29,12,173,0,173
2142531,3,11,14,6,12,46,3,49
2142601,3,57,50,30,33,173,4,177
2142602,9,38,25,15,3,90,8,98
2142603,8,75,80,20,10,193,7,200
2142604,0,17,35,27,19,98,3,101
2142605,4,33,57,33,12,139,3,142
2142606,6,12,23,15,10,66,3,69
2142607,0,15,33,17,8,73,0,73
2142608,0,23,29,10,6,68,3,71
2142609,3,19,76,35,34,167,3,170
2142610,0,25,35,14,9,83,5,88
2142611,3,19,40,31,15,108,0,108
2142612,0,14,39,18,24,95,0,95
2142613,3,19,41,24,13,100,3,103
2142614,0,17,37,21,9,84,0,84
2142615,5,33,53,29,27,147,8,155
2142616,3,31,61,18,20,133,3,136
2142617,4,25,47,23,11,110,3,113
2142701,0,44,47,11,6,108,4,112
2142702,12,56,52,11,4,135,9,144
2142703,10,47,42,19,6,124,9,133
2142704,31,82,50,18,11,192,10,202
2142705,6,51,48,14,6,125,9,134
2142706,17,56,30,4,0,107,5,112
2142707,3,17,24,9,5,58,0,58
2142708,0,27,60,29,20,136,7,143
2142709,0,19,35,15,8,77,0,77
2142710,6,17,51,19,24,117,3,120
2142711,0,16,20,7,12,55,0,55
2142712,0,27,51,22,30,130,6,136
2142713,3,28,46,19,20,116,3,119
2142714,0,22,47,21,18,108,0,108
2142715,13,74,62,19,17,185,6,191
2142716,4,36,65,19,4,128,7,135
2142717,8,31,37,8,0,84,4,88
2142718,7,6,33,13,17,76,0,76
2142801,0,29,43,25,12,109,0,109
2142802,3,24,35,15,4,81,5,86
2142803,0,21,49,25,22,117,0,117
2142804,0,18,34,22,16,90,0,90
2142805,4,29,52,26,29,140,5,145
2142806,3,17,28,18,8,74,0,74
2142807,0,21,32,15,18,86,4,90
2142808,0,25,39,20,12,96,5,101
2142809,3,13,40,24,14,94,0,94
2142810,0,19,40,30,17,106,3,109
2142811,0,10,29,13,14,66,3,69
2142812,4,32,78,32,22,168,5,173
2142813,6,21,41,25,16,109,4,113
2142814,4,34,41,28,13,120,4,124
2142815,5,27,42,13,4,91,0,91
2142816,8,47,47,14,6,122,3,125
2142817,0,22,32,8,7,69,6,75
2142818,5,50,40,13,0,108,3,111
2142819,3,40,51,23,6,123,3,126
2142820,15,58,36,12,0,121,4,125
2142821,3,48,38,10,4,103,3,106
2142822,4,23,25,10,4,66,0,66
2142823,0,13,31,9,3,56,0,56
2142824,0,11,26,12,21,70,0,70
2142825,3,7,33,21,15,79,0,79
2142826,0,18,35,18,19,90,6,96
2142901,3,10,20,14,14,61,0,61
2142902,20,71,49,20,9,169,4,173
2142903,16,65,55,13,3,152,0,152
2142904,12,52,47,7,8,126,3,129
2142905,5,28,34,19,4,90,5,95
2142906,0,16,45,27,11,99,0,99
2142907,0,17,47,10,8,82,3,85
2142908,0,47,38,16,31,132,6,138
2142909,3,17,34,34,27,115,6,121
2142910,0,20,34,25,23,102,0,102
2142911,0,10,35,24,25,94,0,94
2142912,9,9,0,0,0,18,0,18
2142913,0,32,32,19,19,102,0,102
2142914,0,21,36,25,16,98,0,98
2142915,4,11,31,19,18,83,0,83
2142916,0,15,48,29,13,105,5,110
2142917,0,18,48,20,31,117,4,121
2142918,4,21,34,11,14,84,3,87
2142919,3,26,44,33,30,136,4,140
2142920,0,14,12,5,11,42,3,45
2142921,3,34,25,0,0,62,3,65
2142922,0,12,26,15,11,64,0,64
2142923,5,20,32,24,12,93,3,96
2142924,4,25,47,40,25,141,8,149
2143001,0,14,51,21,10,96,3,99
2143002,0,15,25,20,22,82,0,82
2143003,7,48,50,17,11,133,3,136
2143004,6,57,77,20,4,164,5,169
2143005,11,49,42,8,3,113,9,122
2143006,0,47,69,21,4,141,0,141
2143007,5,33,44,12,3,97,0,97
2143008,8,26,60,25,23,142,3,145
2143009,0,10,27,10,14,61,0,61
2143010,0,31,54,18,13,116,3,119
2143011,0,0,0,0,0,0,0,0
2143012,0,17,36,15,23,91,0,91
2143013,0,28,46,15,5,94,3,97
2143014,0,22,41,23,21,107,3,110
2143015,3,26,69,42,19,159,6,165
2143016,0,14,50,19,11,94,0,94
2143017,0,9,40,21,19,89,4,93
2143018,0,14,21,12,24,71,0,71
2143019,3,27,61,26,27,144,5,149
2143020,3,41,39,12,3,98,5,103
2143021,8,47,40,7,6,108,9,117
2143022,5,49,53,21,3,131,8,139
2143023,13,61,73,6,11,164,4,168
2143024,11,73,56,12,3,155,6,161
2143025,21,95,53,12,4,185,10,195
2143026,5,30,21,9,4,69,0,69
2143027,3,35,50,26,10,124,3,127
2143028,4,70,54,12,5,145,0,145
2143101,20,87,57,9,3,176,8,184
2143102,17,73,59,12,3,164,4,168
2143103,4,39,26,3,3,75,9,84
2143104,0,34,37,11,0,82,0,82
2143105,5,47,43,10,3,108,0,108
2143106,3,44,71,22,3,143,5,148
2143107,0,15,28,13,3,59,0,59
2143108,0,54,66,26,14,160,7,167
2143109,5,44,62,24,15,150,6,156
2143110,0,37,30,13,4,84,4,88
2143201,9,45,59,24,17,154,3,157
2143202,0,43,51,30,10,134,8,142
2143203,3,48,59,11,5,126,3,129
2143204,10,54,35,6,0,105,0,105
2143205,10,31,36,8,7,92,4,96
2143206,16,78,34,6,3,137,10,147
2143207,0,81,122,36,16,255,3,258
2143208,0,9,53,18,16,96,0,96
2143209,5,7,16,9,14,51,0,51
2143210,14,51,41,13,3,122,8,130
2143211,0,42,49,17,7,115,3,118
2143212,3,62,52,19,6,142,3,145
2143213,8,55,49,17,9,138,9,147
2143214,11,53,109,18,8,199,4,203
2143215,4,40,75,23,10,152,4,156
2143216,4,78,67,15,5,169,4,173
2143217,13,59,41,5,7,125,5,130
2143218,12,52,49,6,0,119,5,124
2143219,9,56,69,11,9,154,3,157
2143220,0,15,50,25,5,95,0,95
2143221,20,99,86,12,8,225,6,231
2143222,3,21,67,25,13,129,3,132
2143223,41,58,55,12,4,170,5,175
2143224,31,77,23,3,0,134,13,147
2143225,5,41,41,15,4,106,0,106
2143226,0,18,70,17,14,119,3,122
2143227,4,33,87,24,7,155,3,158
2143228,6,86,153,30,15,290,3,293
2143229,6,39,50,13,8,116,0,116
2143230,6,65,55,17,4,147,9,156
2143231,15,82,67,21,3,188,5,193
2143232,5,86,72,23,3,189,4,193
2143233,4,42,76,31,7,160,0,160
2143234,36,72,47,13,6,174,7,181
2143235,6,79,71,16,7,179,3,182
2143236,3,46,94,24,8,175,4,179
2143237,26,97,76,17,6,222,5,227
2143238,15,55,55,9,4,138,7,145
2143239,15,70,56,18,7,166,3,169
2143240,7,44,77,8,6,142,0,142
2143241,6,46,51,14,12,129,0,129
2143242,20,77,54,12,9,172,12,184
2143243,14,96,69,9,0,188,3,191
2143244,9,63,69,5,6,152,6,158
2143245,0,27,22,5,7,61,0,61
2143246,0,0,0,0,0,0,0,0
2143247,0,16,49,19,13,97,4,101
2143248,17,36,37,10,3,103,4,107
2143249,0,0,0,0,0,0,0,0
2143250,0,9,34,20,9,72,3,75
2143251,0,11,19,9,3,42,0,42
2143301,16,66,56,8,3,149,5,154
2143302,7,49,73,18,3,150,4,154
2143303,3,37,59,14,6,119,4,123
2143304,0,19,58,25,11,113,4,117
2143305,9,50,68,19,5,151,5,156
2143306,7,56,53,11,5,132,3,135
2143307,8,33,53,20,12,126,3,129
2143308,33,88,54,11,9,195,4,199
2143309,3,44,50,22,21,140,9,149
2143310,3,55,100,43,19,220,3,223
2143311,0,18,31,18,16,83,0,83
2143312,20,78,64,17,9,188,11,199
2143313,13,50,64,7,3,137,5,142
2143314,22,60,45,14,3,144,3,147
2143315,32,81,76,11,7,207,5,212
2143316,35,89,64,13,6,207,6,213
2143317,26,49,35,10,6,126,7,133
2143318,0,0,0,0,0,0,0,0
2143319,30,97,62,18,6,213,7,220
2143320,14,70,62,17,3,166,8,174
2143321,0,7,6,3,7,23,3,26
2143322,8,73,99,24,8,212,10,222
2143323,13,71,51,11,3,149,5,154
2143324,11,83,72,29,3,198,8,206
2143325,4,38,36,17,4,99,4,103
2143326,4,64,67,8,5,148,6,154
2143327,5,76,69,10,6,166,9,175
2143328,11,57,61,5,5,139,9,148
2143329,5,53,66,10,5,139,3,142
2143330,9,37,56,21,8,131,0,131
2143331,0,18,53,18,15,104,5,109
2143332,0,0,0,0,0,0,3,3
2143333,38,71,29,8,3,149,6,155
2143334,14,51,41,6,0,112,10,122
2949999,0,0,0,0,0,0,0,0
2979991,0,0,0,0,0,0,0,0
2979992,0,0,0,0,0,0,0,0
2979993,0,0,0,0,0,0,0,0
