region_id,B4223,B4224,B4225,B4226,B4227,B4228,B4229,B4230,B4231,B4232,B4233,B4234,B4235,B4236,B4237,B4238,B4239,B4240,B4241,B4242,B4243,B4244,B4245
2010101,25,0,0,4,15,19,0,0,3,3,22,0,0,0,3,3,0,0,0,0,3,0,50
2010102,19,0,4,0,14,18,0,0,3,3,21,0,0,0,0,0,0,0,0,0,0,0,40
2010103,44,0,5,0,21,26,0,3,11,14,40,0,3,3,10,16,0,0,11,11,27,0,111
2010104,24,4,3,0,8,15,0,0,0,0,15,0,0,0,0,0,0,0,0,0,0,0,39
2010106,73,6,7,0,49,62,4,0,17,21,83,0,0,0,24,24,0,6,14,20,44,0,200
2010108,51,3,6,0,26,35,3,3,15,21,56,0,0,3,0,3,0,0,3,3,6,0,113
2010109,57,0,9,7,38,54,6,3,17,26,80,0,0,0,5,5,0,5,3,8,13,3,153
2010110,73,0,6,6,47,59,4,3,21,28,87,0,0,0,10,10,0,0,0,0,10,0,170
2010111,79,0,10,6,35,51,4,9,17,30,81,3,5,3,22,33,0,5,10,15,48,5,213
2010112,0,0,0,0,0,0,0,0,0,0,0,0,0,0,0,0,0,0,0,0,0,0,0
2010201,69,0,21,3,84,108,10,10,24,44,152,3,3,3,10,19,0,3,4,7,26,0,247
2010202,58,0,9,0,31,40,5,9,9,23,63,0,0,0,6,6,0,4,0,4,10,0,131
2010203,24,3,9,3,26,41,3,5,7,15,56,0,0,4,3,7,0,0,5,5,12,0,92
2010204,53,3,7,3,27,40,3,7,14,24,64,0,0,0,5,5,0,0,4,4,9,3,129
2010205,42,0,7,4,45,56,0,9,17,26,82,0,0,0,7,7,0,6,0,6,13,3,140
2010206,91,7,17,4,62,90,3,5,16,24,114,0,0,4,6,10,4,3,9,16,26,3,234
2010207,85,4,5,4,52,65,3,5,14,22,87,0,3,0,11,14,0,0,11,11,25,0,197
2010208,69,3,5,4,39,51,0,7,6,13,64,4,6,0,6,16,0,3,6,9,25,4,162
2010209,87,0,8,0,48,56,0,4,7,11,67,0,0,0,11,11,0,0,5,5,16,5,175
2010210,29,0,8,0,26,34,0,8,5,13,47,0,0,0,0,0,0,0,0,0,0,0,76
2010211,59,3,9,0,54,66,0,4,6,10,76,0,3,0,23,26,0,0,6,6,32,0,167
2010212,31,0,4,0,50,54,3,0,4,7,61,0,6,0,7,13,0,3,0,3,16,0,108
2010213,60,0,9,0,63,72,0,4,7,11,83,0,0,0,13,13,3,3,5,11,24,0,167
2010301,84,0,10,7,38,55,0,7,15,22,77,0,3,0,37,40,0,3,15,18,58,0,219
2010302,75,0,8,0,29,37,5,6,18,29,66,0,4,3,14,21,0,0,13,13,34,3,178
2010303,48,0,5,4,25,34,4,4,12,20,54,0,0,0,13,13,0,6,4,10,23,3,128
2010304,22,0,6,0,12,18,0,4,4,8,26,0,0,0,0,0,0,0,0,0,0,0,48
2010305,66,0,11,6,67,84,5,10,26,41,125,0,0,0,6,6,3,0,8,11,17,0,208
2010306,64,0,19,0,50,69,3,6,16,25,94,0,5,0,6,11,0,3,5,8,19,0,177
2010307,23,0,4,3,14,21,3,3,5,11,32,0,0,0,4,4,0,0,0,0,4,0,59
2010308,46,0,10,0,31,41,4,0,5,9,50,0,3,0,3,6,0,0,0,0,6,3,105
2010309,13,0,4,0,6,10,0,4,3,7,17,0,0,0,0,0,0,3,0,3,3,0,33
2010310,19,0,0,0,15,15,5,0,3,8,23,0,0,0,4,4,0,0,0,0,4,0,46
2010311,85,0,7,8,31,46,0,8,8,16,62,0,4,0,16,20,0,3,10,13,33,4,184
2010312,24,0,6,3,25,34,3,6,8,17,51,0,4,0,0,4,0,0,0,0,4,0,79
2010401,76,0,8,6,49,63,0,8,14,22,85,4,0,0,10,14,0,5,7,12,26,3,190
2010402,57,0,5,0,22,27,0,0,9,9,36,0,0,0,17,17,0,6,9,15,32,0,125
2010403,113,4,11,4,92,111,0,7,19,26,137,0,7,0,32,39,4,9,5,18,57,4,311
2010404,60,0,4,3,21,28,0,4,8,12,40,0,0,6,15,21,0,0,8,8,29,3,132
2010405,32,0,3,0,16,19,0,0,4,4,23,0,0,0,16,16,0,3,3,6,22,5,82
2010406,46,0,0,0,16,16,0,3,4,7,23,0,0,4,12,16,0,7,0,7,23,9,101
2010407,17,0,0,0,17,17,0,0,0,0,17,0,3,0,3,6,0,0,5,5,11,0,45
2010408,22,0,5,0,3,8,3,0,3,6,14,0,0,0,10,10,0,3,0,3,13,0,49
2010409,45,0,9,0,21,30,3,3,6,12,42,0,0,0,13,13,0,0,5,5,18,0,105
2010410,47,0,5,5,38,48,7,0,4,11,59,4,0,0,23,27,0,3,4,7,34,4,144
2010501,41,0,0,0,14,14,0,0,0,0,14,0,0,0,10,10,3,3,3,9,19,0,74
2010502,39,0,0,5,20,25,4,3,3,10,35,0,0,3,8,11,0,0,6,6,17,5,96
2010503,74,0,10,4,57,71,0,6,20,26,97,0,6,0,44,50,4,4,12,20,70,7,248
2010504,54,0,3,3,24,30,3,6,5,14,44,3,3,0,14,20,0,5,7,12,32,3,133
2010505,68,3,6,5,41,55,3,0,16,19,74,3,0,0,19,22,0,0,17,17,39,0,181
2010506,37,0,0,0,20,20,0,0,7,7,27,0,0,0,19,19,0,0,10,10,29,0,93
2010507,41,3,6,0,28,37,3,3,9,15,52,0,5,0,18,23,0,3,7,10,33,3,129
2010508,90,6,15,3,64,88,6,5,18,29,117,0,0,3,11,14,0,0,10,10,24,0,231
2010509,29,0,5,11,34,50,0,0,10,10,60,0,8,5,44,57,4,0,12,16,73,0,162
2010510,59,3,7,3,46,59,4,5,16,25,84,0,3,3,4,10,0,4,4,8,18,0,161
2010601,50,0,14,0,68,82,0,8,15,23,105,0,9,9,53,71,3,4,12,19,90,3,248
2010602,117,0,23,4,52,79,5,8,18,31,110,0,3,0,15,18,0,11,9,20,38,4,269
2010603,109,3,16,3,37,59,5,11,20,36,95,0,6,0,8,14,0,3,11,14,28,0,232
2010604,59,0,5,0,23,28,6,5,10,21,49,0,0,0,13,13,0,0,6,6,19,3,130
2010605,82,4,3,5,31,43,3,0,19,22,65,0,6,5,32,43,0,4,18,22,65,0,212
2010606,91,0,13,0,32,45,0,6,13,19,64,0,0,0,9,9,0,0,8,8,17,0,172
2010607,68,0,4,4,28,36,0,4,6,10,46,0,4,0,14,18,0,7,12,19,37,0,151
2010608,18,0,5,0,17,22,3,3,4,10,32,0,3,0,4,7,0,0,0,0,7,0,57
2010609,23,0,3,0,6,9,0,0,4,4,13,0,0,0,11,11,0,3,3,6,17,0,53
2010610,68,6,4,3,63,76,0,3,8,11,87,0,3,3,17,23,0,4,8,12,35,5,195
2010701,43,0,4,0,22,26,0,0,7,7,33,0,0,3,11,14,0,0,0,0,14,7,97
2010702,74,4,7,7,31,49,0,5,11,16,65,0,0,5,14,19,0,4,12,16,35,5,179
2010703,20,0,5,3,16,24,0,4,4,8,32,0,0,0,9,9,0,3,0,3,12,0,64
2010704,45,0,8,7,35,50,0,5,12,17,67,0,0,0,8,8,0,0,0,0,8,3,123
2010705,66,3,3,4,43,53,5,4,20,29,82,0,0,0,0,0,0,4,11,15,15,4,167
2010706,54,4,8,0,48,60,3,8,7,18,78,0,0,0,7,7,0,0,0,0,7,3,142
2010707,25,0,0,0,17,17,0,0,7,7,24,0,0,0,0,0,0,0,0,0,0,5,54
2010708,57,0,8,8,57,73,4,0,14,18,91,0,5,0,26,31,0,0,6,6,37,4,189
2010709,0,0,0,0,0,0,0,0,0,0,0,0,0,0,0,0,0,0,0,0,0,0,0
2010801,18,0,4,0,12,16,0,3,8,11,27,0,0,0,3,3,0,0,3,3,6,0,51
2010803,18,3,0,3,5,11,0,3,5,8,19,0,0,0,6,6,0,0,3,3,9,0,46
2010804,35,0,3,0,22,25,0,4,3,7,32,0,0,0,0,0,0,0,0,0,0,0,67
2010805,62,4,0,3,25,32,4,4,0,8,40,0,5,5,14,24,0,0,11,11,35,0,137
2010806,35,0,5,5,21,31,0,0,10,10,41,0,0,0,3,3,0,3,3,6,9,4,89
2010807,25,0,4,3,12,19,0,3,0,3,22,0,3,0,3,6,3,3,3,9,15,3,65
2010808,42,0,0,0,25,25,0,5,4,9,34,0,3,0,4,7,0,0,0,0,7,0,83
2010809,16,0,3,5,17,25,3,3,6,12,37,0,0,0,4,4,0,0,0,0,4,0,57
2010901,69,0,10,4,37,51,3,9,5,17,68,0,0,3,8,11,0,0,3,3,14,0,151
2010902,34,0,3,0,29,32,0,4,12,16,48,0,0,0,0,0,0,0,0,0,0,0,82
2010903,79,7,17,7,74,105,8,8,26,42,147,3,0,0,4,7,0,0,4,4,11,4,241
2010904,47,0,8,0,18,26,0,0,8,8,34,0,9,0,4,13,0,0,0,0,13,0,94
2010905,27,0,4,0,12,16,3,6,10,19,35,0,0,0,7,7,0,0,0,0,7,4,73
2010906,17,0,0,0,8,8,0,0,5,5,13,0,0,0,0,0,0,3,3,6,6,0,36
2010907,23,0,5,0,12,17,0,6,0,6,23,0,0,0,4,4,0,0,0,0,4,0,50
2010908,38,0,6,5,26,37,3,7,15,25,62,0,0,0,3,3,0,0,3,3,6,0,106
2010909,27,0,6,0,13,19,0,4,3,7,26,0,0,0,0,0,0,0,0,0,0,0,53
2010910,79,5,10,0,37,52,4,0,11,15,67,0,3,0,7,10,0,3,3,6,16,0,162
2010911,64,0,8,4,24,36,3,3,8,14,50,0,6,0,7,13,0,0,15,15,28,4,146
2010912,48,0,6,0,10,16,0,0,0,0,16,0,3,0,0,3,0,0,0,0,3,0,67
2011001,49,0,6,3,17,26,0,4,3,7,33,0,0,0,6,6,0,3,4,7,13,3,98
2011002,64,0,3,0,32,35,0,0,10,10,45,0,5,0,20,25,3,0,6,9,34,6,149
2011003,64,4,7,4,44,59,4,6,13,23,82,0,4,0,16,20,0,5,8,13,33,3,182
2011004,61,0,7,4,49,60,0,5,11,16,76,0,4,0,5,9,0,0,6,6,15,4,156
2011005,55,0,14,4,41,59,3,3,17,23,82,0,5,0,24,29,0,4,4,8,37,3,177
2011006,55,0,11,0,22,33,0,4,5,9,42,0,3,0,9,12,0,0,7,7,19,7,123
2011007,48,0,5,3,28,36,4,8,8,20,56,0,0,0,8,8,0,3,8,11,19,3,126
2011008,80,0,19,3,24,46,3,3,16,22,68,4,4,3,21,32,0,0,10,10,42,4,194
2011009,39,0,4,0,26,30,4,5,10,19,49,0,5,5,11,21,0,0,4,4,25,0,113
2011101,13,0,7,0,9,16,0,0,0,0,16,0,0,0,0,0,0,0,5,5,5,0,34
2011102,20,0,3,0,12,15,0,0,4,4,19,0,0,0,0,0,0,0,0,0,0,0,39
2011103,80,0,14,0,33,47,0,5,7,12,59,0,3,0,9,12,0,6,0,6,18,0,157
2011104,11,0,0,0,14,14,0,0,3,3,17,0,0,0,0,0,0,0,3,3,3,0,31
2011105,16,0,6,0,10,16,0,0,0,0,16,0,0,0,0,0,0,0,0,0,0,0,32
2011106,23,0,0,4,3,7,0,0,0,0,7,0,0,0,3,3,0,0,0,0,3,0,33
2011107,4,0,5,0,9,14,0,5,0,5,19,0,0,0,0,0,0,0,0,0,0,0,23
2011108,10,0,4,0,5,9,0,5,3,8,17,0,0,0,0,0,0,0,0,0,0,0,27
2011202,16,0,6,0,11,17,0,3,3,6,23,0,0,0,9,9,0,0,5,5,14,3,56
2011203,82,0,3,0,30,33,0,8,9,17,50,0,3,0,10,13,3,0,4,7,20,0,152
2011204,15,0,3,0,12,15,0,0,4,4,19,0,0,0,0,0,0,0,0,0,0,5,39
2011205,12,0,0,0,7,7,0,7,0,7,14,0,0,0,3,3,0,3,0,3,6,0,32
2011206,17,0,4,0,13,17,0,4,4,8,25,0,0,0,0,0,0,0,0,0,0,3,45
2011208,104,0,14,0,50,64,3,4,19,26,90,0,0,0,12,12,0,5,9,14,26,0,220
2011209,21,0,6,4,6,16,0,3,3,6,22,0,0,3,0,3,0,0,0,0,3,0,46
2011210,23,0,3,0,11,14,0,6,0,6,20,0,0,0,0,0,0,0,0,0,0,0,43
2011211,68,0,8,0,21,29,0,4,13,17,46,0,0,0,11,11,0,0,5,5,16,6,136
2011212,70,3,6,4,21,34,4,4,8,16,50,0,0,0,14,14,0,0,9,9,23,5,148
2011301,31,0,6,0,10,16,0,0,6,6,22,0,0,0,4,4,0,0,5,5,9,0,62
2011302,82,0,10,0,30,40,0,6,5,11,51,3,3,3,3,12,0,0,7,7,19,3,155
2011303,17,0,11,0,8,19,0,8,0,8,27,0,0,0,0,0,0,0,0,0,0,0,44
2011304,13,0,0,0,8,8,3,3,3,9,17,0,0,0,4,4,0,0,0,0,4,0,34
2011305,44,0,8,4,17,29,0,0,5,5,34,0,0,0,0,0,0,0,0,0,0,0,78
2011306,25,0,4,0,11,15,0,0,0,0,15,0,3,0,0,3,0,3,3,6,9,0,49
2011307,23,0,5,0,8,13,3,0,4,7,20,0,0,0,4,4,0,0,0,0,4,0,47
2011308,10,0,7,0,5,12,0,0,0,0,12,0,0,0,0,0,0,0,0,0,0,0,22
2011309,32,0,3,0,8,11,0,0,3,3,14,0,0,0,4,4,0,0,5,5,9,0,55
2011401,19,0,3,3,3,9,0,4,0,4,13,0,3,0,0,3,0,0,0,0,3,0,35
2011402,17,5,0,0,6,11,0,0,4,4,15,0,0,0,0,0,0,0,0,0,0,0,32
2011404,65,0,7,0,34,41,0,3,9,12,53,0,0,0,9,9,0,0,7,7,16,0,134
2011405,73,0,10,0,28,38,0,3,6,9,47,0,0,5,7,12,0,6,3,9,21,0,141
2011406,14,0,6,0,14,20,0,0,0,0,20,0,0,0,0,0,0,0,5,5,5,0,39
2011407,25,3,4,0,16,23,0,0,3,3,26,0,0,0,0,0,0,0,6,6,6,5,62
2011408,12,0,5,0,4,9,0,5,0,5,14,0,0,0,0,0,0,0,0,0,0,0,26
2011409,17,0,0,0,16,16,0,0,0,0,16,0,0,0,0,0,0,0,0,0,0,0,33
2011410,18,0,0,0,7,7,0,4,3,7,14,0,0,0,0,0,0,0,0,0,0,0,32
2011412,35,0,3,0,3,6,3,3,3,9,15,0,0,0,4,4,0,0,3,3,7,0,57
2011501,21,0,7,0,14,21,0,0,0,0,21,0,0,0,0,0,0,0,5,5,5,0,47
2011502,14,0,4,0,8,12,0,3,0,3,15,0,0,0,3,3,0,0,3,3,6,3,38
2011503,99,3,3,3,31,40,0,10,10,20,60,0,3,0,14,17,0,0,8,8,25,0,184
2011504,17,0,0,0,8,8,0,0,5,5,13,0,0,0,3,3,0,0,0,0,3,0,33
2011505,39,0,8,0,11,19,0,0,7,7,26,0,4,0,0,4,0,3,3,6,10,0,75
2011506,17,0,5,0,9,14,0,3,4,7,21,0,0,0,0,0,0,0,0,0,0,0,38
2011507,6,0,5,0,11,16,0,3,0,3,19,0,0,0,0,0,0,3,0,3,3,0,28
2011508,59,0,4,0,24,28,0,9,4,13,41,0,4,0,3,7,0,0,5,5,12,0,112
2011601,62,5,6,0,20,31,0,6,6,12,43,0,3,0,11,14,3,0,6,9,23,3,131
2011602,58,0,19,5,30,54,12,0,12,24,78,0,0,4,8,12,0,0,7,7,19,3,158
2011603,80,5,10,3,54,72,3,3,9,15,87,0,9,0,22,31,0,5,8,13,44,0,211
2011604,33,3,3,3,28,37,0,10,12,22,59,0,5,0,4,9,0,0,0,0,9,0,101
2011605,56,3,13,5,56,77,9,7,13,29,106,0,0,0,8,8,0,0,10,10,18,5,185
2011606,43,0,11,3,53,67,4,5,14,23,90,0,5,0,6,11,4,0,5,9,20,0,153
2011607,102,5,8,5,73,91,6,10,32,48,139,0,6,0,8,14,0,0,16,16,30,0,271
2011608,79,5,15,3,56,79,4,9,15,28,107,0,3,0,9,12,0,3,6,9,21,6,213
2011609,55,0,10,10,51,71,9,3,25,37,108,0,0,3,6,9,0,0,7,7,16,0,179
2011610,30,0,16,0,39,55,3,3,5,11,66,0,0,0,5,5,0,0,0,0,5,3,104
2011701,12,0,0,0,9,9,0,0,0,0,9,0,0,0,3,3,0,0,0,0,3,0,24
2011702,25,3,5,0,14,22,0,0,4,4,26,0,3,0,0,3,0,0,0,0,3,4,58
2011703,24,0,4,0,16,20,0,4,5,9,29,0,0,0,0,0,0,4,0,4,4,0,57
2011704,14,0,4,0,16,20,0,0,0,0,20,0,0,0,0,0,0,0,0,0,0,5,39
2011705,19,0,0,5,7,12,0,4,0,4,16,0,0,0,0,0,0,0,0,0,0,0,35
2011706,88,4,0,3,43,50,0,6,8,14,64,0,0,0,14,14,0,0,4,4,18,0,170
2011707,80,0,9,4,36,49,3,9,11,23,72,0,0,0,10,10,3,4,10,17,27,4,183
2011708,61,3,0,0,24,27,0,3,3,6,33,0,3,0,5,8,0,3,6,9,17,0,111
2011709,17,3,0,0,13,16,0,0,0,0,16,0,0,0,3,3,0,0,0,0,3,0,36
2011710,21,0,7,0,9,16,0,3,0,3,19,0,0,0,5,5,0,0,0,0,5,0,45
2011711,69,0,10,0,26,36,0,0,11,11,47,0,0,0,11,11,0,0,3,3,14,0,130
2011801,51,0,0,0,22,22,5,5,0,10,32,0,5,0,8,13,0,3,3,6,19,0,102
2011802,93,0,6,0,53,59,5,10,10,25,84,0,0,3,27,30,4,0,5,9,39,5,221
2011803,55,0,8,0,25,33,4,3,0,7,40,0,4,0,14,18,3,0,6,9,27,3,125
2011804,89,0,12,4,51,67,0,7,12,19,86,4,3,0,29,36,0,6,16,22,58,0,233
2011805,47,0,3,0,26,29,0,0,8,8,37,0,0,0,18,18,3,3,10,16,34,3,121
2011806,28,0,3,0,18,21,0,3,3,6,27,0,3,0,7,10,0,0,3,3,13,3,71
2011807,49,0,0,3,20,23,3,3,3,9,32,0,7,0,4,11,0,0,7,7,18,0,99
2011808,61,3,10,0,23,36,5,5,7,17,53,0,4,4,6,14,3,3,3,9,23,4,141
2011809,49,0,7,0,35,42,0,8,6,14,56,0,0,0,11,11,0,3,10,13,24,0,129
2011810,36,0,3,3,28,34,0,0,10,10,44,0,3,4,13,20,0,4,6,10,30,0,110
2011811,69,0,5,3,49,57,4,0,11,15,72,3,6,0,18,27,0,0,21,21,48,3,192
2011812,14,0,5,3,10,18,0,3,4,7,25,0,3,0,3,6,0,0,3,3,9,0,48
2011813,66,5,3,0,54,62,3,3,9,15,77,0,0,0,8,8,0,0,0,0,8,4,155
2011814,34,0,7,0,36,43,0,5,7,12,55,0,0,0,10,10,0,0,0,0,10,0,99
2011902,27,0,5,0,18,23,3,0,3,6,29,0,0,0,3,3,0,0,3,3,6,0,62
2011903,18,0,3,0,5,8,0,3,3,6,14,0,0,0,3,3,0,0,4,4,7,0,39
2011904,17,0,0,4,5,9,0,0,7,7,16,0,0,0,0,0,0,0,0,0,0,0,33
2011905,10,0,0,0,9,9,0,0,4,4,13,0,0,0,4,4,0,0,0,0,4,0,27
2011906,47,0,5,0,21,26,0,0,4,4,30,0,5,0,8,13,0,0,0,0,13,0,90
2011907,14,0,0,0,9,9,4,0,3,7,16,0,0,0,0,0,0,0,0,0,0,0,30
2011908,76,5,10,0,30,45,0,4,11,15,60,0,7,0,16,23,0,3,6,9,32,0,168
2011909,15,0,0,0,10,10,0,0,0,0,10,0,3,0,3,6,0,0,3,3,9,0,34
2011910,10,0,0,4,11,15,0,4,0,4,19,0,0,0,0,0,0,0,0,0,0,6,35
2011911,51,0,8,0,28,36,0,3,8,11,47,0,0,0,5,5,0,0,0,0,5,4,107
2011912,54,0,9,3,19,31,3,6,5,14,45,0,3,3,7,13,0,3,7,10,23,0,122
2012001,13,0,4,0,6,10,0,3,0,3,13,0,0,0,0,0,0,0,0,0,0,0,26
2012002,23,3,3,0,5,11,3,3,3,9,20,0,0,0,0,0,0,0,5,5,5,0,48
2012003,58,0,12,0,19,31,3,3,5,11,42,0,5,0,4,9,0,0,6,6,15,0,115
2012004,12,0,3,0,7,10,0,0,6,6,16,3,0,0,0,3,0,0,0,0,3,0,31
2012005,48,0,0,0,16,16,0,6,12,18,34,0,5,0,16,21,0,0,5,5,26,0,108
2012006,12,0,6,0,9,15,5,5,0,10,25,0,0,0,0,0,0,0,0,0,0,0,37
2012007,22,0,4,0,13,17,5,0,6,11,28,0,0,0,0,0,0,0,0,0,0,0,50
2012009,67,0,10,0,23,33,0,4,12,16,49,0,0,0,9,9,0,0,10,10,19,0,135
2012010,55,0,5,0,26,31,0,4,8,12,43,0,5,0,11,16,0,0,5,5,21,0,119
2012011,83,0,12,4,30,46,3,3,10,16,62,0,3,0,12,15,0,3,7,10,25,0,170
2012012,15,0,0,0,7,7,0,3,3,6,13,0,0,0,0,0,0,0,4,4,4,0,32
2012101,16,0,3,0,11,14,0,4,0,4,18,0,0,0,0,0,0,0,3,3,3,0,37
2012102,22,0,8,0,22,30,0,3,3,6,36,0,3,0,0,3,0,0,3,3,6,3,67
2012103,50,0,6,0,27,33,0,4,5,9,42,0,0,0,12,12,0,0,5,5,17,0,109
2012104,55,0,0,3,23,26,0,5,7,12,38,0,0,0,11,11,0,0,3,3,14,3,110
2012105,48,0,6,0,19,25,0,5,9,14,39,0,0,0,5,5,0,0,0,0,5,3,95
2012106,21,0,0,0,11,11,3,0,0,3,14,0,3,0,0,3,3,0,3,6,9,3,47
2012107,13,0,3,0,10,13,0,3,4,7,20,0,0,0,0,0,0,0,0,0,0,0,33
2012108,50,0,6,0,25,31,4,3,5,12,43,0,0,0,4,4,0,0,7,7,11,0,104
2012201,109,4,11,6,55,76,5,6,21,32,108,0,4,0,13,17,0,0,6,6,23,5,245
2012202,49,0,10,4,22,36,0,0,0,0,36,0,0,3,22,25,0,3,8,11,36,3,124
2012203,82,5,12,0,47,64,5,5,11,21,85,0,0,0,9,9,0,4,8,12,21,6,194
2012204,35,4,4,0,28,36,0,0,10,10,46,4,0,0,6,10,0,0,4,4,14,0,95
2012205,50,0,8,4,32,44,0,3,3,6,50,0,3,0,8,11,0,5,4,9,20,3,123
2012206,52,0,5,0,37,42,4,3,8,15,57,3,0,0,3,6,0,7,0,7,13,0,122
2012207,25,0,3,0,8,11,3,3,3,9,20,0,3,0,3,6,0,0,3,3,9,0,54
2012208,76,0,14,0,59,73,8,4,12,24,97,0,0,4,7,11,0,0,8,8,19,5,197
2020101,27,0,6,4,12,22,0,0,4,4,26,0,0,0,0,0,0,0,0,0,0,0,53
2020102,37,0,13,0,17,30,0,3,3,6,36,0,0,0,0,0,0,0,0,0,0,0,73
2020103,23,0,0,0,13,13,0,5,4,9,22,0,0,0,0,0,0,0,0,0,0,6,51
2020104,59,0,7,5,25,37,0,3,6,9,46,0,0,3,5,8,0,0,5,5,13,0,118
2020105,59,0,9,0,26,35,4,4,11,19,54,0,0,0,6,6,0,0,3,3,9,0,122
2020106,125,0,5,4,40,49,0,4,20,24,73,0,4,3,11,18,0,5,11,16,34,0,232
2020107,38,0,7,3,29,39,0,3,12,15,54,0,0,0,6,6,0,0,5,5,11,0,103
2020108,20,0,7,0,20,27,0,0,4,4,31,0,3,0,3,6,0,0,3,3,9,3,63
2020109,25,0,0,0,8,8,3,3,3,9,17,0,0,0,4,4,0,3,0,3,7,0,49
2020110,23,0,18,0,23,41,4,5,6,15,56,0,0,0,5,5,0,0,0,0,5,0,84
2020111,28,0,3,5,7,15,0,3,3,6,21,0,0,0,0,0,0,0,0,0,0,3,52
2020112,26,0,0,0,18,18,0,3,6,9,27,0,0,0,7,7,0,0,0,0,7,0,60
2020201,69,4,8,0,22,34,0,5,15,20,54,0,0,3,8,11,0,0,11,11,22,3,148
2020202,55,3,3,6,22,34,0,0,10,10,44,0,0,0,10,10,0,0,6,6,16,3,118
2020203,70,0,3,3,37,43,0,4,16,20,63,4,0,4,22,30,0,4,10,14,44,4,181
2020204,44,3,3,3,25,34,0,0,6,6,40,0,0,0,0,0,0,0,5,5,5,0,89
2020205,110,4,15,7,50,76,5,6,10,21,97,0,4,0,7,11,0,0,13,13,24,0,231
2020206,99,0,11,0,37,48,0,5,23,28,76,0,4,4,15,23,0,3,13,16,39,0,214
2020301,44,0,6,0,25,31,0,0,9,9,40,0,0,0,4,4,0,0,4,4,8,0,92
2020302,41,0,8,3,23,34,4,6,13,23,57,0,0,0,0,0,0,0,0,0,0,0,98
2020303,23,0,0,0,16,16,0,3,3,6,22,0,0,0,5,5,0,0,0,0,5,0,50
2020304,38,0,5,0,13,18,0,0,11,11,29,0,0,0,0,0,0,0,5,5,5,0,72
2020305,44,0,11,0,19,30,0,6,3,9,39,0,3,0,3,6,0,0,3,3,9,3,95
2020306,52,0,9,0,21,30,0,0,11,11,41,0,5,0,3,8,0,0,4,4,12,7,112
2020307,78,3,3,0,22,28,3,4,3,10,38,0,6,0,9,15,0,4,6,10,25,0,141
2020308,53,0,0,0,19,19,0,7,5,12,31,0,0,3,4,7,0,3,0,3,10,0,94
2020309,29,0,9,0,27,36,3,4,11,18,54,0,0,0,4,4,0,3,3,6,10,0,93
2020310,96,0,5,0,24,29,0,8,10,18,47,0,0,0,3,3,3,0,3,6,9,9,161
2020401,44,0,6,0,10,16,0,0,6,6,22,0,0,0,0,0,0,0,5,5,5,5,76
2020402,41,4,4,5,24,37,0,6,11,17,54,0,0,0,3,3,0,0,7,7,10,0,105
2020403,68,9,11,0,18,38,3,3,14,20,58,0,4,0,7,11,0,0,5,5,16,0,142
2020404,31,0,3,0,11,14,4,3,6,13,27,0,0,0,7,7,0,0,5,5,12,0,70
2020405,13,3,3,0,5,11,0,0,5,5,16,0,0,0,0,0,0,0,0,0,0,0,29
2020406,35,0,0,0,18,18,0,3,5,8,26,0,0,0,0,0,0,3,3,6,6,0,67
2020407,36,0,8,0,26,34,0,0,5,5,39,0,3,0,4,7,0,0,3,3,10,0,85
2020408,77,5,6,0,14,25,3,3,15,21,46,0,3,3,20,26,0,0,9,9,35,0,158
2020409,56,3,6,3,23,35,4,4,7,15,50,0,4,0,3,7,0,3,10,13,20,6,132
2020410,72,3,4,5,27,39,3,3,7,13,52,0,4,0,8,12,0,0,5,5,17,0,141
2020411,105,3,9,0,46,58,4,5,10,19,77,0,0,0,17,17,0,0,12,12,29,0,211
2020412,80,0,11,8,53,72,3,12,12,27,99,0,0,0,9,9,0,0,7,7,16,0,195
2020413,22,0,4,0,9,13,0,0,0,0,13,0,0,0,4,4,0,0,0,0,4,7,46
2020501,66,6,0,0,24,30,0,5,9,14,44,0,0,0,21,21,0,0,17,17,38,0,148
2020502,69,0,0,6,31,37,0,0,10,10,47,0,0,0,13,13,3,3,3,9,22,0,138
2020503,30,0,9,3,30,42,6,0,10,16,58,0,0,0,8,8,0,0,0,0,8,0,96
2020504,28,0,0,0,18,18,0,0,6,6,24,0,0,0,5,5,0,3,3,6,11,0,63
2020505,59,0,0,0,37,37,0,4,10,14,51,3,0,0,13,16,0,0,11,11,27,0,137
2020506,46,0,0,0,25,25,0,7,5,12,37,0,4,0,5,9,0,3,9,12,21,3,107
2020507,66,4,4,0,35,43,0,10,15,25,68,0,6,0,28,34,0,0,12,12,46,4,184
2020508,65,3,5,0,30,38,3,6,7,16,54,0,0,0,8,8,0,0,8,8,16,3,138
2020509,90,0,11,0,31,42,3,8,11,22,64,0,3,0,11,14,0,3,6,9,23,3,180
2020510,64,0,5,0,17,22,0,7,9,16,38,0,0,0,12,12,0,0,0,0,12,5,119
2020511,47,0,7,0,23,30,0,8,10,18,48,0,4,5,5,14,0,0,4,4,18,0,113
2020512,75,0,17,4,42,63,0,12,11,23,86,0,3,0,6,9,0,3,6,9,18,8,187
2020601,40,0,5,5,26,36,0,3,8,11,47,0,0,0,7,7,0,0,5,5,12,0,99
2020602,28,0,0,7,13,20,3,3,6,12,32,0,0,0,8,8,0,0,3,3,11,0,71
2020603,47,0,10,4,19,33,3,6,6,15,48,0,3,0,8,11,0,0,7,7,18,0,113
2020604,34,0,8,0,17,25,3,4,4,11,36,0,0,0,3,3,0,0,0,0,3,5,78
2020605,67,0,12,5,59,76,5,6,12,23,99,0,0,0,0,0,0,0,6,6,6,0,172
2020606,12,0,0,7,6,13,0,0,9,9,22,0,0,0,3,3,0,0,3,3,6,0,40
2020607,44,3,15,0,25,43,3,3,3,9,52,0,0,0,4,4,0,0,4,4,8,0,104
2020608,65,0,9,5,48,62,0,0,14,14,76,0,4,0,0,4,0,0,5,5,9,0,150
2020701,96,4,13,8,53,78,4,14,21,39,117,0,0,0,10,10,0,0,5,5,15,0,228
2020702,58,0,7,0,35,42,0,10,9,19,61,0,0,0,6,6,0,0,0,0,6,4,129
2020703,64,0,9,0,38,47,0,3,10,13,60,0,3,0,7,10,0,3,7,10,20,0,144
2020704,84,4,10,4,30,48,5,7,5,17,65,0,0,4,17,21,0,0,6,6,27,5,181
2020705,77,4,13,0,50,67,4,6,16,26,93,0,0,0,9,9,0,4,10,14,23,0,193
2020706,54,3,3,0,45,51,6,3,10,19,70,0,0,0,6,6,0,0,0,0,6,3,133
2020707,55,0,7,3,35,45,3,3,14,20,65,0,0,0,7,7,0,3,3,6,13,3,136
2020708,67,0,0,0,28,28,0,3,8,11,39,0,0,0,5,5,0,0,9,9,14,0,120
2020709,47,5,6,3,20,34,0,0,6,6,40,0,0,0,10,10,0,0,7,7,17,0,104
2020710,40,3,8,5,57,73,7,9,4,20,93,0,0,0,8,8,0,0,4,4,12,0,145
2020801,56,0,10,0,16,26,0,5,0,5,31,0,4,0,4,8,0,0,4,4,12,0,99
2020802,38,5,6,0,20,31,6,0,9,15,46,0,0,3,4,7,0,0,0,0,7,0,91
2020803,75,6,12,0,22,40,3,3,7,13,53,0,0,0,6,6,0,0,4,4,10,0,138
2020804,26,0,0,0,17,17,0,0,0,0,17,0,3,0,3,6,0,0,3,3,9,0,52
2020805,67,4,3,0,22,29,0,3,8,11,40,0,0,0,12,12,0,0,8,8,20,0,127
2020806,30,0,0,0,21,21,0,0,4,4,25,0,7,0,26,33,3,5,9,17,50,8,113
2020807,76,0,7,4,51,62,4,0,14,18,80,0,7,5,44,56,3,0,10,13,69,0,225
2020808,78,0,4,4,37,45,0,4,9,13,58,0,0,0,10,10,0,5,5,10,20,0,156
2020809,66,3,11,3,37,54,3,5,12,20,74,0,4,0,11,15,0,0,12,12,27,3,170
2020810,117,3,5,4,105,117,5,7,11,23,140,0,5,0,9,14,4,0,4,8,22,3,282
2020901,85,3,8,0,34,45,0,0,13,13,58,0,4,0,20,24,3,0,12,15,39,5,187
2020902,20,0,5,0,8,13,0,3,3,6,19,0,0,0,0,0,0,0,0,0,0,4,43
2020903,33,0,7,3,13,23,0,0,4,4,27,0,3,0,11,14,0,0,6,6,20,0,80
2020904,45,0,4,0,21,25,5,0,15,20,45,0,0,0,10,10,0,9,8,17,27,0,117
2020905,60,0,6,0,25,31,0,3,13,16,47,0,0,6,14,20,4,0,6,10,30,7,144
2020906,66,0,3,4,26,33,3,4,3,10,43,0,3,0,8,11,0,0,4,4,15,0,124
2020907,75,0,0,5,56,61,0,0,11,11,72,0,7,4,17,28,0,4,5,9,37,5,189
2020908,108,3,14,3,43,63,4,18,10,32,95,0,3,3,13,19,0,0,12,12,31,4,238
2020909,38,0,0,0,27,27,4,4,5,13,40,0,6,0,20,26,0,0,0,0,26,0,104
2020910,94,0,6,6,75,87,8,9,6,23,110,0,6,6,32,44,0,6,11,17,61,0,265
2021001,121,7,19,0,64,90,7,8,32,47,137,0,0,0,14,14,0,3,7,10,24,0,282
2021002,46,0,11,7,26,44,4,3,3,10,54,0,0,0,0,0,0,0,7,7,7,3,110
2021003,38,0,3,0,22,25,4,6,12,22,47,0,0,0,21,21,3,0,4,7,28,0,113
2021004,34,0,9,0,32,41,0,5,11,16,57,0,0,3,0,3,0,0,6,6,9,0,100
2021005,76,3,4,3,42,52,3,6,22,31,83,0,0,3,4,7,0,6,6,12,19,0,178
2021006,57,0,9,3,29,41,0,4,14,18,59,0,0,4,5,9,0,3,0,3,12,3,131
2021007,42,0,10,0,34,44,0,6,10,16,60,0,0,0,4,4,0,0,3,3,7,4,113
2021008,48,3,7,3,23,36,0,6,17,23,59,0,0,0,7,7,0,3,0,3,10,0,117
2021009,22,0,0,0,12,12,4,0,0,4,16,0,0,0,7,7,0,0,3,3,10,0,48
2021010,79,0,13,4,50,67,4,3,15,22,89,0,3,0,18,21,0,4,5,9,30,3,201
2021011,58,0,13,0,38,51,8,0,12,20,71,0,3,0,3,6,0,0,3,3,9,3,141
2021012,57,0,10,0,38,48,3,3,14,20,68,0,0,0,3,3,0,0,5,5,8,0,133
2021013,29,5,14,6,48,73,5,7,8,20,93,0,3,0,3,6,0,3,0,3,9,0,131
2021101,53,0,11,10,52,73,0,5,8,13,86,0,0,0,9,9,0,0,7,7,16,5,160
2021102,45,0,13,0,32,45,0,4,11,15,60,0,0,0,0,0,0,0,9,9,9,0,114
2021103,53,4,9,0,21,34,7,0,10,17,51,0,0,0,10,10,0,0,6,6,16,0,120
2021104,47,6,14,0,25,45,8,6,11,25,70,0,4,0,4,8,0,0,5,5,13,0,130
2021105,48,5,9,0,37,51,4,6,12,22,73,0,6,0,0,6,0,3,4,7,13,0,134
2021106,60,0,15,0,21,36,4,6,16,26,62,0,0,0,8,8,0,0,8,8,16,0,138
2021107,39,0,5,0,35,40,0,6,15,21,61,0,0,0,5,5,3,3,0,6,11,0,111
2021108,49,0,6,0,33,39,0,0,13,13,52,0,0,0,6,6,0,0,6,6,12,0,113
2021109,97,4,13,0,51,68,0,7,15,22,90,3,3,6,27,39,0,7,4,11,50,0,237
2021110,46,0,0,3,30,33,3,3,12,18,51,0,0,3,14,17,0,3,12,15,32,3,132
2021111,50,0,7,0,34,41,3,4,17,24,65,0,0,0,14,14,0,0,0,0,14,5,134
2021112,27,4,13,4,21,42,0,8,7,15,57,0,3,3,3,9,3,0,3,6,15,0,99
2021113,62,4,10,3,32,49,5,5,11,21,70,0,0,0,4,4,3,0,3,6,10,4,146
2021114,26,3,5,5,31,44,0,5,9,14,58,0,0,0,4,4,3,0,0,3,7,3,94
2021115,28,0,10,3,13,26,0,0,8,8,34,0,0,0,0,0,0,4,0,4,4,0,66
2021201,104,3,13,0,88,104,0,8,19,27,131,0,3,0,9,12,0,3,6,9,21,3,259
2021202,52,0,3,0,21,24,7,0,0,7,31,3,0,6,24,33,0,3,11,14,47,4,134
2021203,54,0,12,0,28,40,3,3,9,15,55,0,4,6,23,33,0,5,12,17,50,0,159
2021204,64,0,8,5,50,63,3,3,3,9,72,0,3,6,22,31,0,5,9,14,45,0,181
2021205,59,6,0,5,30,41,0,9,8,17,58,0,7,10,39,56,0,0,16,16,72,3,192
2021206,14,0,0,0,4,4,0,3,7,10,14,0,0,3,3,6,0,0,0,0,6,0,34
2021207,47,0,5,5,23,33,0,6,9,15,48,0,6,7,24,37,0,3,6,9,46,3,144
2021208,57,6,13,0,41,60,6,8,20,34,94,0,0,0,21,21,0,5,5,10,31,0,182
2021209,83,3,13,0,29,45,3,10,20,33,78,0,0,0,8,8,0,4,7,11,19,3,183
2021210,50,0,13,0,44,57,3,9,14,26,83,0,0,0,12,12,0,0,8,8,20,0,153
2021211,45,5,4,0,22,31,3,3,16,22,53,0,0,0,9,9,5,0,0,5,14,4,116
2021212,50,0,3,3,33,39,6,6,14,26,65,0,6,0,18,24,0,6,10,16,40,0,155
2021213,60,0,16,4,40,60,5,0,10,15,75,0,8,5,25,38,0,5,9,14,52,0,187
2021214,0,0,0,0,0,0,0,0,0,0,0,0,0,0,0,0,0,0,0,0,0,0,0
2021215,79,0,8,0,36,44,0,10,12,22,66,0,3,3,15,21,3,4,3,10,31,0,176
2021216,23,4,8,3,23,38,0,0,13,13,51,4,0,0,3,7,0,0,0,0,7,0,81
2021301,59,0,10,4,37,51,5,10,18,33,84,0,0,0,10,10,0,0,3,3,13,0,156
2021302,50,0,6,0,30,36,0,11,17,28,64,0,0,0,0,0,0,3,5,8,8,0,122
2021303,36,0,6,0,22,28,0,0,10,10,38,0,0,0,4,4,0,0,6,6,10,0,84
2021304,30,0,3,0,16,19,0,0,4,4,23,0,0,0,0,0,0,0,4,4,4,0,57
2021305,32,0,0,0,21,21,3,4,3,10,31,0,6,0,5,11,0,0,4,4,15,0,78
2021306,52,4,7,6,19,36,4,0,17,21,57,0,3,0,3,6,0,0,6,6,12,0,121
2021307,73,0,15,5,47,67,5,4,13,22,89,0,4,0,3,7,0,0,4,4,11,3,176
2021308,18,0,6,0,8,14,0,0,4,4,18,3,0,0,3,6,0,0,0,0,6,0,42
2021309,14,0,0,3,19,22,3,0,3,6,28,0,0,0,3,3,0,3,3,6,9,0,51
2021310,28,0,0,0,26,26,6,3,4,13,39,0,0,0,6,6,0,0,5,5,11,0,78
2021311,17,0,6,0,21,27,0,0,3,3,30,0,3,0,0,3,0,0,3,3,6,0,53
2021401,25,0,8,0,13,21,5,0,18,23,44,0,0,3,3,6,3,0,3,6,12,0,81
2021402,43,0,13,0,23,36,4,3,8,15,51,0,0,0,4,4,5,0,0,5,9,0,103
2021403,50,4,14,8,45,71,7,4,19,30,101,0,0,0,9,9,0,0,8,8,17,0,168
2021404,32,0,7,0,28,35,4,4,5,13,48,0,0,3,5,8,0,3,0,3,11,0,91
2021405,20,0,13,4,27,44,0,0,9,9,53,0,0,0,3,3,0,0,0,0,3,3,79
2021406,71,0,6,5,47,58,3,4,18,25,83,0,0,0,7,7,0,3,0,3,10,0,164
2021407,54,5,12,0,50,67,3,13,21,37,104,0,0,0,6,6,0,0,4,4,10,0,168
2021408,47,0,17,0,25,42,7,14,6,27,69,0,0,0,6,6,0,0,0,0,6,0,122
2021409,19,0,0,0,17,17,6,0,10,16,33,0,3,0,3,6,0,0,4,4,10,0,62
2021410,77,7,23,5,85,120,6,11,18,35,155,0,0,0,14,14,0,5,8,13,27,7,266
2021411,57,6,16,4,57,83,6,12,11,29,112,0,4,0,3,7,0,5,0,5,12,0,181
2021412,35,0,7,7,18,32,3,3,13,19,51,0,3,0,10,13,0,0,3,3,16,0,102
2021413,126,7,11,3,69,90,9,9,17,35,125,0,5,0,19,24,3,3,4,10,34,0,285
2021414,30,0,8,0,33,41,0,11,5,16,57,0,0,0,0,0,0,0,0,0,0,0,87
2021415,18,0,4,0,14,18,0,6,10,16,34,0,0,0,0,0,0,0,0,0,0,0,52
2021416,20,0,3,0,14,17,0,4,4,8,25,0,0,0,0,0,0,0,0,0,0,0,45
2021417,84,0,22,3,113,138,7,8,18,33,171,0,0,0,11,11,0,3,5,8,19,0,274
2021418,36,0,0,0,7,7,3,3,0,6,13,0,0,0,6,6,0,0,0,0,6,3,58
2021419,62,0,14,0,38,52,0,12,9,21,73,0,4,0,0,4,0,3,0,3,7,0,142
2021420,0,0,0,0,0,0,0,0,0,0,0,0,3,0,0,3,0,0,3,3,6,3,9
2021501,83,0,8,7,34,49,3,8,22,33,82,0,6,0,15,21,0,0,7,7,28,4,197
2021502,27,0,7,0,45,52,0,8,5,13,65,0,0,0,7,7,0,3,3,6,13,0,105
2021503,47,0,3,3,22,28,0,4,5,9,37,0,7,0,25,32,0,5,7,12,44,5,133
2021504,62,0,6,0,26,32,0,7,12,19,51,0,0,4,6,10,0,0,6,6,16,3,132
2021505,72,5,5,8,34,52,4,0,6,10,62,0,10,0,37,47,0,6,18,24,71,5,210
2021506,55,0,10,7,42,59,4,3,15,22,81,0,5,3,28,36,3,0,22,25,61,7,204
2021507,65,0,9,4,46,59,0,19,15,34,93,0,0,0,13,13,0,0,0,0,13,0,171
2021508,15,0,3,5,28,36,0,0,8,8,44,0,7,5,34,46,4,5,12,21,67,0,126
2021509,101,4,16,6,48,74,7,15,13,35,109,0,0,0,9,9,0,4,10,14,23,0,233
2021510,55,0,16,3,84,103,3,11,14,28,131,0,0,0,9,9,0,0,0,0,9,0,195
2021511,42,7,0,0,67,74,0,3,16,19,93,0,0,0,10,10,0,0,0,0,10,0,145
2021601,69,0,6,0,27,33,0,0,15,15,48,0,0,6,12,18,0,0,0,0,18,0,135
2021602,49,0,4,0,36,40,3,3,11,17,57,3,0,3,11,17,0,0,8,8,25,0,131
2021603,23,0,4,0,12,16,0,3,6,9,25,0,0,0,11,11,0,0,7,7,18,0,66
2021604,65,0,7,0,60,67,5,6,11,22,89,0,6,0,18,24,0,8,13,21,45,6,205
2021605,36,0,3,4,21,28,4,0,4,8,36,0,0,0,13,13,0,0,0,0,13,0,85
2021606,45,3,3,0,23,29,0,0,9,9,38,0,5,3,19,27,0,0,17,17,44,3,130
2021607,40,0,0,0,14,14,4,0,0,4,18,0,0,0,11,11,0,0,0,0,11,0,69
2021608,34,0,9,0,26,35,5,4,8,17,52,5,3,3,5,16,0,0,0,0,16,3,105
2021609,52,0,0,0,21,21,0,3,6,9,30,0,3,0,0,3,0,0,9,9,12,4,98
2021610,41,0,5,0,12,17,0,5,6,11,28,0,0,0,11,11,0,0,6,6,17,0,86
2021611,31,0,8,0,9,17,0,5,5,10,27,0,3,0,9,12,3,0,3,6,18,4,80
2021612,8,0,0,3,9,12,0,0,4,4,16,0,3,3,5,11,0,0,0,0,11,0,35
2021613,22,0,3,0,6,9,0,0,3,3,12,0,0,0,3,3,0,0,3,3,6,0,40
2021614,17,0,8,0,16,24,0,0,4,4,28,0,0,0,8,8,0,0,0,0,8,0,53
2021701,79,0,7,0,27,34,7,9,12,28,62,0,0,0,17,17,0,0,0,0,17,5,163
2021702,39,0,6,3,4,13,3,0,3,6,19,0,0,0,0,0,0,5,3,8,8,0,66
2021703,53,0,4,3,31,38,0,3,7,10,48,0,4,0,23,27,0,0,16,16,43,3,147
2021704,49,5,0,3,36,44,0,0,13,13,57,0,4,3,13,20,4,0,7,11,31,0,137
2021705,58,5,9,0,57,71,0,5,15,20,91,3,5,4,57,69,0,4,18,22,91,0,240
2021706,56,3,7,3,44,57,9,0,13,22,79,0,3,4,23,30,5,4,3,12,42,4,181
2021707,87,5,7,4,36,52,6,9,7,22,74,0,0,5,20,25,0,5,11,16,41,3,205
2021708,51,0,0,5,30,35,0,8,9,17,52,0,0,5,15,20,0,5,11,16,36,6,145
2021709,58,0,4,0,19,23,0,0,19,19,42,0,0,0,15,15,0,3,3,6,21,7,128
2021710,53,0,6,3,33,42,4,7,14,25,67,0,0,3,14,17,0,0,6,6,23,5,148
2021711,59,6,7,3,27,43,6,10,5,21,64,0,3,0,10,13,0,0,5,5,18,3,144
2021712,45,0,11,3,50,64,3,3,10,16,80,0,0,0,9,9,3,0,3,6,15,7,147
2021713,40,0,5,4,40,49,4,3,3,10,59,0,0,4,15,19,0,0,0,0,19,4,122
2021801,49,0,8,0,22,30,5,8,4,17,47,4,0,0,12,16,0,3,0,3,19,4,119
2021802,25,0,0,0,17,17,0,0,4,4,21,0,0,0,6,6,3,0,3,6,12,5,63
2021803,19,0,4,0,5,9,3,3,4,10,19,0,3,3,3,9,0,0,6,6,15,0,53
2021804,19,3,0,0,12,15,4,0,0,4,19,0,4,0,7,11,0,0,3,3,14,7,59
2021805,49,3,11,3,32,49,0,5,6,11,60,0,0,4,15,19,5,3,8,16,35,4,148
2021806,77,3,10,6,53,72,0,7,20,27,99,0,8,9,29,46,0,4,19,23,69,3,248
2021807,49,0,10,0,47,57,0,10,11,21,78,0,6,4,17,27,0,5,13,18,45,6,178
2021808,44,0,0,3,29,32,0,3,3,6,38,0,0,0,20,20,0,3,8,11,31,0,113
2021809,53,0,4,0,25,29,3,0,13,16,45,0,3,0,16,19,0,5,5,10,29,0,127
2021810,7,0,4,0,3,7,0,0,4,4,11,0,0,0,0,0,0,0,6,6,6,0,24
2021811,83,5,7,3,51,66,4,13,23,40,106,0,0,3,33,36,3,3,13,19,55,7,251
2021812,93,0,13,3,78,94,6,0,17,23,117,0,4,0,28,32,0,0,12,12,44,5,259
2030101,124,0,14,0,56,70,4,14,20,38,108,0,4,0,3,7,0,3,13,16,23,0,255
2030102,91,5,9,0,51,65,6,6,20,32,97,0,4,0,26,30,3,0,11,14,44,4,236
2030103,164,0,3,0,35,38,3,3,9,15,53,0,3,4,15,22,0,0,12,12,34,8,259
2030104,62,0,7,4,35,46,5,3,12,20,66,0,0,4,19,23,0,0,11,11,34,0,162
2030105,56,3,14,0,22,39,6,3,12,21,60,0,0,0,7,7,0,0,8,8,15,0,131
2030106,39,3,3,3,16,25,0,7,3,10,35,0,0,0,0,0,0,0,5,5,5,0,79
2030107,104,5,10,0,42,57,0,4,15,19,76,0,0,6,13,19,0,0,9,9,28,0,208
2030108,56,3,8,6,30,47,0,3,7,10,57,0,0,6,17,23,0,0,12,12,35,5,153
2030109,50,0,10,0,21,31,0,5,8,13,44,0,0,0,6,6,0,0,6,6,12,0,106
2030110,97,0,19,4,72,95,5,6,14,25,120,0,0,0,11,11,3,3,4,10,21,0,238
2030201,59,3,8,0,31,42,7,8,10,25,67,0,0,0,5,5,0,3,5,8,13,3,142
2030202,39,0,12,0,26,38,8,0,11,19,57,0,4,3,3,10,0,3,0,3,13,0,109
2030203,25,0,4,0,18,22,0,0,5,5,27,0,0,0,0,0,5,0,0,5,5,6,63
2030204,42,3,17,0,24,44,0,3,6,9,53,0,0,0,4,4,0,3,3,6,10,0,105
2030205,37,5,3,6,3,17,3,5,3,11,28,0,0,0,0,0,0,0,0,0,0,4,69
2030206,27,3,8,4,13,28,5,0,8,13,41,0,0,0,3,3,0,0,0,0,3,0,71
2030207,34,0,3,4,30,37,3,3,5,11,48,0,0,0,3,3,0,0,4,4,7,0,89
2030208,31,0,3,0,10,13,3,0,4,7,20,0,0,0,0,0,0,0,6,6,6,0,57
2030209,50,7,0,0,16,23,0,0,6,6,29,0,0,3,7,10,0,0,6,6,16,3,98
2030210,33,0,12,0,32,44,0,6,7,13,57,3,0,0,0,3,0,0,3,3,6,4,100
2030301,79,0,4,4,23,31,3,3,7,13,44,0,0,0,13,13,0,3,5,8,21,3,147
2030302,47,0,3,4,14,21,0,0,4,4,25,0,0,0,7,7,0,0,6,6,13,0,85
2030303,49,0,4,0,12,16,5,0,5,10,26,0,0,0,4,4,0,0,6,6,10,0,85
2030304,52,0,7,0,20,27,0,7,9,16,43,0,0,0,8,8,0,0,6,6,14,0,109
2030305,50,0,4,3,16,23,0,4,7,11,34,0,3,4,15,22,0,0,12,12,34,0,118
2030306,57,0,0,0,27,27,0,4,9,13,40,0,3,0,5,8,0,0,0,0,8,3,108
2030307,25,3,3,0,8,14,0,0,3,3,17,0,0,0,0,0,0,0,5,5,5,0,47
2030308,74,4,10,0,33,47,6,0,13,19,66,0,0,0,5,5,0,4,5,9,14,4,158
2030309,60,0,4,0,12,16,0,4,0,4,20,0,3,0,5,8,0,6,0,6,14,0,94
2030310,44,0,5,4,24,33,0,0,0,0,33,0,0,0,5,5,0,0,0,0,5,0,82
2030311,76,3,7,4,32,46,5,0,12,17,63,0,3,4,34,41,0,0,15,15,56,3,198
2030312,103,3,7,0,33,43,4,0,10,14,57,0,0,0,9,9,0,0,9,9,18,3,181
2030313,107,0,9,0,32,41,5,3,4,12,53,0,0,0,0,0,0,0,3,3,3,0,163
2030314,22,0,4,3,12,19,0,0,0,0,19,0,0,0,0,0,0,0,0,0,0,0,41
2030315,81,0,10,5,62,77,0,6,8,14,91,0,0,0,6,6,3,0,3,6,12,0,184
2030401,41,0,11,0,25,36,3,0,4,7,43,0,0,0,0,0,0,0,4,4,4,0,88
2030402,23,0,3,0,9,12,3,0,4,7,19,0,0,0,3,3,0,0,0,0,3,0,45
2030403,100,3,8,0,64,75,4,4,12,20,95,0,4,0,15,19,0,0,3,3,22,0,217
2030404,102,7,12,4,45,68,4,16,17,37,105,0,9,0,9,18,0,0,12,12,30,0,237
2030405,47,0,8,3,26,37,0,8,6,14,51,0,3,0,9,12,0,0,7,7,19,0,117
2030406,45,0,10,4,21,35,4,4,7,15,50,0,0,0,3,3,0,0,3,3,6,0,101
2030407,64,0,6,0,42,48,4,0,18,22,70,0,3,0,16,19,0,0,8,8,27,5,166
2030408,80,4,10,6,53,73,6,9,12,27,100,0,0,4,8,12,5,0,0,5,17,3,200
2030409,59,0,5,4,31,40,3,0,15,18,58,0,6,0,16,22,0,0,7,7,29,0,146
2030410,44,3,9,3,33,48,3,6,7,16,64,0,5,0,12,17,0,3,7,10,27,0,135
2030501,0,0,0,0,0,0,0,0,0,0,0,0,0,0,0,0,0,0,0,0,0,0,0
2030502,43,5,16,0,31,52,8,6,0,14,66,0,0,4,0,4,0,7,0,7,11,0,120
2030503,70,3,3,4,35,45,8,5,9,22,67,3,3,3,30,39,0,0,11,11,50,4,191
2030504,0,0,0,0,3,3,0,0,0,0,3,0,0,0,0,0,0,0,0,0,0,0,3
2030505,37,5,5,0,13,23,0,4,8,12,35,0,0,3,13,16,0,0,7,7,23,0,95
2030506,63,0,8,3,20,31,0,6,6,12,43,0,3,0,9,12,0,6,19,25,37,4,147
2030507,62,0,0,0,39,39,5,0,7,12,51,0,5,0,16,21,0,6,3,9,30,6,149
2030508,77,0,9,0,36,45,0,7,12,19,64,0,4,0,33,37,0,0,15,15,52,4,197
2030509,58,3,12,3,37,55,0,5,15,20,75,0,0,0,0,0,0,0,3,3,3,0,136
2030510,69,3,17,3,86,109,10,13,12,35,144,0,0,0,5,5,4,0,0,4,9,4,226
2030511,32,0,0,0,13,13,0,0,5,5,18,0,3,0,10,13,3,3,3,9,22,0,72
2030512,11,0,0,0,5,5,0,0,3,3,8,0,3,0,6,9,3,0,0,3,12,0,31
2030513,45,0,9,0,42,51,3,6,9,18,69,0,0,0,14,14,4,5,0,9,23,3,140
2030514,49,0,8,4,72,84,0,6,4,10,94,0,4,0,13,17,3,0,3,6,23,0,166
2030601,54,0,12,4,40,56,0,3,14,17,73,3,11,7,75,96,0,0,21,21,117,3,247
2030602,80,3,4,6,55,68,3,0,12,15,83,3,6,0,21,30,0,5,12,17,47,3,213
2030603,54,0,5,0,26,31,3,3,9,15,46,0,3,6,36,45,3,3,10,16,61,8,169
2030604,30,3,4,0,16,23,4,3,3,10,33,3,0,0,0,3,0,0,4,4,7,3,73
2030605,65,3,10,0,45,58,0,13,7,20,78,0,0,0,4,4,0,0,3,3,7,0,150
2030606,96,0,8,3,68,79,0,8,16,24,103,0,4,3,19,26,0,5,12,17,43,6,248
2030607,58,0,4,0,33,37,0,3,9,12,49,0,3,0,30,33,0,0,9,9,42,4,153
2030608,65,0,3,3,46,52,3,3,6,12,64,0,0,0,7,7,5,5,0,10,17,3,149
2030609,76,4,3,7,39,53,0,3,17,20,73,4,5,6,45,60,4,6,19,29,89,3,241
2030610,53,3,6,0,44,53,0,0,17,17,70,4,4,5,36,49,3,4,13,20,69,4,196
2030611,57,3,3,0,34,40,0,3,8,11,51,0,0,6,12,18,0,6,6,12,30,0,138
2030612,96,0,6,3,43,52,3,7,23,33,85,0,6,3,17,26,0,0,16,16,42,6,229
2030613,78,6,6,6,55,73,4,7,3,14,87,0,0,5,5,10,0,0,4,4,14,0,179
2030614,44,0,0,4,90,94,0,3,6,9,103,0,0,0,12,12,0,0,0,0,12,0,159
2030615,22,0,0,0,17,17,0,0,3,3,20,0,0,0,4,4,0,0,5,5,9,0,51
2030616,34,5,7,0,89,101,5,6,0,11,112,0,0,0,7,7,0,0,0,0,7,0,153
2030617,81,0,6,8,85,99,5,6,12,23,122,0,0,0,15,15,0,3,3,6,21,3,227
2030701,58,0,7,0,73,80,5,6,14,25,105,0,5,3,23,31,0,10,3,13,44,0,207
2030702,76,0,3,3,22,28,4,3,15,22,50,0,5,0,14,19,0,0,12,12,31,3,160
2030703,74,4,3,3,27,37,3,3,13,19,56,3,3,3,13,22,0,6,5,11,33,3,166
2030704,43,0,0,0,43,43,0,3,8,11,54,0,3,0,15,18,0,5,10,15,33,0,130
2030705,51,0,6,0,18,24,0,3,7,10,34,0,0,0,10,10,4,0,6,10,20,3,108
2030706,33,0,3,0,17,20,0,0,6,6,26,0,0,0,8,8,0,3,4,7,15,3,77
2030707,75,0,3,0,27,30,0,9,6,15,45,0,6,0,29,35,0,4,15,19,54,0,174
2030708,38,0,3,3,29,35,0,4,6,10,45,0,4,0,8,12,0,0,0,0,12,0,95
2030709,51,0,0,0,21,21,3,5,9,17,38,0,3,0,20,23,0,3,13,16,39,4,132
2030710,38,0,3,0,14,17,0,0,3,3,20,0,3,0,11,14,3,0,3,6,20,3,81
2030711,84,3,3,3,53,62,0,6,12,18,80,0,12,3,26,41,0,7,14,21,62,5,231
2030712,97,3,10,4,41,58,6,14,19,39,97,0,8,0,13,21,4,3,16,23,44,0,238
2030801,68,0,19,7,41,67,6,7,7,20,87,0,0,0,6,6,0,0,8,8,14,3,172
2030802,59,3,15,3,57,78,5,9,13,27,105,0,0,0,12,12,0,4,3,7,19,0,183
2030803,52,3,7,0,35,45,5,7,15,27,72,0,0,0,6,6,0,0,4,4,10,0,134
2030804,63,0,7,6,36,49,0,11,14,25,74,0,0,0,20,20,0,5,11,16,36,4,177
2030805,27,0,4,0,10,14,3,3,3,9,23,0,0,0,10,10,0,0,5,5,15,3,68
2030806,37,0,0,0,11,11,0,3,3,6,17,0,0,0,4,4,0,8,0,8,12,0,66
2030807,55,4,23,3,80,110,16,13,8,37,147,0,0,0,4,4,0,5,4,9,13,0,215
2030808,26,0,0,0,9,9,0,0,10,10,19,0,0,0,9,9,0,0,4,4,13,0,58
2030809,67,0,16,0,44,60,8,14,24,46,106,0,6,0,9,15,4,0,6,10,25,0,198
2030810,70,0,8,3,47,58,6,11,16,33,91,3,3,3,14,23,4,6,9,19,42,3,206
2030811,54,0,3,4,16,23,3,3,12,18,41,0,4,0,11,15,3,3,5,11,26,10,131
2030812,77,5,15,4,33,57,7,16,9,32,89,0,0,0,9,9,0,6,4,10,19,0,185
2030813,74,4,10,0,78,92,0,14,16,30,122,0,0,0,5,5,5,0,5,10,15,0,211
2030814,56,0,15,0,58,73,3,3,7,13,86,0,0,0,14,14,0,5,5,10,24,0,166
2030815,57,6,23,0,75,104,11,12,22,45,149,0,0,0,0,0,0,3,0,3,3,0,209
2030901,28,0,5,0,12,17,0,0,3,3,20,0,0,0,8,8,0,0,0,0,8,0,56
2030902,26,0,5,0,14,19,4,4,5,13,32,0,0,0,0,0,0,0,0,0,0,0,58
2030903,23,0,5,0,10,15,4,3,3,10,25,0,3,0,0,3,0,0,0,0,3,0,51
2030904,56,0,4,5,26,35,4,6,0,10,45,0,0,0,8,8,0,4,0,4,12,5,118
2030905,68,3,3,0,25,31,0,0,4,4,35,0,0,0,14,14,0,3,7,10,24,4,131
2030906,27,0,7,0,24,31,4,0,8,12,43,0,0,0,3,3,0,3,3,6,9,0,79
2030907,69,0,0,0,23,23,0,6,9,15,38,0,3,0,0,3,0,0,0,0,3,0,110
2030908,35,0,5,0,22,27,0,0,7,7,34,0,0,0,7,7,0,0,0,0,7,4,80
2030909,29,0,8,3,5,16,3,3,3,9,25,0,0,0,5,5,0,0,3,3,8,0,62
2031001,21,0,0,0,7,7,0,0,9,9,16,0,0,0,3,3,0,0,4,4,7,0,44
2031002,33,0,0,0,8,8,0,0,3,3,11,0,0,0,7,7,0,0,0,0,7,0,51
2031003,15,0,0,0,4,4,0,0,3,3,7,0,0,0,5,5,0,0,0,0,5,0,27
2031004,26,0,5,0,6,11,0,3,0,3,14,0,0,0,0,0,0,0,0,0,0,0,40
2031005,21,0,0,5,8,13,0,0,7,7,20,0,0,0,0,0,0,0,0,0,0,0,41
2031006,36,0,6,0,14,20,0,0,7,7,27,0,4,0,7,11,0,0,4,4,15,0,78
2031007,30,0,7,0,7,14,3,0,0,3,17,0,0,0,0,0,0,0,3,3,3,0,50
2031009,0,0,0,0,0,0,0,0,0,0,0,0,0,0,0,0,0,0,0,0,0,0,0
2031101,35,0,5,0,15,20,0,3,3,6,26,0,0,0,0,0,0,0,3,3,3,0,64
2031102,55,0,13,0,24,37,4,0,3,7,44,0,0,0,8,8,0,3,3,6,14,0,113
2031103,11,0,3,0,7,10,0,0,3,3,13,0,0,0,0,0,0,0,5,5,5,0,29
2031104,20,0,3,3,7,13,0,5,0,5,18,0,0,0,0,0,0,0,0,0,0,0,38
2031105,20,0,0,4,7,11,0,0,0,0,11,0,0,0,0,0,0,0,3,3,3,0,34
2031106,16,4,0,0,9,13,0,6,0,6,19,0,0,0,0,0,0,0,0,0,0,0,35
2031107,35,3,4,3,15,25,0,5,9,14,39,0,0,0,0,0,0,0,6,6,6,0,80
2031108,27,0,0,0,18,18,0,0,10,10,28,0,0,0,4,4,0,4,6,10,14,0,69
2031109,48,0,7,4,32,43,3,3,8,14,57,0,3,0,4,7,3,3,3,9,16,3,124
2031201,55,0,8,3,31,42,0,0,14,14,56,0,0,0,18,18,0,4,4,8,26,0,137
2031202,38,4,13,3,40,60,0,5,12,17,77,0,0,0,3,3,0,0,8,8,11,0,126
2031203,54,0,3,3,33,39,0,4,10,14,53,0,0,0,10,10,3,0,8,11,21,0,128
2031204,21,3,3,3,18,27,3,3,3,9,36,0,0,0,0,0,0,0,3,3,3,0,60
2031205,42,5,8,3,37,53,0,12,19,31,84,0,0,0,0,0,0,7,0,7,7,0,133
2031206,78,10,14,0,50,74,0,5,14,19,93,0,3,0,3,6,0,0,6,6,12,4,187
2031207,112,5,11,4,52,72,0,5,15,20,92,0,0,3,22,25,0,7,14,21,46,3,253
2031208,37,0,6,0,14,20,3,3,7,13,33,0,0,0,12,12,3,3,0,6,18,0,88
2031209,77,0,5,0,30,35,0,4,9,13,48,0,5,0,8,13,0,0,11,11,24,6,155
2031210,51,0,8,3,27,38,0,3,11,14,52,0,0,3,27,30,0,0,8,8,38,3,144
2031211,120,0,12,0,45,57,4,9,5,18,75,0,0,0,7,7,0,0,9,9,16,0,211
2031212,17,0,0,5,6,11,0,0,4,4,15,0,0,0,5,5,3,0,7,10,15,0,47
2031301,32,0,0,7,22,29,6,0,10,16,45,0,0,0,3,3,0,0,0,0,3,0,80
2031302,63,0,0,0,56,56,0,11,10,21,77,0,0,0,12,12,0,0,0,0,12,3,155
2031303,38,0,10,0,21,31,6,3,9,18,49,0,8,0,0,8,0,0,6,6,14,0,101
2031304,28,0,4,3,13,20,0,3,5,8,28,0,0,0,0,0,0,0,0,0,0,0,56
2031305,34,0,10,0,41,51,5,4,7,16,67,0,3,0,8,11,0,0,4,4,15,0,116
2031306,37,0,0,5,32,37,0,11,15,26,63,0,3,0,7,10,0,0,4,4,14,0,114
2031307,103,3,18,3,87,111,6,12,18,36,147,4,0,0,3,7,0,4,5,9,16,0,266
2031308,10,0,6,0,16,22,0,5,0,5,27,0,0,0,4,4,0,0,0,0,4,0,41
2031309,25,4,0,0,15,19,0,6,0,6,25,0,0,0,5,5,0,0,0,0,5,0,55
2031310,22,0,8,0,14,22,0,4,0,4,26,0,0,0,0,0,0,0,4,4,4,0,52
2031311,27,3,9,0,26,38,0,0,4,4,42,0,0,0,10,10,0,0,0,0,10,0,79
2031401,69,0,6,0,40,46,0,3,11,14,60,0,0,0,9,9,0,5,0,5,14,0,143
2031402,83,0,10,3,59,72,0,10,10,20,92,0,5,0,3,8,3,3,8,14,22,0,197
2031403,79,0,14,0,28,42,4,17,15,36,78,0,0,0,0,0,0,0,8,8,8,0,165
2031404,63,0,5,4,28,37,0,3,8,11,48,0,0,0,14,14,6,5,4,15,29,0,140
2031405,76,0,6,0,35,41,3,3,16,22,63,6,0,0,14,20,0,4,9,13,33,0,172
2031406,41,0,11,5,39,55,0,4,8,12,67,0,8,0,11,19,0,0,5,5,24,3,135
2031407,97,3,10,0,40,53,9,7,11,27,80,0,3,0,15,18,0,0,12,12,30,3,210
2031408,64,0,8,3,36,47,3,4,12,19,66,4,3,0,10,17,3,6,7,16,33,3,166
2031409,24,0,9,0,22,31,0,3,8,11,42,0,0,0,3,3,0,0,0,0,3,0,69
2031501,19,0,3,0,5,8,0,0,6,6,14,0,0,0,0,0,0,0,4,4,4,0,37
2031502,74,0,16,0,30,46,3,9,18,30,76,0,0,0,9,9,3,0,4,7,16,0,166
2031503,16,0,0,5,16,21,0,0,5,5,26,0,0,0,4,4,0,0,4,4,8,0,50
2031504,28,3,7,0,18,28,0,5,12,17,45,0,0,0,0,0,0,0,4,4,4,0,77
2031505,82,4,8,0,36,48,0,5,13,18,66,0,0,0,6,6,3,3,3,9,15,0,163
2031506,61,3,12,3,22,40,4,4,9,17,57,0,4,0,0,4,0,0,0,0,4,4,126
2031507,53,0,13,5,40,58,5,10,3,18,76,0,0,0,0,0,0,5,0,5,5,0,134
2031508,97,0,16,3,43,62,4,11,15,30,92,0,5,0,4,9,0,0,5,5,14,0,203
2031509,34,0,5,0,19,24,5,3,10,18,42,0,0,3,3,6,0,3,3,6,12,0,88
2031510,72,0,17,3,33,53,4,3,13,20,73,0,0,0,3,3,0,6,5,11,14,3,162
2031511,43,5,6,0,19,30,4,11,10,25,55,0,0,0,7,7,0,0,0,0,7,0,105
2031512,37,4,5,0,22,31,0,4,10,14,45,0,0,0,3,3,0,0,7,7,10,0,92
2031513,52,0,15,0,35,50,8,14,15,37,87,0,0,0,0,0,0,5,0,5,5,0,144
2031514,33,0,4,0,22,26,3,3,3,9,35,0,3,0,6,9,0,0,0,0,9,4,81
2031515,30,0,6,0,10,16,3,0,5,8,24,0,0,0,6,6,0,0,0,0,6,0,60
2031516,38,0,3,4,15,22,0,4,5,9,31,0,0,0,5,5,0,3,3,6,11,3,83
2031517,32,0,0,0,0,0,0,0,0,0,0,0,0,0,0,0,0,0,0,0,0,0,32
2031601,109,5,13,4,55,77,4,9,20,33,110,0,0,0,17,17,4,3,7,14,31,5,255
2031602,64,3,3,0,23,29,0,7,11,18,47,0,9,0,8,17,0,3,11,14,31,0,142
2031603,67,0,4,5,32,41,4,3,6,13,54,0,0,0,11,11,4,3,6,13,24,5,150
2031604,38,0,0,0,17,17,0,0,8,8,25,0,0,0,4,4,0,4,0,4,8,0,71
2031605,59,0,3,3,36,42,3,5,8,16,58,0,0,0,11,11,3,3,8,14,25,5,147
2031606,39,0,3,4,18,25,0,6,3,9,34,3,3,3,11,20,0,0,4,4,24,0,97
2031607,30,0,4,0,10,14,0,4,4,8,22,0,0,0,7,7,0,4,5,9,16,4,72
2031608,50,0,7,0,31,38,8,8,7,23,61,0,5,0,11,16,0,0,3,3,19,6,136
2031609,20,0,0,0,11,11,3,3,6,12,23,0,0,0,9,9,0,4,0,4,13,0,56
2031610,59,3,14,0,75,92,7,10,8,25,117,0,0,5,6,11,0,0,0,0,11,3,190
2031701,90,0,9,5,42,56,4,8,8,20,76,0,3,3,24,30,3,3,6,12,42,3,211
2031702,79,3,11,3,48,65,0,4,16,20,85,0,0,0,37,37,0,3,9,12,49,0,213
2031703,80,4,12,0,43,59,3,0,10,13,72,0,4,3,7,14,3,3,5,11,25,3,180
2031704,90,0,8,0,54,62,3,6,19,28,90,0,0,4,23,27,3,3,9,15,42,5,227
2031705,50,0,10,10,39,59,3,5,9,17,76,0,4,0,15,19,0,0,6,6,25,0,151
2031706,87,0,6,0,47,53,0,6,12,18,71,0,0,3,16,19,5,3,9,17,36,0,194
2031707,49,0,7,10,36,53,0,3,20,23,76,3,4,5,19,31,0,7,9,16,47,3,175
2031708,56,0,7,0,22,29,0,0,11,11,40,0,0,3,17,20,5,0,12,17,37,0,133
2031709,80,0,7,3,29,39,0,4,18,22,61,0,4,0,4,8,0,3,8,11,19,3,163
2031801,21,0,0,0,17,17,0,0,5,5,22,0,0,0,6,6,3,0,0,3,9,4,56
2031802,48,0,6,0,34,40,7,6,0,13,53,0,6,0,6,12,0,0,9,9,21,3,125
2031803,56,0,3,0,20,23,4,3,5,12,35,0,3,0,4,7,0,3,4,7,14,0,105
2031804,64,3,9,3,42,57,3,0,15,18,75,0,5,0,5,10,0,0,6,6,16,6,161
2031805,90,4,8,0,46,58,3,6,13,22,80,0,5,0,19,24,6,6,24,36,60,6,236
2031806,44,0,4,0,31,35,0,0,7,7,42,0,3,3,21,27,3,3,7,13,40,3,129
2031807,125,0,13,6,60,79,6,12,9,27,106,3,0,3,20,26,0,0,15,15,41,3,275
2031808,74,4,0,8,28,40,0,0,14,14,54,0,0,6,26,32,0,0,14,14,46,7,181
2031809,33,0,5,0,20,25,3,3,4,10,35,0,0,6,20,26,0,3,9,12,38,0,106
2031901,58,0,14,0,31,45,5,5,10,20,65,0,0,0,9,9,0,0,10,10,19,0,142
2031902,30,0,3,0,24,27,0,7,12,19,46,0,0,0,4,4,0,5,4,9,13,5,94
2031903,27,0,7,0,13,20,0,0,0,0,20,0,3,0,3,6,0,0,4,4,10,0,57
2031904,43,0,3,3,9,15,3,3,4,10,25,0,0,3,4,7,0,0,0,0,7,3,78
2031905,30,3,3,0,13,19,0,3,7,10,29,0,0,0,0,0,0,0,4,4,4,4,67
2031906,30,7,3,0,26,36,0,4,10,14,50,0,0,0,4,4,3,3,3,9,13,3,96
2031907,34,0,0,0,16,16,0,7,7,14,30,0,3,0,0,3,0,0,3,3,6,3,73
2031908,22,3,0,4,8,15,0,4,7,11,26,0,0,0,6,6,0,3,3,6,12,0,60
2031909,46,0,5,0,21,26,3,0,9,12,38,0,0,0,7,7,0,0,0,0,7,0,91
2031910,23,0,0,0,15,15,0,0,7,7,22,0,0,0,3,3,0,0,0,0,3,0,48
2031911,23,0,0,0,5,5,0,0,8,8,13,0,4,0,0,4,0,0,0,0,4,0,40
2031912,31,0,6,3,11,20,0,0,0,0,20,0,0,0,3,3,0,0,0,0,3,0,54
2031913,29,0,4,0,21,25,3,4,0,7,32,0,0,0,5,5,0,0,3,3,8,0,69
2031914,78,3,9,3,50,65,4,11,16,31,96,0,0,3,6,9,0,4,3,7,16,0,190
2032001,12,0,4,0,4,8,0,7,0,7,15,0,0,0,0,0,0,0,0,0,0,0,27
2032002,5,0,5,0,5,10,0,3,3,6,16,0,0,0,0,0,0,0,0,0,0,0,21
2032003,48,0,3,0,21,24,0,0,9,9,33,0,4,0,5,9,0,0,0,0,9,0,90
2032004,49,0,4,3,20,27,0,5,9,14,41,0,0,0,4,4,3,3,4,10,14,0,104
2032005,82,5,9,0,50,64,5,0,15,20,84,0,0,0,12,12,0,0,11,11,23,4,193
2032006,72,0,4,3,26,33,4,3,10,17,50,0,0,0,27,27,0,3,9,12,39,0,161
2032007,53,0,3,4,24,31,3,4,13,20,51,0,3,3,8,14,0,0,10,10,24,3,131
2032008,29,4,9,0,21,34,0,7,10,17,51,0,3,0,3,6,0,0,0,0,6,0,86
2032009,62,0,6,0,33,39,3,8,9,20,59,0,0,3,11,14,0,0,3,3,17,0,138
2032010,21,0,0,0,7,7,0,0,7,7,14,0,0,0,3,3,0,3,0,3,6,0,41
2032011,54,0,3,4,33,40,0,10,17,27,67,0,5,0,3,8,0,0,4,4,12,3,136
2032012,54,0,7,3,21,31,6,4,10,20,51,0,0,0,0,0,0,0,4,4,4,0,109
2032013,29,0,0,0,11,11,0,0,5,5,16,3,0,0,3,6,0,0,3,3,9,3,57
2032101,24,0,11,0,19,30,0,0,3,3,33,0,0,0,3,3,0,0,0,0,3,0,60
2032102,26,4,0,0,10,14,3,3,3,9,23,0,0,0,7,7,0,0,0,0,7,0,56
2032103,42,4,13,3,18,38,3,3,5,11,49,0,4,0,3,7,0,0,5,5,12,0,103
2032104,42,0,0,0,10,10,0,0,7,7,17,0,3,0,3,6,3,3,0,6,12,6,77
2032105,65,0,9,4,17,30,0,0,4,4,34,0,0,0,9,9,0,0,4,4,13,3,115
2032106,75,3,4,3,29,39,3,3,4,10,49,0,3,0,14,17,0,6,4,10,27,0,151
2032107,34,0,3,0,18,21,4,3,5,12,33,4,0,0,6,10,0,5,6,11,21,0,88
2032108,28,0,6,0,11,17,0,5,5,10,27,0,0,0,0,0,0,0,0,0,0,3,58
2032109,27,0,3,0,10,13,0,3,6,9,22,0,0,0,4,4,0,0,3,3,7,0,56
2032110,66,0,7,4,44,55,3,4,12,19,74,0,0,0,8,8,0,3,6,9,17,0,157
2032111,37,0,3,0,14,17,0,11,0,11,28,0,0,0,5,5,0,0,3,3,8,0,73
2032112,16,0,6,0,12,18,3,3,6,12,30,0,0,0,3,3,0,0,3,3,6,0,52
2032113,32,0,8,0,8,16,0,0,4,4,20,0,0,0,4,4,0,0,0,0,4,0,56
2032114,44,0,3,3,13,19,3,3,5,11,30,0,0,0,7,7,4,0,0,4,11,0,85
2032115,0,0,0,0,0,0,0,0,0,0,0,0,0,0,0,0,0,0,0,0,0,0,0
2032201,30,0,0,5,12,17,4,0,7,11,28,0,0,0,6,6,3,0,3,6,12,0,70
2032202,29,0,0,4,10,14,0,5,0,5,19,0,0,0,0,0,0,0,3,3,3,0,51
2032203,55,0,11,0,19,30,0,0,6,6,36,0,0,0,0,0,0,0,8,8,8,0,99
2032204,31,0,0,0,13,13,0,0,5,5,18,0,0,0,4,4,0,3,0,3,7,0,56
2032205,34,0,0,0,13,13,0,0,3,3,16,0,0,0,10,10,8,0,0,8,18,0,68
2032206,7,0,5,0,3,8,0,0,0,0,8,0,0,0,3,3,0,0,0,0,3,0,18
2032207,0,0,0,0,0,0,0,0,0,0,0,0,0,0,0,0,0,0,0,0,0,0,0
2032208,42,0,3,0,17,20,0,4,3,7,27,0,3,0,9,12,0,0,0,0,12,0,81
2032209,0,0,0,0,0,0,0,0,0,0,0,0,0,0,0,0,0,0,0,0,0,0,0
2032210,74,0,8,0,24,32,3,5,13,21,53,0,0,0,9,9,0,6,0,6,15,0,142
2032211,15,0,0,0,6,6,0,0,0,0,6,0,0,0,0,0,0,0,0,0,0,0,21
2032212,0,0,0,0,0,0,0,0,0,0,0,0,0,0,0,0,0,0,0,0,0,0,0
2032213,0,0,0,0,0,0,0,0,0,0,0,0,0,0,3,3,0,0,0,0,3,0,3
2032214,4,0,0,0,0,0,0,0,0,0,0,0,0,0,0,0,0,0,0,0,0,0,4
2032215,3,0,0,0,0,0,0,0,0,0,0,0,0,0,3,3,0,0,3,3,6,0,9
2032216,3,0,0,0,4,4,0,0,0,0,4,0,0,0,0,0,0,0,0,0,0,0,7
2032217,0,0,0,0,0,0,0,0,0,0,0,0,0,0,0,0,0,0,0,0,0,0,0
2032218,0,0,0,0,0,0,0,0,0,0,0,0,0,0,0,0,0,0,0,0,0,0,0
2032219,36,0,0,0,22,22,0,7,0,7,29,0,0,0,7,7,0,0,0,0,7,0,72
2032220,0,0,0,0,0,0,0,0,0,0,0,0,0,0,0,0,0,0,0,0,0,0,0
2032221,33,0,3,4,24,31,0,7,0,7,38,0,0,0,0,0,0,0,0,0,0,0,71
2032301,29,0,0,0,11,11,0,0,0,0,11,0,0,5,0,5,0,0,4,4,9,0,49
2032302,43,3,14,0,40,57,0,6,14,20,77,0,0,0,8,8,0,0,0,0,8,0,128
2032303,29,0,7,3,23,33,0,8,9,17,50,0,0,0,3,3,0,0,8,8,11,4,94
2032304,55,4,17,0,19,40,5,0,11,16,56,0,0,0,4,4,0,0,0,0,4,0,115
2032305,20,0,6,3,10,19,8,0,3,11,30,0,0,0,3,3,0,0,3,3,6,0,56
2032306,83,0,4,0,23,27,0,4,11,15,42,0,0,0,12,12,0,0,13,13,25,0,150
2032307,44,0,3,3,10,16,0,3,9,12,28,0,8,0,4,12,0,0,5,5,17,0,89
2032308,22,0,0,0,21,21,0,5,5,10,31,0,0,0,0,0,0,0,4,4,4,0,57
2032309,61,0,3,5,29,37,0,0,18,18,55,0,0,0,8,8,0,4,9,13,21,0,137
2032310,46,4,3,5,13,25,4,3,9,16,41,0,0,3,3,6,0,0,6,6,12,0,99
2032311,42,3,6,4,25,38,7,5,14,26,64,0,0,0,5,5,3,0,5,8,13,0,119
2032312,21,0,4,4,19,27,5,0,5,10,37,0,5,0,4,9,0,0,4,4,13,0,71
2040101,13,0,0,0,6,6,0,0,7,7,13,0,0,0,0,0,0,0,4,4,4,0,30
2040102,23,0,0,0,6,6,0,0,3,3,9,0,0,0,5,5,0,0,3,3,8,0,40
2040103,21,0,0,0,7,7,0,5,0,5,12,0,0,0,3,3,0,0,3,3,6,0,39
2040104,22,0,3,0,15,18,0,4,3,7,25,0,0,3,3,6,0,0,3,3,9,0,56
2040105,14,0,5,0,11,16,0,0,3,3,19,0,3,0,0,3,0,3,4,7,10,0,43
2040106,19,0,3,3,9,15,3,0,3,6,21,0,0,0,7,7,0,0,4,4,11,3,54
2040107,32,0,3,0,15,18,0,6,0,6,24,0,0,0,3,3,0,0,3,3,6,0,62
2040108,13,0,3,0,4,7,0,0,3,3,10,0,0,0,3,3,0,0,0,0,3,3,29
2040201,28,0,3,0,8,11,0,0,6,6,17,4,0,0,0,4,0,0,0,0,4,0,49
2040202,91,0,0,0,34,34,6,0,4,10,44,0,3,3,13,19,0,5,0,5,24,0,159
2040203,14,0,0,0,8,8,0,5,3,8,16,0,0,0,4,4,0,0,0,0,4,0,34
2040204,30,0,0,0,19,19,5,0,5,10,29,0,0,0,9,9,0,0,0,0,9,0,68
2040205,27,0,3,3,15,21,0,0,9,9,30,0,4,0,7,11,0,0,0,0,11,0,68
2040206,9,0,0,3,6,9,3,0,3,6,15,0,0,0,7,7,0,0,3,3,10,0,34
2040207,134,6,13,3,41,63,3,11,20,34,97,0,0,0,9,9,0,6,4,10,19,4,254
2040208,92,3,8,5,35,51,3,4,13,20,71,0,3,0,5,8,3,0,6,9,17,0,180
2040209,84,4,4,3,36,47,0,7,11,18,65,0,0,0,14,14,4,4,5,13,27,3,179
2040210,104,0,0,4,23,27,0,11,16,27,54,0,5,0,11,16,0,0,0,0,16,0,174
2040211,115,0,17,4,52,73,4,13,9,26,99,0,0,0,4,4,4,3,5,12,16,0,230
2040301,109,3,3,4,37,47,0,8,17,25,72,4,5,0,17,26,0,5,7,12,38,0,219
2040302,70,0,6,0,21,27,0,6,8,14,41,0,3,0,10,13,0,0,8,8,21,0,132
2040303,88,0,7,4,21,32,4,0,11,15,47,3,0,3,31,37,0,4,11,15,52,0,187
2040304,42,0,3,5,13,21,0,0,3,3,24,0,0,0,5,5,0,0,5,5,10,0,76
2040305,80,0,12,0,41,53,4,4,13,21,74,0,3,0,16,19,0,0,3,3,22,4,180
2040306,65,0,5,0,17,22,0,0,0,0,22,0,0,0,6,6,0,0,5,5,11,0,98
2040307,95,0,4,4,15,23,3,3,6,12,35,0,3,0,9,12,0,0,7,7,19,0,149
2040308,61,3,3,0,19,25,0,9,10,19,44,0,0,0,5,5,0,0,9,9,14,3,122
2040309,43,0,0,6,15,21,0,0,7,7,28,0,0,0,8,8,0,0,5,5,13,5,89
2040310,38,0,4,4,5,13,4,3,5,12,25,0,0,0,4,4,0,3,3,6,10,0,73
2040311,86,0,7,0,21,28,0,4,9,13,41,0,4,4,11,19,5,0,10,15,34,0,161
2040312,72,3,8,3,21,35,0,5,9,14,49,0,0,0,6,6,0,4,3,7,13,0,134
2040313,57,0,0,0,14,14,0,0,0,0,14,0,0,0,6,6,0,0,0,0,6,0,77
2040314,53,0,0,7,18,25,0,0,0,0,25,3,0,0,5,8,0,0,7,7,15,0,93
2040315,92,0,4,4,19,27,0,4,8,12,39,0,0,0,8,8,0,0,3,3,11,3,145
2040316,29,0,4,0,4,8,0,3,3,6,14,0,0,0,0,0,0,0,0,0,0,0,43
2040401,55,3,0,0,14,17,0,10,0,10,27,0,0,0,8,8,0,0,0,0,8,0,90
2040402,19,0,3,0,15,18,0,0,0,0,18,0,0,0,10,10,0,0,0,0,10,0,47
2040403,30,0,0,0,10,10,0,4,0,4,14,0,4,0,5,9,0,0,4,4,13,0,57
2040404,28,0,0,0,15,15,0,5,0,5,20,0,0,0,0,0,0,0,0,0,0,0,48
2040405,13,0,0,0,4,4,0,0,0,0,4,0,0,0,0,0,0,0,0,0,0,0,17
2040406,23,0,4,0,5,9,0,4,0,4,13,0,0,0,0,0,0,0,0,0,0,0,36
2040407,49,0,4,0,20,24,0,4,3,7,31,3,4,0,10,17,0,0,8,8,25,0,105
2040408,110,0,7,0,18,25,0,4,5,9,34,0,0,0,7,7,0,3,4,7,14,0,158
2040501,59,0,11,3,29,43,4,4,4,12,55,0,0,0,8,8,0,0,0,0,8,0,122
2040502,50,0,5,0,20,25,3,0,10,13,38,0,3,0,3,6,0,0,4,4,10,0,98
2040503,87,3,6,3,29,41,0,8,17,25,66,0,0,0,17,17,0,6,9,15,32,4,189
2040504,54,0,0,0,19,19,3,3,4,10,29,0,0,0,9,9,0,0,7,7,16,0,99
2040505,58,0,7,0,42,49,3,3,7,13,62,4,0,0,18,22,0,0,7,7,29,0,149
2040506,58,0,3,0,25,28,0,0,6,6,34,0,6,0,7,13,0,0,7,7,20,3,115
2040507,44,0,16,0,25,41,0,0,8,8,49,0,0,0,4,4,0,3,0,3,7,0,100
2040508,33,0,5,0,10,15,3,3,0,6,21,0,0,0,0,0,0,0,4,4,4,0,58
2040509,27,0,0,3,14,17,0,0,0,0,17,0,0,0,0,0,0,0,0,0,0,0,44
2040510,10,0,4,0,7,11,0,4,0,4,15,0,3,0,3,6,0,0,0,0,6,0,31
2040601,61,0,7,5,42,54,4,8,13,25,79,0,0,0,8,8,0,4,0,4,12,0,152
2040602,87,3,6,6,40,55,0,5,16,21,76,0,5,5,24,34,3,3,13,19,53,8,224
2040603,54,3,3,0,20,26,3,3,5,11,37,0,3,6,35,44,0,5,5,10,54,0,145
2040604,69,0,3,3,19,25,3,4,6,13,38,0,0,0,8,8,3,0,0,3,11,0,118
2040605,29,0,6,0,15,21,0,0,8,8,29,0,4,0,11,15,0,0,4,4,19,0,77
2040606,42,0,3,0,26,29,0,3,9,12,41,0,0,3,5,8,0,0,8,8,16,3,102
2040607,88,0,9,0,45,54,0,10,14,24,78,3,5,0,11,19,0,3,17,20,39,3,208
2040608,48,0,8,0,28,36,0,7,8,15,51,0,5,0,17,22,0,4,5,9,31,3,133
2040609,49,0,12,0,33,45,0,6,4,10,55,0,0,0,6,6,0,0,0,0,6,0,110
2040610,64,0,4,3,22,29,0,6,0,6,35,0,3,0,3,6,0,3,0,3,9,3,111
2040611,109,3,12,3,75,93,7,5,9,21,114,3,4,0,11,18,3,0,4,7,25,5,253
2040701,30,0,3,0,10,13,4,3,5,12,25,0,0,0,6,6,0,3,0,3,9,0,64
2040702,73,4,6,4,22,36,0,5,0,5,41,0,3,0,11,14,0,5,0,5,19,3,136
2040703,56,0,0,0,31,31,5,0,7,12,43,4,0,0,5,9,0,0,6,6,15,4,118
2040704,69,0,7,5,46,58,0,5,13,18,76,3,3,0,24,30,0,3,9,12,42,0,187
2040705,48,0,4,0,22,26,0,0,7,7,33,0,6,0,11,17,0,3,7,10,27,0,108
2040706,41,0,5,0,17,22,0,3,6,9,31,0,0,0,11,11,0,7,8,15,26,3,101
2040707,83,0,8,0,34,42,0,5,18,23,65,0,0,0,16,16,0,0,9,9,25,6,179
2040708,43,0,0,0,21,21,3,3,4,10,31,4,0,0,15,19,0,0,8,8,27,5,106
2040709,61,0,5,5,30,40,3,4,5,12,52,4,3,0,10,17,4,3,7,14,31,3,147
2040710,76,4,4,0,21,29,4,3,9,16,45,0,7,0,20,27,5,0,7,12,39,0,160
2040801,64,0,9,4,37,50,5,0,8,13,63,0,0,0,12,12,0,0,0,0,12,0,139
2040802,77,4,13,0,38,55,3,16,17,36,91,0,3,0,8,11,0,0,0,0,11,3,182
2040803,93,5,13,0,55,73,6,8,29,43,116,0,5,0,0,5,0,3,4,7,12,0,221
2040804,115,3,22,0,35,60,3,11,12,26,86,0,0,0,9,9,0,0,12,12,21,3,225
2040805,26,0,0,0,9,9,3,0,0,3,12,0,0,0,3,3,0,0,0,0,3,0,41
2040806,79,0,8,5,30,43,0,6,12,18,61,0,6,0,4,10,4,0,5,9,19,0,159
2040807,41,0,7,3,19,29,0,0,6,6,35,0,3,0,7,10,3,3,3,9,19,3,98
2040808,44,0,12,0,42,54,6,5,15,26,80,0,0,0,0,0,0,0,5,5,5,0,129
2040809,64,3,5,3,32,43,4,6,16,26,69,0,0,0,3,3,3,3,4,10,13,0,146
2040901,47,4,0,0,15,19,0,0,6,6,25,0,3,0,9,12,0,0,0,0,12,4,88
2040902,77,0,6,0,26,32,0,3,10,13,45,0,0,0,0,0,3,0,3,6,6,0,128
2040903,60,0,4,0,18,22,3,9,0,12,34,0,0,0,14,14,0,0,0,0,14,0,108
2040904,33,0,5,0,6,11,0,0,5,5,16,0,0,0,0,0,0,0,0,0,0,0,49
2040905,60,0,4,0,9,13,0,3,3,6,19,0,0,0,0,0,0,3,0,3,3,0,82
2040906,121,0,0,0,33,33,0,4,0,4,37,0,0,0,3,3,0,3,3,6,9,0,167
2040907,81,5,6,3,38,52,0,3,7,10,62,4,3,0,9,16,0,0,5,5,21,4,168
2040908,58,0,6,0,17,23,0,0,4,4,27,0,0,0,8,8,0,0,5,5,13,0,98
2040909,121,0,4,4,15,23,4,0,9,13,36,0,0,0,19,19,0,4,0,4,23,0,180
2040910,34,0,0,0,5,5,0,0,0,0,5,0,3,0,0,3,0,3,0,3,6,3,48
2040911,106,0,0,0,19,19,0,0,9,9,28,0,0,0,4,4,0,0,6,6,10,3,147
2040912,73,0,3,3,18,24,3,5,5,13,37,3,3,0,4,10,0,0,4,4,14,0,124
2041001,68,3,10,0,28,41,4,3,3,10,51,0,0,0,10,10,4,0,3,7,17,0,136
2041002,60,6,14,0,33,53,3,8,17,28,81,0,0,0,3,3,0,0,9,9,12,0,153
2041003,75,3,14,6,42,65,7,12,17,36,101,0,3,0,3,6,0,0,6,6,12,0,188
2041004,106,8,6,5,58,77,3,5,20,28,105,0,5,0,9,14,3,4,10,17,31,3,245
2041005,33,0,0,0,13,13,9,4,8,21,34,0,0,0,0,0,0,0,0,0,0,0,67
2041006,51,0,7,0,25,32,4,6,8,18,50,0,0,3,4,7,0,0,6,6,13,0,114
2041007,50,3,10,3,29,45,3,7,10,20,65,0,0,0,0,0,0,0,6,6,6,3,124
2041008,0,0,0,0,0,0,0,4,0,4,4,0,0,0,0,0,0,0,0,0,0,0,4
2041009,27,0,0,0,4,4,4,0,0,4,8,0,0,0,0,0,0,0,0,0,0,5,40
2041101,70,0,19,0,40,59,4,11,10,25,84,0,0,4,7,11,0,3,3,6,17,3,174
2041102,51,4,6,0,24,34,4,5,8,17,51,0,5,0,4,9,0,6,0,6,15,0,117
2041103,52,0,16,0,39,55,0,7,8,15,70,3,3,3,12,21,0,4,4,8,29,3,154
2041104,67,3,18,3,36,60,7,6,25,38,98,0,5,0,3,8,0,0,5,5,13,0,178
2041105,121,0,16,4,74,94,4,9,22,35,129,4,8,0,19,31,3,3,12,18,49,4,303
2041106,65,0,6,0,46,52,0,6,14,20,72,0,0,7,7,14,0,3,9,12,26,9,172
2041107,38,0,0,5,18,23,3,3,3,9,32,0,7,3,11,21,0,3,5,8,29,0,99
2041108,43,0,5,3,18,26,4,0,9,13,39,0,0,3,3,6,0,3,4,7,13,0,95
2041109,69,5,0,3,31,39,0,6,13,19,58,0,0,3,16,19,0,4,10,14,33,0,160
2041110,94,0,6,3,30,39,3,4,15,22,61,0,0,0,19,19,0,3,7,10,29,3,187
2041111,37,0,6,4,23,33,6,0,7,13,46,0,0,0,4,4,0,0,0,0,4,4,91
2041201,4,0,0,0,0,0,0,0,0,0,0,0,0,0,0,0,0,0,0,0,0,0,4
2041202,30,0,0,0,8,8,0,0,0,0,8,0,0,0,4,4,0,0,4,4,8,0,46
2041203,0,0,5,0,0,5,0,0,0,0,5,0,0,0,3,3,0,0,0,0,3,0,8
2041204,72,0,15,0,52,67,8,7,8,23,90,0,5,0,6,11,0,0,5,5,16,3,181
2041205,57,0,8,0,26,34,5,4,10,19,53,0,6,0,7,13,0,3,7,10,23,0,133
2041206,89,0,10,3,46,59,4,7,12,23,82,0,3,0,15,18,0,13,13,26,44,7,222
2041207,24,0,5,0,13,18,0,0,0,0,18,0,0,3,6,9,0,0,5,5,14,0,56
2041208,51,0,12,0,43,55,0,5,13,18,73,3,3,0,3,9,0,3,4,7,16,0,140
2041209,48,3,7,3,21,34,3,7,3,13,47,0,3,0,0,3,0,4,3,7,10,0,105
2041210,54,0,11,3,45,59,3,11,8,22,81,0,0,0,6,6,0,4,3,7,13,3,151
2041301,75,8,4,0,65,77,0,7,11,18,95,0,0,0,39,39,3,5,10,18,57,0,227
2041302,77,0,9,0,30,39,0,10,9,19,58,0,0,3,13,16,0,4,6,10,26,4,165
2041303,52,3,0,6,34,43,0,4,11,15,58,3,3,3,22,31,0,3,4,7,38,0,148
2041304,30,0,4,0,8,12,0,0,5,5,17,0,0,0,10,10,0,4,3,7,17,0,64
2041305,56,0,10,11,32,53,0,3,5,8,61,0,3,0,17,20,0,5,11,16,36,6,159
2041306,28,0,3,5,13,21,0,3,3,6,27,0,4,0,8,12,0,0,7,7,19,0,74
2041307,18,0,0,0,11,11,0,3,8,11,22,0,0,0,5,5,0,0,5,5,10,0,50
2041308,80,4,8,3,35,50,0,8,0,8,58,0,0,5,20,25,0,0,9,9,34,0,172
2041309,33,5,8,0,17,30,3,6,6,15,45,0,0,0,0,0,0,3,5,8,8,0,86
2041310,32,0,4,3,33,40,0,0,4,4,44,0,4,0,30,34,0,5,12,17,51,0,127
2041311,36,0,0,6,18,24,5,4,8,17,41,0,0,0,0,0,0,0,0,0,0,0,77
2041312,32,0,4,0,32,36,0,0,9,9,45,0,5,3,16,24,0,0,6,6,30,0,107
2041401,44,0,7,0,14,21,0,0,15,15,36,0,3,0,5,8,3,0,3,6,14,3,97
2041402,76,0,9,0,47,56,3,7,13,23,79,0,6,5,38,49,3,5,17,25,74,6,235
2041403,57,4,3,0,23,30,3,6,8,17,47,0,0,4,18,22,0,6,9,15,37,0,141
2041404,68,0,8,0,35,43,3,6,10,19,62,0,0,6,15,21,0,4,7,11,32,0,162
2041405,34,0,8,0,15,23,0,0,8,8,31,0,5,0,0,5,0,0,4,4,9,0,74
2041406,44,0,6,0,21,27,3,7,12,22,49,0,3,4,10,17,0,3,10,13,30,0,123
2041407,74,0,10,0,27,37,0,5,7,12,49,0,4,0,7,11,0,3,5,8,19,0,142
2041408,74,0,6,4,34,44,0,0,6,6,50,0,0,0,12,12,0,4,5,9,21,0,145
2041409,16,0,0,3,10,13,0,4,3,7,20,0,0,0,0,0,0,7,0,7,7,0,43
2041410,101,0,14,3,75,92,8,16,15,39,131,0,0,4,7,11,7,0,11,18,29,0,261
2041411,85,0,9,4,74,87,6,8,8,22,109,0,6,0,22,28,0,0,9,9,37,0,231
2041412,65,0,12,0,31,43,0,6,10,16,59,0,0,0,10,10,0,4,4,8,18,3,145
2041413,82,4,24,8,102,138,7,24,3,34,172,0,0,0,12,12,0,0,9,9,21,0,275
2041501,21,0,0,0,11,11,0,0,5,5,16,0,3,0,0,3,0,0,9,9,12,0,49
2041502,46,0,0,3,17,20,3,0,5,8,28,0,3,0,3,6,0,0,0,0,6,0,80
2041504,32,0,0,0,6,6,0,0,0,0,6,0,0,0,0,0,0,0,5,5,5,0,43
2041505,28,0,0,7,0,7,0,0,0,0,7,3,0,0,3,6,0,0,0,0,6,0,41
2041506,24,0,0,0,0,0,0,3,0,3,3,0,0,0,0,0,0,0,0,0,0,0,27
2041507,31,0,0,0,3,3,0,0,3,3,6,0,0,0,6,6,0,0,0,0,6,0,43
2041508,28,0,0,0,0,0,4,0,0,4,4,0,0,0,0,0,0,6,0,6,6,0,38
2041509,27,0,6,0,15,21,0,0,5,5,26,0,0,0,0,0,0,3,0,3,3,0,56
2041510,62,0,5,0,6,11,0,0,4,4,15,0,0,0,9,9,0,0,6,6,15,0,92
2041601,38,0,10,0,13,23,0,5,0,5,28,0,0,3,5,8,0,0,0,0,8,3,77
2041602,33,0,9,0,11,20,4,6,12,22,42,0,3,0,3,6,0,0,5,5,11,0,86
2041603,67,0,6,3,43,52,4,10,15,29,81,0,3,0,6,9,0,0,5,5,14,3,165
2041604,23,3,4,0,23,30,6,3,6,15,45,0,0,0,0,0,3,0,3,6,6,0,74
2041605,64,3,11,3,35,52,0,5,12,17,69,0,3,3,0,6,3,0,8,11,17,0,150
2041606,56,0,4,0,19,23,3,3,15,21,44,0,3,0,6,9,0,3,4,7,16,0,116
2041607,62,0,4,5,28,37,10,3,10,23,60,0,0,0,4,4,0,0,0,0,4,0,126
2041608,42,0,6,0,32,38,10,6,4,20,58,0,0,0,0,0,0,4,6,10,10,0,110
2041609,41,0,4,0,14,18,0,6,7,13,31,0,0,0,5,5,0,0,0,0,5,0,77
2041610,40,0,11,0,22,33,3,6,6,15,48,0,0,0,5,5,0,0,7,7,12,0,100
2041611,66,11,5,0,28,44,8,3,14,25,69,0,0,0,16,16,3,4,7,14,30,0,165
2041612,59,3,6,3,26,38,6,7,9,22,60,0,0,0,8,8,0,0,10,10,18,0,137
2041613,26,4,4,0,16,24,0,3,5,8,32,0,0,0,0,0,0,0,4,4,4,0,62
2041614,77,0,19,10,49,78,7,12,12,31,109,0,0,0,9,9,0,0,7,7,16,3,205
2041701,13,0,0,0,9,9,0,0,5,5,14,0,0,0,0,0,0,0,3,3,3,0,30
2041702,53,0,7,0,18,25,8,3,9,20,45,0,0,0,11,11,0,0,4,4,15,3,116
2041703,92,0,13,0,36,49,0,8,18,26,75,0,0,0,4,4,0,5,4,9,13,3,183
2041704,45,8,8,8,14,38,0,0,7,7,45,0,4,0,6,10,0,3,5,8,18,0,108
2041705,38,0,0,3,18,21,8,0,0,8,29,0,0,0,5,5,0,0,3,3,8,0,75
2041706,15,0,3,0,4,7,0,0,4,4,11,0,3,0,3,6,0,3,3,6,12,0,38
2041707,30,0,0,0,10,10,0,6,5,11,21,0,0,0,4,4,4,0,4,8,12,0,63
2041708,24,0,5,0,6,11,0,3,3,6,17,0,4,0,4,8,0,0,0,0,8,0,49
2041709,53,0,6,0,27,33,0,5,7,12,45,0,0,0,4,4,3,0,7,10,14,4,116
2041710,51,0,6,0,13,19,4,0,3,7,26,0,0,0,6,6,4,0,4,8,14,0,91
2041711,36,0,3,0,12,15,3,4,6,13,28,0,3,0,6,9,0,0,6,6,15,4,83
2041712,31,0,3,0,16,19,0,5,3,8,27,0,0,0,4,4,0,4,4,8,12,0,70
2041713,88,0,0,0,39,39,0,5,14,19,58,0,3,3,17,23,3,3,9,15,38,0,184
2050101,72,0,4,5,15,24,0,4,8,12,36,0,0,0,3,3,0,3,7,10,13,0,121
2050102,32,0,0,0,5,5,0,0,5,5,10,0,0,0,4,4,0,0,3,3,7,0,49
2050103,101,0,15,4,43,62,3,8,12,23,85,0,0,6,14,20,0,0,14,14,34,5,225
2050104,72,0,9,0,30,39,4,9,9,22,61,0,0,3,9,12,0,0,3,3,15,0,148
2050105,57,0,3,0,16,19,4,0,4,8,27,0,0,0,0,0,0,4,0,4,4,3,91
2050106,71,7,0,0,25,32,0,4,9,13,45,0,3,3,7,13,0,0,7,7,20,3,139
2050107,14,0,0,0,6,6,0,0,4,4,10,0,0,0,0,0,0,0,0,0,0,0,24
2050108,75,3,3,3,52,61,0,9,28,37,98,0,5,3,7,15,0,0,16,16,31,0,204
2050109,0,0,0,0,0,0,0,0,0,0,0,0,0,0,0,0,0,0,0,0,0,0,0
2050110,16,0,0,0,9,9,0,0,10,10,19,0,0,0,0,0,0,6,0,6,6,0,41
2050201,49,0,4,0,23,27,0,3,5,8,35,0,0,0,16,16,4,3,6,13,29,3,116
2050202,33,0,3,0,8,11,0,0,4,4,15,0,3,0,0,3,0,0,0,0,3,0,51
2050203,38,0,6,0,13,19,0,0,0,0,19,0,0,0,0,0,0,4,0,4,4,0,61
2050204,67,0,7,5,30,42,0,3,14,17,59,3,0,4,16,23,0,4,6,10,33,0,159
2050205,71,3,12,0,15,30,3,4,7,14,44,0,3,0,7,10,0,0,12,12,22,4,141
2050207,31,0,0,0,12,12,0,5,4,9,21,0,0,0,5,5,0,0,0,0,5,0,57
2050208,52,0,8,0,14,22,3,3,0,6,28,0,0,0,0,0,0,0,0,0,0,0,80
2050209,39,0,3,0,17,20,0,6,0,6,26,0,0,0,3,3,0,0,3,3,6,0,71
2050301,46,3,3,3,19,28,0,3,9,12,40,0,0,0,4,4,0,3,3,6,10,0,96
2050302,45,0,9,0,9,18,3,8,3,14,32,0,0,0,0,0,0,0,6,6,6,0,83
2050303,35,0,4,0,6,10,3,3,3,9,19,0,0,0,4,4,0,4,0,4,8,0,62
2050304,86,0,6,0,26,32,5,5,10,20,52,0,4,3,13,20,0,0,11,11,31,0,169
2050306,92,0,6,0,34,40,5,7,9,21,61,0,0,0,5,5,3,3,3,9,14,4,171
2050307,70,0,3,3,25,31,4,0,15,19,50,0,5,0,5,10,0,0,9,9,19,0,139
2050308,37,0,4,0,14,18,3,3,3,9,27,0,0,0,3,3,0,0,4,4,7,0,71
2050401,63,0,6,3,28,37,8,0,8,16,53,0,0,0,5,5,0,0,4,4,9,0,125
2050402,56,0,9,4,27,40,0,7,15,22,62,0,3,0,3,6,0,0,5,5,11,4,133
2050403,68,3,9,0,25,37,0,10,18,28,65,0,4,0,12,16,0,0,3,3,19,0,152
2050405,41,0,4,0,18,22,0,0,14,14,36,3,0,0,11,14,0,0,8,8,22,3,102
2050406,81,3,8,3,33,47,0,5,15,20,67,0,0,0,9,9,0,3,5,8,17,0,165
2050407,77,0,8,5,26,39,3,3,11,17,56,0,0,0,7,7,0,4,0,4,11,0,144
2050408,57,0,6,0,25,31,3,6,10,19,50,0,0,0,0,0,0,0,0,0,0,0,107
2050409,113,0,12,0,24,36,3,8,22,33,69,0,4,0,0,4,0,0,8,8,12,3,197
2050410,54,4,12,5,26,47,6,8,4,18,65,0,3,0,15,18,0,0,9,9,27,0,146
2050411,57,0,15,0,27,42,0,5,15,20,62,4,0,0,8,12,0,0,5,5,17,0,136
2050412,20,0,0,3,27,30,0,0,3,3,33,0,5,6,42,53,0,3,7,10,63,3,119
2050413,88,0,10,0,53,63,4,11,10,25,88,0,3,0,10,13,0,0,8,8,21,5,202
2050414,36,0,7,3,26,36,0,0,10,10,46,0,0,0,6,6,0,0,0,0,6,0,88
2050501,36,4,4,3,16,27,0,5,3,8,35,0,4,0,6,10,0,3,3,6,16,0,87
2050502,66,0,5,6,35,46,4,4,13,21,67,0,0,4,8,12,3,0,5,8,20,0,153
2050503,74,0,8,5,31,44,0,3,10,13,57,4,0,0,26,30,0,4,3,7,37,5,173
2050504,90,0,3,0,23,26,5,3,4,12,38,0,0,3,12,15,0,3,12,15,30,0,158
2050505,101,3,13,4,57,77,3,14,7,24,101,0,0,0,8,8,0,0,6,6,14,3,219
2050506,53,3,3,0,18,24,4,5,5,14,38,0,0,0,13,13,0,0,0,0,13,0,104
2050507,52,0,9,0,29,38,3,8,7,18,56,0,5,0,16,21,0,6,8,14,35,3,146
2050508,51,0,5,0,30,35,5,0,5,10,45,0,0,0,10,10,0,4,6,10,20,0,116
2050509,56,0,12,3,44,59,0,6,0,6,65,3,0,0,12,15,0,4,8,12,27,4,152
2050510,32,0,5,0,9,14,0,5,0,5,19,0,0,0,6,6,0,6,0,6,12,0,63
2050511,65,0,8,3,29,40,3,4,5,12,52,3,3,3,12,21,0,3,13,16,37,3,157
2050512,105,0,6,4,30,40,5,9,8,22,62,0,0,0,17,17,0,7,9,16,33,3,203
2050513,67,3,5,0,25,33,0,4,10,14,47,0,6,3,9,18,0,3,13,16,34,0,148
2050601,55,4,4,4,39,51,0,6,15,21,72,0,0,0,5,5,0,0,5,5,10,0,137
2050602,0,0,0,0,0,0,0,0,0,0,0,0,0,0,0,0,0,0,0,0,0,0,0
2050603,78,4,17,5,65,91,3,6,28,37,128,0,4,0,16,20,0,0,10,10,30,4,240
2050604,48,0,6,0,23,29,4,7,8,19,48,0,0,0,4,4,0,0,8,8,12,0,108
2050605,39,0,10,0,63,73,5,4,8,17,90,0,8,0,10,18,0,4,5,9,27,0,156
2050606,37,0,5,4,14,23,6,0,5,11,34,0,0,0,5,5,0,0,0,0,5,0,76
2050607,60,4,12,3,27,46,3,8,9,20,66,0,0,0,8,8,0,0,7,7,15,0,141
2050608,19,0,0,3,16,19,5,0,4,9,28,0,6,0,9,15,0,0,8,8,23,5,75
2050609,77,0,10,3,42,55,0,9,13,22,77,0,7,0,25,32,0,6,8,14,46,0,200
2050610,62,0,9,3,41,53,6,6,12,24,77,0,3,0,18,21,0,5,16,21,42,0,181
2050611,24,0,0,3,26,29,0,3,0,3,32,0,0,0,10,10,0,0,6,6,16,0,72
2050612,53,4,12,4,50,70,0,4,14,18,88,0,0,0,8,8,0,0,7,7,15,0,156
2050613,62,0,7,3,47,57,4,5,3,12,69,0,0,0,9,9,0,7,6,13,22,0,153
2050701,46,0,3,0,14,17,6,0,6,12,29,0,0,0,0,0,0,0,6,6,6,3,84
2050702,75,0,0,0,36,36,4,7,5,16,52,0,0,0,16,16,0,6,6,12,28,5,160
2050703,22,0,0,0,7,7,0,0,0,0,7,0,0,0,0,0,3,0,0,3,3,0,32
2050704,37,0,6,0,10,16,0,3,3,6,22,0,0,0,0,0,0,0,6,6,6,0,65
2050705,66,0,4,0,25,29,0,3,14,17,46,0,0,0,3,3,0,0,3,3,6,0,118
2050706,46,7,7,0,23,37,0,0,7,7,44,0,0,0,6,6,0,0,0,0,6,4,100
2050707,60,0,5,0,33,38,0,5,6,11,49,0,0,0,9,9,0,3,0,3,12,4,125
2050708,83,0,5,5,71,81,8,4,11,23,104,0,9,0,15,24,0,4,15,19,43,4,234
2050709,52,0,0,0,30,30,0,5,6,11,41,0,8,0,18,26,0,3,13,16,42,5,140
2050710,0,0,0,0,0,0,0,0,0,0,0,0,0,0,0,0,0,0,0,0,0,0,0
2050711,23,0,0,0,13,13,0,0,3,3,16,0,0,0,3,3,0,3,0,3,6,0,45
2050801,72,0,14,3,39,56,0,11,5,16,72,0,3,0,3,6,0,3,8,11,17,3,164
2050802,70,0,5,3,23,31,0,0,5,5,36,3,0,0,3,6,0,3,0,3,9,0,115
2050803,11,0,0,0,4,4,0,0,0,0,4,0,0,0,5,5,0,0,0,0,5,0,20
2050804,57,0,9,0,30,39,3,5,10,18,57,0,0,0,4,4,0,3,3,6,10,0,124
2050805,16,0,0,0,11,11,0,0,4,4,15,0,0,0,6,6,0,0,0,0,6,0,37
2050806,5,0,0,0,6,6,0,0,0,0,6,0,0,0,0,0,0,0,0,0,0,0,11
2050807,33,0,0,0,6,6,0,0,5,5,11,0,0,0,0,0,0,0,0,0,0,0,44
2050808,37,3,0,0,16,19,3,0,3,6,25,0,0,0,3,3,0,0,0,0,3,0,65
2050809,19,0,0,0,3,3,0,0,0,0,3,0,0,0,0,0,0,0,0,0,0,0,22
2050810,0,0,0,0,0,0,0,0,0,0,0,0,0,0,0,0,0,0,0,0,0,0,0
2050811,34,0,0,0,7,7,0,0,4,4,11,0,0,4,0,4,0,0,0,0,4,0,49
2050812,28,0,3,0,11,14,0,8,7,15,29,0,0,0,6,6,0,0,0,0,6,0,63
2050813,0,0,0,0,0,0,0,0,0,0,0,0,0,0,0,0,0,0,0,0,0,0,0
2050814,21,0,0,0,12,12,0,4,0,4,16,0,0,0,3,3,0,0,3,3,6,0,43
2050815,0,0,0,0,5,5,0,0,0,0,5,0,0,0,5,5,0,0,0,0,5,0,10
2050816,0,0,0,0,0,0,0,0,0,0,0,0,0,0,0,0,0,0,0,0,0,0,0
2050817,3,0,0,0,0,0,0,0,0,0,0,0,0,0,0,0,0,0,0,0,0,0,3
2050818,5,0,0,0,0,0,0,0,0,0,0,0,0,0,0,0,0,0,0,0,0,0,5
2050901,40,0,0,0,20,20,3,5,3,11,31,0,0,0,3,3,0,0,6,6,9,0,80
2050902,18,3,5,3,6,17,0,0,3,3,20,0,0,0,0,0,0,0,3,3,3,0,41
2050903,38,0,5,0,13,18,4,0,6,10,28,0,0,0,5,5,0,0,0,0,5,0,71
2050904,52,0,3,0,16,19,0,3,8,11,30,0,0,0,4,4,0,0,5,5,9,0,91
2050905,22,0,4,4,9,17,0,0,0,0,17,0,0,0,0,0,0,0,5,5,5,0,44
2050906,10,0,6,0,3,9,0,0,6,6,15,0,0,0,4,4,0,0,0,0,4,0,29
2050907,33,0,0,0,13,13,0,0,5,5,18,0,0,0,4,4,0,0,5,5,9,0,60
2050908,48,0,5,0,23,28,0,0,6,6,34,0,5,0,5,10,0,0,6,6,16,5,103
2050909,43,0,3,0,17,20,0,0,4,4,24,0,0,0,0,0,0,0,6,6,6,0,73
2050910,0,0,0,0,0,0,0,0,0,0,0,0,0,0,0,0,0,0,0,0,0,0,0
2050911,29,0,4,0,9,13,0,3,3,6,19,0,0,0,7,7,0,0,0,0,7,0,55
2050912,0,0,0,0,0,0,0,0,0,0,0,0,0,0,0,0,0,0,0,0,0,0,0
2050913,0,0,0,0,0,0,0,0,0,0,0,0,0,0,0,0,0,0,0,0,0,0,0
2051001,31,0,3,3,13,19,0,3,0,3,22,0,0,0,0,0,0,0,7,7,7,3,63
2051002,52,0,0,0,14,14,0,5,0,5,19,0,0,0,3,3,0,0,3,3,6,0,77
2051003,8,0,0,0,3,3,0,0,0,0,3,0,0,0,0,0,0,0,0,0,0,0,11
2051004,58,0,0,0,18,18,0,6,6,12,30,0,0,0,0,0,0,0,0,0,0,0,88
2051005,76,3,8,5,34,50,0,4,10,14,64,0,9,0,12,21,0,0,6,6,27,0,167
2051006,75,0,9,0,29,38,0,3,10,13,51,0,0,0,16,16,0,4,7,11,27,0,153
2051007,93,0,10,3,31,44,7,3,12,22,66,0,3,0,27,30,0,3,8,11,41,0,200
2051008,48,0,3,0,25,28,6,0,0,6,34,0,0,0,4,4,0,0,4,4,8,0,90
2051009,61,0,5,0,17,22,0,0,10,10,32,0,4,0,0,4,0,0,4,4,8,6,107
2051010,22,0,3,4,12,19,0,0,4,4,23,0,0,0,0,0,0,0,0,0,0,0,45
2051101,29,0,5,0,13,18,0,0,0,0,18,0,0,0,0,0,0,0,5,5,5,3,55
2051102,67,0,10,0,15,25,0,0,8,8,33,0,3,0,5,8,0,3,3,6,14,0,114
2051103,42,0,5,0,7,12,0,3,10,13,25,0,0,0,4,4,0,3,0,3,7,0,74
2051104,90,0,9,4,42,55,6,0,14,20,75,0,6,0,9,15,4,5,6,15,30,0,195
2051105,31,5,0,0,10,15,0,0,6,6,21,0,0,0,8,8,0,0,3,3,11,0,63
2051106,50,0,3,3,27,33,0,8,9,17,50,0,0,0,4,4,0,3,0,3,7,0,107
2051107,63,0,0,0,32,32,4,8,10,22,54,0,0,0,4,4,0,0,4,4,8,0,125
2051108,39,0,22,3,42,67,8,3,14,25,92,0,3,0,11,14,0,3,5,8,22,0,153
2051109,89,0,14,7,67,88,4,8,26,38,126,0,0,0,7,7,0,3,8,11,18,3,236
2051110,65,6,8,3,71,88,6,9,16,31,119,0,5,0,17,22,0,5,6,11,33,3,220
2051111,51,4,3,4,33,44,0,0,8,8,52,3,3,0,7,13,0,6,4,10,23,0,126
2051112,23,0,5,0,13,18,0,0,6,6,24,0,0,4,0,4,0,0,4,4,8,0,55
2051113,24,0,7,0,16,23,4,0,9,13,36,0,0,0,3,3,0,0,0,0,3,0,63
2051114,84,4,11,3,75,93,4,16,20,40,133,0,0,4,9,13,0,0,0,0,13,4,234
2051115,53,0,11,0,65,76,0,5,9,14,90,0,0,0,18,18,0,0,10,10,28,4,175
2051201,59,0,9,0,25,34,4,3,7,14,48,0,0,0,7,7,0,0,5,5,12,4,123
2051202,37,0,0,0,18,18,0,0,11,11,29,0,3,6,22,31,0,3,14,17,48,5,119
2051203,83,0,8,3,57,68,7,0,14,21,89,0,3,0,20,23,0,7,11,18,41,5,218
2051204,50,0,6,0,28,34,0,5,9,14,48,0,9,0,51,60,0,5,14,19,79,4,181
2051205,58,0,15,6,169,190,5,0,0,5,195,0,0,0,4,4,0,5,0,5,9,0,262
2051206,45,0,9,0,23,32,3,0,9,12,44,0,0,0,11,11,3,4,3,10,21,3,113
2051207,83,4,9,0,33,46,4,5,10,19,65,0,0,4,0,4,0,5,0,5,9,0,157
2051208,32,0,4,4,11,19,3,3,5,11,30,0,0,3,5,8,0,0,9,9,17,3,82
2051301,84,0,11,0,26,37,0,6,7,13,50,0,3,0,7,10,0,5,10,15,25,3,162
2051302,76,0,20,0,49,69,7,10,13,30,99,0,3,0,23,26,0,0,12,12,38,9,222
2051303,56,0,0,6,31,37,0,0,16,16,53,0,5,0,15,20,0,5,8,13,33,0,142
2051304,31,0,4,3,17,24,0,0,0,0,24,0,5,0,4,9,0,0,0,0,9,0,64
2051305,28,0,0,0,11,11,0,3,6,9,20,0,3,0,9,12,0,3,3,6,18,4,70
2051306,79,0,12,5,29,46,0,7,17,24,70,0,0,0,4,4,0,0,4,4,8,0,157
2051307,45,3,3,3,16,25,5,3,12,20,45,0,0,4,5,9,0,0,4,4,13,0,103
2051308,34,0,4,0,19,23,0,3,3,6,29,0,0,0,7,7,0,5,6,11,18,4,85
2051309,47,4,5,4,32,45,6,0,8,14,59,0,4,3,26,33,0,8,8,16,49,4,159
2051401,61,0,6,3,49,58,4,8,16,28,86,0,6,0,0,6,0,0,7,7,13,0,160
2051402,0,0,0,0,0,0,0,0,0,0,0,0,0,0,0,0,0,0,0,0,0,0,0
2051403,58,3,7,4,63,77,3,3,8,14,91,0,6,0,25,31,0,6,11,17,48,0,197
2051404,32,0,6,7,28,41,8,4,9,21,62,0,3,3,9,15,0,0,4,4,19,0,113
2051405,97,4,7,5,43,59,9,4,20,33,92,0,7,5,13,25,4,0,8,12,37,3,229
2051406,67,4,9,3,55,71,5,7,14,26,97,0,5,0,9,14,0,6,5,11,25,3,192
2051407,73,4,15,3,55,77,12,6,23,41,118,0,7,0,22,29,3,8,9,20,49,4,244
2051408,16,0,3,0,16,19,0,0,0,0,19,0,0,0,9,9,0,4,0,4,13,4,52
2051409,24,3,0,3,10,16,0,3,6,9,25,0,0,0,0,0,0,0,10,10,10,0,59
2051501,54,3,12,8,39,62,3,6,17,26,88,0,0,0,13,13,0,3,6,9,22,0,164
2051502,41,4,6,0,24,34,0,6,13,19,53,0,0,0,6,6,0,0,10,10,16,0,110
2051503,45,6,8,4,42,60,6,8,25,39,99,0,0,0,13,13,0,0,10,10,23,4,171
2051504,91,0,20,6,78,104,9,10,29,48,152,0,0,0,8,8,0,3,7,10,18,0,261
2051505,39,0,7,6,40,53,4,7,15,26,79,0,3,0,4,7,0,6,4,10,17,0,135
2051506,19,0,0,0,11,11,3,3,12,18,29,0,0,3,0,3,0,0,4,4,7,3,58
2051508,53,7,10,3,64,84,7,4,19,30,114,0,5,0,17,22,4,5,12,21,43,0,210
2051509,65,7,22,7,70,106,10,7,33,50,156,3,6,0,8,17,0,0,8,8,25,0,246
2051510,51,4,19,6,59,88,5,9,21,35,123,0,0,0,17,17,0,5,4,9,26,0,200
2051511,13,0,5,0,40,45,9,0,13,22,67,0,0,0,5,5,0,0,3,3,8,0,88
2051512,56,0,14,8,39,61,3,3,6,12,73,0,0,0,6,6,0,0,7,7,13,0,142
2051513,82,0,18,0,106,124,5,18,11,34,158,0,0,0,0,0,0,0,0,0,0,0,240
2051514,35,0,9,3,54,66,0,6,11,17,83,0,0,0,10,10,0,0,5,5,15,0,133
2051515,36,0,6,6,65,77,0,4,4,8,85,0,0,3,24,27,0,4,4,8,35,3,159
2051516,61,4,7,5,54,70,3,11,15,29,99,0,10,0,31,41,0,6,10,16,57,3,220
2051517,51,0,21,5,122,148,6,6,19,31,179,0,6,3,18,27,0,3,10,13,40,3,273
2060101,60,0,8,0,20,28,3,0,8,11,39,0,3,0,3,6,0,0,5,5,11,0,110
2060102,46,0,7,0,23,30,3,4,4,11,41,0,3,0,6,9,0,4,3,7,16,3,106
2060103,22,0,0,0,16,16,0,4,6,10,26,0,3,0,0,3,0,3,3,6,9,0,57
2060104,38,0,8,0,17,25,0,4,13,17,42,0,0,0,0,0,0,0,0,0,0,0,80
2060105,49,0,8,6,29,43,5,0,10,15,58,0,4,0,4,8,0,0,4,4,12,0,119
2060106,52,0,0,6,23,29,0,4,6,10,39,0,0,0,3,3,0,3,5,8,11,3,105
2060107,38,0,3,0,16,19,7,0,6,13,32,0,0,0,4,4,0,0,3,3,7,3,80
2060108,75,0,7,0,38,45,0,0,11,11,56,0,3,0,14,17,0,3,7,10,27,4,162
2060109,21,0,0,0,13,13,0,4,3,7,20,0,0,0,4,4,0,0,0,0,4,0,45
2060110,64,0,0,5,32,37,4,11,10,25,62,0,0,0,5,5,3,0,7,10,15,0,141
2060111,59,6,3,0,24,33,5,3,8,16,49,0,0,8,3,11,0,4,3,7,18,0,126
2060112,25,0,0,0,9,9,3,3,5,11,20,0,0,0,3,3,0,0,4,4,7,0,52
2060113,25,0,3,0,13,16,0,3,3,6,22,0,0,0,3,3,0,0,0,0,3,0,50
2060114,30,0,4,0,20,24,4,0,0,4,28,0,0,0,4,4,0,0,3,3,7,0,65
2060115,42,3,3,0,25,31,0,5,6,11,42,0,3,0,9,12,0,0,7,7,19,0,103
2060201,67,6,3,4,88,101,7,6,17,30,131,0,4,0,17,21,0,4,8,12,33,6,237
2060202,50,5,12,6,41,64,5,6,15,26,90,0,8,3,14,25,0,0,10,10,35,0,175
2060203,64,0,9,0,47,56,3,5,7,15,71,0,0,0,5,5,3,0,5,8,13,0,148
2060204,26,0,0,0,13,13,0,0,6,6,19,0,5,0,3,8,0,0,0,0,8,0,53
2060205,25,3,5,0,25,33,0,0,9,9,42,0,0,0,6,6,0,4,0,4,10,0,77
2060206,32,0,4,0,18,22,0,5,8,13,35,0,0,0,3,3,0,3,0,3,6,0,73
2060207,92,0,11,5,49,65,3,9,11,23,88,0,0,0,11,11,3,0,12,15,26,0,206
2060208,30,0,7,0,33,40,0,0,17,17,57,0,0,0,6,6,0,0,6,6,12,0,99
2060209,78,0,12,3,80,95,6,10,21,37,132,0,3,3,21,27,0,0,11,11,38,4,252
2060210,28,3,15,5,47,70,3,4,9,16,86,0,0,0,6,6,0,0,3,3,9,5,128
2060211,74,4,18,5,53,80,4,20,35,59,139,0,0,3,8,11,0,0,10,10,21,0,234
2060212,57,0,6,5,38,49,3,13,11,27,76,0,0,0,3,3,0,0,5,5,8,0,141
2060213,52,7,9,0,45,61,4,5,22,31,92,0,0,3,9,12,3,3,7,13,25,0,169
2060214,23,0,15,3,38,56,7,4,12,23,79,0,0,0,0,0,0,0,0,0,0,0,102
2060215,35,0,14,0,31,45,4,12,7,23,68,0,0,0,0,0,0,0,0,0,0,0,103
2060216,63,0,8,5,71,84,0,8,9,17,101,0,0,0,0,0,0,6,0,6,6,0,170
2060301,73,4,10,0,51,65,3,6,11,20,85,0,0,0,11,11,0,0,8,8,19,0,177
2060302,81,0,8,6,53,67,4,13,12,29,96,0,0,0,7,7,0,0,10,10,17,0,194
2060303,54,4,5,5,38,52,0,7,8,15,67,0,0,0,16,16,0,0,6,6,22,0,143
2060304,22,0,0,0,17,17,0,7,0,7,24,0,0,0,10,10,0,0,6,6,16,0,62
2060305,45,0,5,0,27,32,4,0,8,12,44,0,6,0,12,18,0,0,7,7,25,3,117
2060306,42,4,4,0,18,26,6,4,8,18,44,0,0,0,8,8,0,6,16,22,30,0,116
2060307,34,0,9,0,15,24,0,4,5,9,33,0,0,3,14,17,0,0,7,7,24,0,91
2060308,48,0,4,3,26,33,4,0,11,15,48,0,4,0,4,8,0,0,7,7,15,5,116
2060309,37,4,3,0,6,13,0,0,7,7,20,0,0,0,7,7,0,0,11,11,18,5,80
2060310,48,0,0,6,17,23,5,4,4,13,36,0,3,3,7,13,4,0,4,8,21,3,108
2060311,88,0,12,3,48,63,0,5,11,16,79,0,4,0,8,12,0,9,8,17,29,3,199
2060312,26,0,0,0,21,21,0,0,5,5,26,0,8,3,7,18,0,4,3,7,25,0,77
2060401,71,0,5,0,44,49,4,16,12,32,81,3,3,0,4,10,0,3,3,6,16,0,168
2060402,66,4,23,0,48,75,4,5,13,22,97,0,0,0,8,8,0,0,3,3,11,5,179
2060403,57,0,9,0,32,41,0,0,10,10,51,0,0,0,6,6,0,0,0,0,6,0,114
2060404,49,0,10,0,35,45,0,4,16,20,65,0,3,0,4,7,3,0,3,6,13,3,130
2060405,72,0,13,0,35,48,5,6,11,22,70,0,0,0,3,3,0,3,8,11,14,0,156
2060406,44,0,7,0,27,34,5,5,4,14,48,5,0,0,4,9,3,0,0,3,12,0,104
2060407,53,0,8,0,35,43,0,10,16,26,69,0,5,0,11,16,0,4,5,9,25,0,147
2060408,60,0,10,3,35,48,8,0,12,20,68,3,3,0,12,18,3,0,7,10,28,3,159
2060409,52,0,3,3,30,36,3,9,11,23,59,0,3,0,3,6,0,0,3,3,9,3,123
2060410,53,0,4,6,34,44,3,4,8,15,59,0,0,0,14,14,0,4,4,8,22,0,134
2060411,44,0,5,0,27,32,0,7,5,12,44,0,0,0,6,6,0,4,0,4,10,0,98
2060501,50,0,7,0,15,22,0,8,7,15,37,7,0,0,0,7,0,0,0,0,7,0,94
2060502,48,0,6,4,33,43,3,5,6,14,57,0,0,0,6,6,0,0,3,3,9,4,118
2060503,74,0,8,9,31,48,0,6,7,13,61,0,0,4,3,7,0,0,5,5,12,0,147
2060504,41,0,0,0,18,18,3,5,7,15,33,0,3,0,14,17,0,5,9,14,31,0,105
2060505,78,0,13,0,45,58,7,12,10,29,87,0,4,3,11,18,3,6,4,13,31,3,199
2060506,24,0,4,0,17,21,0,0,4,4,25,0,0,0,6,6,0,0,3,3,9,0,58
2060507,75,0,11,4,35,50,4,9,12,25,75,0,0,0,10,10,0,3,4,7,17,3,170
2060601,43,5,7,0,21,33,4,5,11,20,53,0,3,3,3,9,0,3,4,7,16,0,112
2060602,23,0,3,0,13,16,0,0,3,3,19,0,0,0,5,5,0,0,7,7,12,3,57
2060603,45,0,6,0,23,29,0,3,17,20,49,0,0,0,11,11,0,6,5,11,22,0,116
2060604,75,3,3,3,45,54,0,6,10,16,70,0,3,3,6,12,0,0,9,9,21,4,170
2060605,60,3,3,0,8,14,0,5,4,9,23,3,3,0,8,14,3,0,4,7,21,0,104
2060606,44,0,0,0,29,29,4,4,0,8,37,0,0,0,17,17,3,3,5,11,28,5,114
2060607,57,0,6,3,32,41,0,4,9,13,54,0,3,0,27,30,0,3,13,16,46,0,157
2060608,66,0,7,3,33,43,4,0,10,14,57,3,3,0,9,15,0,0,5,5,20,4,147
2060609,41,0,0,0,24,24,0,4,4,8,32,0,3,0,14,17,0,4,11,15,32,3,108
2060610,53,0,4,0,29,33,0,5,6,11,44,0,6,0,20,26,3,7,8,18,44,3,144
2060611,67,0,3,3,34,40,0,5,14,19,59,0,8,0,22,30,0,5,15,20,50,4,180
2060612,88,0,6,0,33,39,3,8,13,24,63,0,3,0,12,15,0,0,16,16,31,4,186
2060613,51,0,11,0,13,24,0,0,7,7,31,0,6,0,12,18,0,0,12,12,30,6,118
2060614,0,0,0,0,0,0,0,0,0,0,0,0,0,0,0,0,0,0,0,0,0,0,0
2060701,55,0,8,0,19,27,0,4,10,14,41,0,0,0,7,7,0,0,6,6,13,0,109
2060702,21,0,5,0,15,20,0,0,0,0,20,0,0,0,0,0,0,4,0,4,4,0,45
2060703,96,0,16,0,36,52,7,3,15,25,77,0,0,0,16,16,0,5,5,10,26,0,199
2060704,37,3,0,0,12,15,0,0,10,10,25,0,0,0,0,0,0,3,5,8,8,0,70
2060705,61,0,3,0,30,33,0,6,4,10,43,0,0,0,11,11,3,0,10,13,24,0,128
2060706,40,0,0,6,8,14,0,5,5,10,24,0,0,0,8,8,0,4,0,4,12,0,76
2060707,31,0,3,3,6,12,0,0,3,3,15,0,0,0,5,5,0,0,3,3,8,3,57
2060708,84,6,11,0,40,57,6,7,18,31,88,0,0,3,5,8,0,3,5,8,16,0,188
2060709,11,0,0,5,10,15,0,0,0,0,15,0,3,0,0,3,0,0,0,0,3,0,29
2060801,50,5,9,0,37,51,0,8,8,16,67,0,3,3,15,21,0,0,6,6,27,0,144
2060802,71,4,7,0,34,45,6,9,8,23,68,0,0,0,6,6,0,5,3,8,14,4,157
2060803,69,3,13,6,52,74,3,14,6,23,97,0,0,0,3,3,0,0,6,6,9,0,175
2060804,54,0,7,4,43,54,0,8,13,21,75,0,3,3,17,23,0,5,6,11,34,0,163
2060805,47,0,11,0,32,43,3,3,4,10,53,0,3,0,3,6,3,3,3,9,15,4,119
2060806,32,3,4,3,20,30,0,5,8,13,43,0,3,0,17,20,4,4,4,12,32,0,107
2060807,60,0,13,3,47,63,4,9,21,34,97,0,0,0,9,9,0,0,8,8,17,0,174
2060808,48,0,15,0,42,57,6,4,6,16,73,0,3,0,10,13,0,0,7,7,20,0,141
2060809,56,0,8,0,43,51,0,5,18,23,74,5,7,0,10,22,0,5,0,5,27,0,157
2060810,36,6,4,5,48,63,0,7,0,7,70,0,0,0,4,4,0,0,0,0,4,0,110
2060811,30,4,6,0,24,34,5,0,9,14,48,0,0,0,5,5,0,4,5,9,14,0,92
2060901,42,0,0,0,15,15,0,0,10,10,25,0,0,0,0,0,0,0,6,6,6,0,73
2060902,60,3,7,3,32,45,0,4,7,11,56,0,5,0,10,15,0,0,8,8,23,0,139
2060903,68,3,10,0,39,52,4,7,14,25,77,0,0,0,0,0,0,5,5,10,10,0,155
2060904,39,0,4,0,30,34,0,7,11,18,52,0,0,0,5,5,0,0,0,0,5,0,96
2060905,79,0,6,4,30,40,0,3,9,12,52,3,4,3,16,26,0,4,6,10,36,3,170
2060906,44,0,0,0,13,13,9,3,3,15,28,0,0,4,16,20,0,0,7,7,27,4,103
2060907,57,3,11,0,43,57,0,6,6,12,69,0,7,0,18,25,0,4,10,14,39,3,168
2060908,85,3,8,0,35,46,3,3,17,23,69,0,6,0,10,16,4,3,4,11,27,0,181
2060909,64,0,3,4,28,35,4,5,10,19,54,0,0,0,8,8,0,3,10,13,21,4,143
2060910,43,0,6,0,20,26,5,3,4,12,38,0,4,0,7,11,0,3,5,8,19,0,100
2060911,80,3,3,9,14,29,4,7,12,23,52,0,0,4,8,12,0,3,12,15,27,0,159
2061001,54,3,3,0,16,22,3,0,5,8,30,0,0,0,3,3,3,3,3,9,12,0,96
2061002,49,3,6,0,24,33,0,0,9,9,42,0,0,0,7,7,0,0,0,0,7,0,98
2061003,51,0,8,0,23,31,0,3,11,14,45,0,5,0,16,21,0,9,7,16,37,4,137
2061004,46,0,7,5,29,41,0,4,8,12,53,0,3,4,4,11,0,0,6,6,17,3,119
2061005,56,5,8,3,48,64,6,0,11,17,81,0,3,0,17,20,0,5,14,19,39,4,180
2061006,70,3,4,0,33,40,3,4,11,18,58,0,0,0,10,10,5,0,0,5,15,0,143
2061007,23,0,3,6,8,17,0,0,0,0,17,0,0,0,5,5,0,0,6,6,11,0,51
2061008,52,4,6,4,53,67,4,0,18,22,89,0,7,0,13,20,0,5,0,5,25,0,166
2061101,61,0,3,0,12,15,0,4,6,10,25,0,3,0,22,25,0,4,10,14,39,0,125
2061102,49,0,0,6,30,36,0,5,4,9,45,0,0,0,9,9,0,4,3,7,16,3,113
2061103,20,0,0,5,9,14,0,0,6,6,20,0,0,0,9,9,0,5,0,5,14,0,54
2061104,43,0,7,0,24,31,0,0,8,8,39,0,0,5,7,12,0,0,5,5,17,0,99
2061105,32,0,0,0,14,14,0,0,0,0,14,0,0,0,6,6,4,0,5,9,15,0,61
2061106,49,0,7,0,19,26,0,0,4,4,30,0,3,0,17,20,0,0,10,10,30,0,109
2061107,51,0,3,0,20,23,0,5,8,13,36,0,0,0,11,11,0,4,9,13,24,0,111
2061108,44,0,3,4,28,35,6,0,8,14,49,0,0,0,13,13,0,4,7,11,24,0,117
2061201,83,4,12,0,53,69,9,9,17,35,104,0,3,0,3,6,0,0,6,6,12,0,199
2061202,84,0,11,3,53,67,14,10,29,53,120,0,3,0,9,12,0,3,4,7,19,0,223
2061203,60,0,9,3,45,57,7,12,16,35,92,0,0,0,4,4,0,0,5,5,9,0,161
2061204,75,5,19,7,117,148,6,6,18,30,178,0,4,3,16,23,3,0,7,10,33,0,286
2061205,49,5,6,0,39,50,5,3,0,8,58,0,0,0,13,13,0,3,8,11,24,5,136
2061206,55,0,12,4,44,60,9,7,13,29,89,0,0,0,6,6,0,4,7,11,17,5,166
2061207,34,0,10,0,22,32,8,0,8,16,48,0,0,0,0,0,0,0,0,0,0,0,82
2061208,59,0,8,3,44,55,4,10,27,41,96,0,10,4,10,24,0,0,5,5,29,0,184
2061209,62,6,18,6,102,132,3,18,22,43,175,0,0,0,8,8,0,3,3,6,14,3,254
2061210,76,4,14,4,53,75,6,17,31,54,129,0,0,0,5,5,0,4,3,7,12,0,217
2061211,44,0,10,8,68,86,0,7,9,16,102,0,0,5,23,28,0,6,3,9,37,3,186
2061212,28,0,8,0,60,68,4,0,7,11,79,0,0,0,0,0,0,0,0,0,0,0,107
2061213,21,0,7,0,27,34,0,7,0,7,41,0,0,0,3,3,0,3,0,3,6,4,72
2061301,18,0,0,0,9,9,0,4,4,8,17,0,0,0,0,0,0,0,0,0,0,0,35
2061302,56,0,11,3,45,59,10,15,12,37,96,0,0,0,9,9,0,5,0,5,14,0,166
2061303,45,3,7,0,34,44,3,5,10,18,62,0,6,0,0,6,0,3,8,11,17,3,127
2061304,34,0,5,3,22,30,8,0,5,13,43,0,0,0,6,6,0,0,0,0,6,0,83
2061305,85,4,10,0,44,58,8,9,14,31,89,0,0,0,9,9,0,6,6,12,21,5,200
2061306,59,0,11,0,29,40,0,12,13,25,65,0,0,0,9,9,0,4,8,12,21,0,145
2061307,15,5,0,0,13,18,5,6,8,19,37,0,0,3,3,6,0,0,3,3,9,0,61
2061308,72,0,28,0,71,99,12,9,15,36,135,0,3,3,11,17,3,4,6,13,30,0,237
2061309,65,3,9,3,61,76,3,14,7,24,100,3,8,0,4,15,0,4,7,11,26,3,194
2061310,31,0,12,0,19,31,3,5,3,11,42,0,0,0,0,0,4,0,0,4,4,0,77
2070101,41,0,6,0,9,15,0,0,7,7,22,0,0,0,8,8,0,0,3,3,11,3,77
2070102,79,5,28,7,97,137,3,32,26,61,198,0,0,0,0,0,5,0,10,15,15,3,295
2070103,89,3,12,3,7,25,0,0,11,11,36,0,0,0,13,13,0,0,7,7,20,4,149
2070104,114,0,9,0,21,30,0,0,16,16,46,0,4,3,13,20,0,3,16,19,39,0,199
2070105,49,0,0,5,21,26,5,4,7,16,42,0,0,0,15,15,0,0,5,5,20,3,114
2070106,45,0,0,5,17,22,0,3,7,10,32,0,3,0,5,8,0,3,3,6,14,0,91
2070107,39,0,0,0,14,14,0,0,20,20,34,0,0,0,15,15,0,3,7,10,25,3,101
2070108,129,7,17,4,64,92,7,12,17,36,128,0,3,4,12,19,0,4,9,13,32,0,289
2070109,26,0,3,8,12,23,3,0,13,16,39,0,0,0,3,3,0,0,5,5,8,0,73
2070110,35,0,3,3,14,20,4,3,4,11,31,0,0,0,0,0,0,0,4,4,4,6,76
2070111,46,0,8,3,13,24,0,0,7,7,31,0,0,0,0,0,3,3,5,11,11,3,91
2070112,94,0,6,7,29,42,4,8,15,27,69,0,0,0,17,17,0,4,10,14,31,0,194
2070201,74,0,8,6,38,52,0,4,11,15,67,0,0,0,13,13,3,3,6,12,25,4,170
2070202,50,0,8,0,35,43,0,4,8,12,55,3,0,0,12,15,0,0,3,3,18,3,126
2070203,70,0,10,0,30,40,0,4,11,15,55,0,3,0,3,6,0,0,9,9,15,3,143
2070204,77,0,0,5,26,31,0,0,5,5,36,4,0,0,9,13,3,0,7,10,23,3,139
2070205,41,3,3,3,16,25,3,0,4,7,32,0,0,0,3,3,0,0,4,4,7,3,83
2070206,52,0,0,0,21,21,4,6,4,14,35,0,0,0,12,12,0,3,8,11,23,0,110
2070207,26,0,3,0,23,26,0,0,0,0,26,0,0,4,7,11,0,4,5,9,20,0,72
2070208,37,0,7,0,15,22,6,0,5,11,33,0,3,0,4,7,0,3,3,6,13,0,83
2070209,53,3,7,0,27,37,0,5,8,13,50,0,0,7,19,26,3,3,6,12,38,0,141
2070210,55,3,4,0,39,46,0,7,8,15,61,0,4,3,9,16,3,0,3,6,22,0,138
2070211,74,0,3,3,40,46,4,9,11,24,70,0,0,4,12,16,0,6,4,10,26,3,173
2070212,60,0,5,6,33,44,0,3,13,16,60,0,3,3,12,18,0,6,3,9,27,0,147
2070301,22,0,0,0,4,4,0,3,3,6,10,0,0,0,3,3,0,0,3,3,6,0,38
2070302,11,0,4,0,4,8,0,5,0,5,13,0,0,0,0,0,0,0,4,4,4,0,28
2070303,25,0,4,0,9,13,0,4,0,4,17,0,0,0,3,3,0,0,0,0,3,0,45
2070304,21,0,5,0,4,9,0,0,0,0,9,0,0,0,5,5,0,0,0,0,5,0,35
2070305,25,3,0,0,9,12,0,0,3,3,15,0,0,0,3,3,0,3,5,8,11,0,51
2070306,37,0,7,0,17,24,0,0,0,0,24,0,0,0,14,14,0,3,3,6,20,0,81
2070307,28,0,9,0,14,23,0,0,0,0,23,0,0,0,3,3,0,0,5,5,8,0,59
2070308,42,0,0,3,19,22,0,0,7,7,29,0,3,3,6,12,0,0,6,6,18,0,89
2070309,29,0,4,0,11,15,0,0,0,0,15,0,0,0,4,4,0,3,0,3,7,0,51
2070310,16,0,0,0,10,10,0,6,0,6,16,0,0,0,5,5,0,0,0,0,5,0,37
2070311,24,0,0,0,6,6,0,0,6,6,12,0,0,0,0,0,0,0,3,3,3,0,39
2070312,28,0,4,0,7,11,0,0,3,3,14,0,0,0,4,4,0,0,0,0,4,3,49
2070313,85,0,6,0,30,36,0,6,13,19,55,0,5,0,9,14,0,5,12,17,31,0,171
2070314,15,0,0,0,5,5,0,0,4,4,9,0,4,0,0,4,0,0,0,0,4,0,28
2070401,15,0,4,0,14,18,0,3,0,3,21,0,0,0,3,3,0,0,3,3,6,3,45
2070402,18,0,4,0,7,11,0,3,5,8,19,0,0,3,0,3,0,0,3,3,6,0,43
2070403,45,5,0,0,25,30,0,3,6,9,39,0,5,0,12,17,0,6,0,6,23,0,107
2070404,12,0,7,0,5,12,0,0,0,0,12,0,0,3,0,3,0,5,0,5,8,0,32
2070405,20,0,6,0,18,24,0,6,9,15,39,0,0,0,3,3,0,0,3,3,6,0,65
2070406,32,0,7,0,24,31,0,8,5,13,44,0,0,0,0,0,0,0,0,0,0,0,76
2070407,54,0,5,0,16,21,3,7,11,21,42,0,0,0,5,5,0,4,0,4,9,0,105
2070408,47,0,4,0,21,25,0,5,0,5,30,0,0,0,3,3,0,3,7,10,13,0,90
2070409,30,0,4,0,13,17,0,4,4,8,25,0,0,0,4,4,0,0,0,0,4,4,63
2070410,10,0,0,0,7,7,0,0,0,0,7,0,0,0,3,3,0,0,0,0,3,0,20
2070411,42,0,9,0,19,28,0,0,6,6,34,0,0,0,10,10,0,0,5,5,15,0,91
2070501,44,0,13,5,32,50,0,6,10,16,66,0,0,0,9,9,0,0,7,7,16,0,126
2070502,31,3,9,0,21,33,5,0,15,20,53,0,0,0,5,5,0,5,7,12,17,0,101
2070503,14,0,3,0,9,12,3,5,3,11,23,0,0,0,0,0,0,0,0,0,0,0,37
2070504,79,3,11,5,52,71,6,6,28,40,111,0,0,0,18,18,0,4,4,8,26,0,216
2070505,84,6,23,5,97,131,9,11,20,40,171,0,3,0,19,22,0,3,8,11,33,3,291
2070506,11,0,3,0,8,11,0,0,0,0,11,4,0,0,4,8,0,0,3,3,11,0,33
2070507,120,5,19,4,62,90,4,8,11,23,113,0,12,0,27,39,4,4,3,11,50,4,287
2070508,58,0,11,4,30,45,4,7,20,31,76,0,0,0,14,14,3,4,5,12,26,0,160
2070509,86,3,9,4,72,88,9,6,15,30,118,0,7,0,25,32,0,0,5,5,37,3,244
2070510,76,3,4,6,23,36,3,4,8,15,51,0,6,0,20,26,0,3,13,16,42,0,169
2070511,89,4,4,3,28,39,3,6,19,28,67,0,0,4,16,20,4,0,13,17,37,0,193
2070512,14,3,0,3,7,13,3,0,3,6,19,0,0,0,0,0,0,0,0,0,0,0,33
2070513,48,0,16,5,72,93,3,9,14,26,119,0,0,0,5,5,0,0,3,3,8,0,175
2070514,81,4,28,3,130,165,8,20,20,48,213,0,0,0,12,12,0,10,0,10,22,0,316
2070515,45,0,12,3,33,48,0,4,5,9,57,0,7,0,10,17,0,0,5,5,22,0,124
2070516,61,0,11,5,59,75,5,3,10,18,93,0,3,0,12,15,4,3,9,16,31,8,193
2070517,33,0,8,0,21,29,0,4,7,11,40,0,0,4,21,25,0,0,10,10,35,0,108
2070518,13,0,5,0,9,14,5,0,3,8,22,0,0,0,0,0,0,4,4,8,8,3,46
2070519,30,0,4,0,16,20,0,5,13,18,38,0,0,0,3,3,3,0,7,10,13,0,81
2070601,57,0,9,8,55,72,4,6,11,21,93,0,3,3,17,23,3,3,6,12,35,0,185
2070602,69,0,10,0,43,53,8,11,6,25,78,0,0,3,19,22,0,3,9,12,34,3,184
2070603,51,0,0,0,16,16,0,3,7,10,26,0,3,0,7,10,3,0,7,10,20,0,97
2070604,84,0,6,4,36,46,0,7,7,14,60,0,5,0,25,30,0,0,16,16,46,0,190
2070605,64,0,7,7,41,55,0,0,14,14,69,0,6,0,20,26,0,3,13,16,42,0,175
2070606,92,6,13,4,53,76,6,13,19,38,114,0,4,4,17,25,0,7,8,15,40,3,249
2070607,80,0,9,0,27,36,7,4,6,17,53,0,6,8,15,29,0,4,13,17,46,0,179
2070608,83,0,15,3,74,92,6,10,9,25,117,0,3,4,18,25,4,3,0,7,32,4,236
2070609,42,0,0,4,14,18,0,4,3,7,25,0,0,0,5,5,5,0,6,11,16,0,83
2070610,48,0,4,3,22,29,3,7,7,17,46,0,3,3,12,18,4,5,7,16,34,0,128
2070611,39,4,3,4,28,39,0,5,5,10,49,0,0,0,14,14,0,4,4,8,22,0,110
2070701,24,0,4,0,12,16,0,0,5,5,21,0,0,0,0,0,0,0,5,5,5,0,50
2070702,35,0,3,0,21,24,3,0,6,9,33,0,0,0,13,13,0,0,3,3,16,3,87
2070703,93,3,5,3,35,46,0,5,10,15,61,0,0,0,13,13,0,0,10,10,23,5,182
2070704,95,4,16,4,55,79,3,5,26,34,113,0,0,6,7,13,0,0,13,13,26,0,234
2070705,19,0,5,4,0,9,0,5,0,5,14,0,3,0,3,6,0,0,0,0,6,0,39
2070706,94,3,26,4,75,108,10,19,32,61,169,0,5,0,10,15,3,4,11,18,33,3,299
2070707,20,0,3,0,16,19,0,4,4,8,27,0,0,0,4,4,0,0,0,0,4,0,51
2070708,65,4,4,3,40,51,0,6,17,23,74,3,3,0,8,14,0,6,6,12,26,4,169
2070709,28,3,0,0,14,17,3,6,0,9,26,0,3,0,3,6,0,0,3,3,9,0,63
2070710,30,0,3,4,23,30,0,6,11,17,47,0,0,0,5,5,5,0,4,9,14,0,91
2070711,57,0,16,3,42,61,7,4,11,22,83,0,4,0,5,9,0,0,8,8,17,0,157
2070712,65,0,16,0,46,62,6,9,14,29,91,0,6,4,9,19,0,0,3,3,22,0,178
2070713,19,0,3,0,10,13,0,3,0,3,16,0,3,0,0,3,0,0,0,0,3,0,38
2070714,45,0,7,3,49,59,6,0,16,22,81,0,0,0,15,15,0,0,9,9,24,0,150
2070801,29,0,3,0,10,13,0,3,3,6,19,0,3,0,6,9,0,0,0,0,9,0,57
2070802,24,0,6,0,10,16,0,3,8,11,27,0,0,0,4,4,0,0,0,0,4,0,55
2070803,3,0,0,0,4,4,0,0,3,3,7,0,0,0,0,0,0,0,4,4,4,0,14
2070804,26,0,0,0,14,14,4,0,3,7,21,0,0,0,0,0,0,0,0,0,0,0,47
2070805,13,0,0,0,9,9,0,0,7,7,16,0,0,0,0,0,0,0,0,0,0,0,29
2070806,29,0,4,4,12,20,0,6,11,17,37,0,0,0,0,0,0,0,0,0,0,6,72
2070807,65,0,8,4,28,40,4,9,11,24,64,0,0,0,0,0,0,0,0,0,0,0,129
2070808,19,0,4,0,14,18,0,0,4,4,22,0,0,3,3,6,0,0,4,4,10,0,51
2070809,79,0,8,3,34,45,3,4,10,17,62,0,0,0,8,8,0,0,7,7,15,0,156
2070810,24,0,6,0,16,22,0,0,5,5,27,0,0,0,0,0,0,0,0,0,0,0,51
2070811,35,0,7,0,19,26,0,5,6,11,37,0,0,0,4,4,0,3,3,6,10,0,82
2070812,13,0,0,0,4,4,0,0,0,0,4,0,0,0,4,4,0,0,3,3,7,0,24
2070901,77,4,27,4,79,114,10,16,22,48,162,0,0,0,13,13,0,0,10,10,23,0,262
2070902,71,0,12,3,125,140,0,7,4,11,151,0,5,0,17,22,0,0,5,5,27,0,249
2070903,35,0,11,6,36,53,4,6,12,22,75,0,3,0,3,6,0,4,0,4,10,0,120
2070904,77,0,13,4,43,60,5,13,11,29,89,0,0,0,6,6,0,0,4,4,10,0,176
2070905,98,3,19,3,66,91,4,16,13,33,124,0,0,0,8,8,0,0,4,4,12,0,234
2070906,28,4,0,0,11,15,4,6,0,10,25,0,0,0,0,0,0,0,0,0,0,0,53
2070907,51,0,9,0,16,25,0,5,8,13,38,0,0,0,0,0,0,0,0,0,0,0,89
2070908,111,0,21,5,79,105,6,13,23,42,147,0,4,0,5,9,0,5,5,10,19,0,277
2070909,76,6,20,4,49,79,7,10,16,33,112,0,0,0,12,12,0,3,3,6,18,0,206
2070910,18,0,5,3,10,18,0,4,0,4,22,0,0,0,0,0,0,0,0,0,0,0,40
2070911,56,4,10,0,60,74,5,6,7,18,92,0,0,0,9,9,0,0,3,3,12,3,163
2070912,61,4,4,0,39,47,0,6,9,15,62,0,0,0,5,5,0,0,4,4,9,0,132
2070913,62,0,14,5,83,102,3,11,10,24,126,3,4,0,7,14,0,0,0,0,14,0,202
2071001,25,3,9,0,15,27,0,7,4,11,38,0,0,0,8,8,0,0,0,0,8,0,71
2071002,46,0,7,3,32,42,6,6,12,24,66,0,3,0,3,6,0,0,0,0,6,3,121
2071003,42,0,10,3,45,58,3,4,10,17,75,0,6,0,0,6,0,0,0,0,6,0,123
2071004,100,3,17,3,68,91,6,15,16,37,128,0,5,5,14,24,0,9,3,12,36,3,267
2071005,35,0,7,5,21,33,3,7,5,15,48,0,0,0,3,3,0,0,0,0,3,5,91
2071006,125,8,26,5,70,109,11,20,12,43,152,0,6,4,8,18,0,9,7,16,34,0,311
2071007,54,3,11,3,25,42,0,17,9,26,68,0,4,0,9,13,4,3,7,14,27,6,155
2071008,57,0,4,0,28,32,4,6,6,16,48,0,0,0,15,15,0,0,7,7,22,0,127
2071009,77,0,18,3,61,82,7,18,12,37,119,0,6,0,7,13,0,0,9,9,22,3,221
2071010,53,4,6,3,35,48,3,3,11,17,65,0,0,0,15,15,3,7,3,13,28,0,146
2071011,6,0,0,0,14,14,0,0,7,7,21,0,0,0,0,0,0,0,4,4,4,0,31
2071012,17,0,5,6,13,24,3,5,3,11,35,0,0,0,4,4,0,0,6,6,10,0,62
2071013,12,0,8,0,16,24,0,0,14,14,38,0,0,0,7,7,0,0,3,3,10,0,60
2071014,11,0,0,0,8,8,3,3,3,9,17,0,0,3,3,6,3,0,3,6,12,3,43
2071015,15,0,0,0,8,8,0,5,0,5,13,0,0,3,3,6,0,0,0,0,6,0,34
2071016,26,3,5,0,16,24,0,3,3,6,30,0,0,0,3,3,3,0,4,7,10,0,66
2071017,66,0,7,4,32,43,0,10,5,15,58,0,0,0,6,6,0,4,5,9,15,3,142
2071101,51,0,6,0,23,29,5,4,8,17,46,0,0,0,4,4,0,3,4,7,11,3,111
2071102,88,0,9,3,33,45,4,5,10,19,64,0,0,0,7,7,0,8,6,14,21,5,178
2071103,67,0,3,0,16,19,7,0,3,10,29,4,0,0,7,11,5,0,9,14,25,6,127
2071104,95,4,9,3,28,44,4,9,13,26,70,3,3,0,12,18,5,4,5,14,32,4,201
2071105,78,0,8,3,30,41,3,6,10,19,60,0,8,5,17,30,0,6,16,22,52,3,193
2071106,98,0,14,3,36,53,5,5,9,19,72,0,5,0,21,26,0,7,10,17,43,3,216
2071107,39,3,3,3,12,21,0,6,6,12,33,0,3,0,12,15,0,0,8,8,23,0,95
2071108,87,4,3,7,50,64,5,7,7,19,83,0,0,3,30,33,0,3,13,16,49,0,219
2071109,73,4,22,4,49,79,0,19,7,26,105,0,0,4,6,10,0,5,9,14,24,0,202
2071110,49,0,7,0,14,21,5,0,10,15,36,0,3,0,9,12,4,9,9,22,34,4,123
2071111,35,0,4,0,20,24,5,0,7,12,36,0,0,0,9,9,0,0,6,6,15,3,89
2071112,100,0,6,3,30,39,3,10,6,19,58,0,3,0,15,18,0,4,8,12,30,0,188
2071113,52,0,5,4,27,36,3,4,9,16,52,0,5,0,11,16,0,0,6,6,22,3,129
2071114,12,0,5,0,9,14,0,3,4,7,21,0,0,0,0,0,0,0,0,0,0,3,36
2071115,25,0,4,0,4,8,0,3,3,6,14,0,0,0,12,12,0,6,0,6,18,3,60
2071116,47,3,12,3,34,52,3,6,10,19,71,0,6,0,9,15,0,6,4,10,25,3,146
2071201,38,0,12,3,21,36,6,7,5,18,54,0,0,0,12,12,0,5,0,5,17,4,113
2071202,20,0,4,0,19,23,0,0,5,5,28,0,0,3,7,10,0,0,0,0,10,0,58
2071203,62,4,3,3,32,42,0,3,18,21,63,0,0,3,19,22,0,7,6,13,35,3,163
2071204,49,0,5,0,16,21,6,4,3,13,34,4,3,0,7,14,0,4,9,13,27,3,113
2071205,82,3,6,7,41,57,7,3,13,23,80,0,6,5,26,37,0,3,22,25,62,0,224
2071206,44,0,7,0,34,41,0,4,8,12,53,0,8,5,46,59,3,3,12,18,77,4,178
2071207,78,6,0,0,32,38,5,0,13,18,56,0,0,0,25,25,6,4,9,19,44,0,178
2071208,55,0,6,7,19,32,0,3,8,11,43,0,0,3,13,16,3,4,8,15,31,0,129
2071209,63,5,14,0,32,51,6,3,17,26,77,0,3,0,14,17,0,5,13,18,35,7,182
2071210,66,0,6,0,31,37,4,12,15,31,68,3,4,3,27,37,0,0,17,17,54,0,188
2071211,72,0,7,5,49,61,5,3,11,19,80,0,6,0,23,29,0,0,11,11,40,3,195
2071212,61,3,8,0,23,34,4,8,17,29,63,0,8,0,24,32,3,8,16,27,59,3,186
2071213,51,0,3,0,26,29,3,3,5,11,40,3,5,0,13,21,0,5,5,10,31,3,125
2071214,22,0,6,0,28,34,0,0,8,8,42,0,7,0,25,32,0,0,12,12,44,3,111
2071215,13,0,0,0,12,12,0,0,6,6,18,0,5,0,0,5,0,0,6,6,11,0,42
2071216,13,3,0,0,4,7,0,0,4,4,11,0,3,0,4,7,0,0,5,5,12,3,39
2071217,15,0,8,0,23,31,3,0,3,6,37,0,0,0,10,10,0,0,0,0,10,0,62
2071218,31,0,3,3,19,25,0,0,11,11,36,0,0,0,7,7,0,0,7,7,14,0,81
2071301,80,0,12,0,44,56,3,7,12,22,78,0,0,6,26,32,0,3,7,10,42,0,200
2071302,44,5,15,0,49,69,3,4,11,18,87,0,0,0,9,9,4,0,3,7,16,5,152
2071303,48,0,8,0,23,31,4,4,13,21,52,0,0,0,15,15,0,0,9,9,24,0,124
2071304,84,0,0,0,23,23,5,5,11,21,44,3,0,0,11,14,0,6,18,24,38,7,173
2071305,21,0,0,0,12,12,0,0,6,6,18,0,0,0,3,3,0,4,3,7,10,0,49
2071306,71,0,7,0,43,50,3,5,13,21,71,0,0,0,21,21,0,5,17,22,43,3,188
2071307,57,3,0,0,37,40,0,7,9,16,56,0,3,3,16,22,0,0,6,6,28,4,145
2071308,27,0,6,4,18,28,0,0,12,12,40,0,0,5,13,18,0,3,6,9,27,4,98
2071309,48,0,3,0,20,23,0,0,4,4,27,0,0,7,29,36,0,5,18,23,59,4,138
2071310,74,3,3,0,31,37,6,6,16,28,65,0,8,0,15,23,0,0,10,10,33,0,172
2071311,39,0,3,4,30,37,0,3,9,12,49,0,0,5,11,16,0,4,11,15,31,4,123
2071312,35,0,0,0,20,20,3,3,5,11,31,0,0,0,10,10,0,5,7,12,22,7,95
2071313,31,0,0,0,10,10,0,0,10,10,20,3,0,0,5,8,0,0,4,4,12,3,66
2071314,39,0,6,0,26,32,3,3,3,9,41,0,0,0,7,7,0,0,10,10,17,0,97
2071315,12,0,0,0,3,3,0,4,0,4,7,0,0,0,3,3,0,0,3,3,6,0,25
2071316,0,0,0,0,0,0,0,0,0,0,0,0,0,0,0,0,0,0,0,0,0,0,0
2071401,64,5,4,4,33,46,0,5,6,11,57,0,6,3,8,17,3,5,3,11,28,5,154
2071402,41,4,6,0,20,30,0,10,7,17,47,0,4,0,7,11,0,6,0,6,17,4,109
2071403,41,0,7,0,26,33,5,3,8,16,49,0,4,0,31,35,0,6,9,15,50,7,147
2071404,41,0,3,3,16,22,3,3,10,16,38,0,0,4,8,12,0,0,8,8,20,0,99
2071405,28,0,6,4,10,20,0,0,6,6,26,0,0,0,9,9,0,6,5,11,20,4,78
2071406,68,0,0,5,24,29,0,5,11,16,45,0,6,0,13,19,0,5,0,5,24,0,137
2071407,42,3,4,3,22,32,0,0,12,12,44,0,0,4,39,43,7,0,17,24,67,0,153
2071408,37,0,7,6,30,43,0,5,4,9,52,0,0,0,16,16,0,3,3,6,22,5,116
2071409,33,0,4,0,9,13,3,3,3,9,22,0,0,0,9,9,0,0,7,7,16,3,74
2071410,29,0,6,0,17,23,0,0,5,5,28,3,0,0,7,10,0,7,3,10,20,3,80
2071411,49,0,4,0,18,22,0,3,14,17,39,0,0,0,12,12,0,10,17,27,39,3,130
2071412,16,0,4,3,14,21,0,0,6,6,27,0,0,0,11,11,0,0,10,10,21,0,64
2071413,22,0,3,0,11,14,0,0,4,4,18,0,0,0,10,10,0,0,5,5,15,5,60
2071414,25,0,0,0,12,12,0,5,0,5,17,0,0,0,10,10,0,3,4,7,17,3,62
2071415,4,0,0,3,5,8,0,0,3,3,11,0,3,0,3,6,0,0,3,3,9,0,24
2071416,20,0,3,3,13,19,0,0,3,3,22,0,3,6,38,47,0,6,8,14,61,0,103
2071501,26,0,0,0,17,17,0,6,4,10,27,0,0,0,6,6,0,3,9,12,18,0,71
2071502,30,0,0,0,25,25,3,0,3,6,31,0,3,0,14,17,0,5,15,20,37,9,107
2071503,15,0,3,0,8,11,4,3,0,7,18,0,0,0,0,0,0,0,10,10,10,0,43
2071504,20,0,0,0,8,8,0,0,0,0,8,0,3,0,3,6,3,0,3,6,12,0,40
2071505,52,0,4,3,36,43,3,3,3,9,52,0,4,0,12,16,0,7,7,14,30,0,134
2071506,48,4,8,0,41,53,5,6,9,20,73,0,3,0,15,18,0,9,7,16,34,3,158
2071507,19,4,0,0,10,14,0,0,0,0,14,0,3,0,3,6,0,4,0,4,10,7,50
2071508,37,0,3,3,21,27,6,4,4,14,41,0,3,5,15,23,0,0,7,7,30,3,111
2071509,16,0,0,0,6,6,0,6,3,9,15,0,0,0,5,5,0,0,5,5,10,0,41
2071510,30,0,0,3,17,20,0,3,3,6,26,0,0,0,16,16,0,0,9,9,25,3,84
2071511,22,0,5,0,0,5,0,3,3,6,11,0,4,0,6,10,0,4,3,7,17,0,50
2071512,16,0,4,0,8,12,0,3,3,6,18,0,0,0,4,4,0,0,4,4,8,5,47
2071601,20,0,3,3,16,22,0,5,0,5,27,0,0,0,9,9,0,0,8,8,17,0,64
2071602,54,0,9,0,41,50,0,0,8,8,58,0,0,0,14,14,0,0,11,11,25,5,142
2071603,55,3,3,0,35,41,3,4,8,15,56,0,4,0,12,16,6,0,9,15,31,7,149
2071604,22,0,0,4,9,13,0,4,0,4,17,3,0,0,7,10,0,0,3,3,13,0,52
2071605,42,0,0,0,24,24,0,0,11,11,35,0,0,0,13,13,0,6,6,12,25,0,102
2071606,36,0,14,0,24,38,0,3,3,6,44,0,3,0,11,14,0,0,0,0,14,0,94
2071607,44,0,7,0,24,31,6,5,3,14,45,3,3,0,3,9,0,0,0,0,9,0,98
2071608,58,0,3,0,16,19,3,4,4,11,30,0,0,0,9,9,0,3,3,6,15,3,106
2071609,28,0,5,0,23,28,0,7,4,11,39,4,5,0,9,18,0,0,0,0,18,0,85
2071610,52,0,11,0,38,49,3,9,10,22,71,0,0,0,13,13,0,5,11,16,29,4,156
2071611,52,0,0,0,39,39,0,3,11,14,53,0,3,3,14,20,0,4,6,10,30,6,141
2071612,21,0,0,0,12,12,0,0,3,3,15,0,0,4,8,12,0,0,0,0,12,0,48
2071613,32,0,3,0,15,18,3,4,6,13,31,0,4,0,6,10,0,5,5,10,20,11,94
2071614,33,0,0,0,29,29,3,7,3,13,42,0,0,0,6,6,0,3,3,6,12,4,91
2071615,44,0,3,0,17,20,5,0,0,5,25,0,0,0,8,8,4,3,3,10,18,0,87
2071701,76,3,9,5,35,52,0,3,11,14,66,0,0,3,23,26,0,0,9,9,35,5,182
2071702,31,0,0,0,35,35,0,0,8,8,43,0,0,0,11,11,7,0,0,7,18,6,98
2071703,67,0,8,0,37,45,0,9,8,17,62,3,4,0,14,21,0,0,10,10,31,4,164
2071704,61,3,3,0,42,48,3,7,13,23,71,0,4,0,20,24,0,0,10,10,34,7,173
2071705,65,0,3,0,28,31,0,0,10,10,41,0,0,0,13,13,3,3,12,18,31,4,141
2071706,70,0,7,5,42,54,3,0,14,17,71,0,3,3,21,27,0,5,9,14,41,0,182
2071707,80,4,6,0,46,56,8,8,15,31,87,0,3,4,21,28,3,3,13,19,47,3,217
2071708,17,0,0,0,12,12,3,3,7,13,25,0,0,0,5,5,0,0,5,5,10,0,52
2071709,55,3,7,4,28,42,0,10,0,10,52,0,3,3,15,21,0,4,13,17,38,6,151
2071710,38,0,0,0,20,20,4,4,14,22,42,0,3,0,15,18,0,0,8,8,26,0,106
2071801,31,0,0,0,20,20,0,0,5,5,25,0,3,0,6,9,0,3,3,6,15,0,71
2071802,34,0,3,0,12,15,0,4,10,14,29,0,0,0,9,9,0,0,8,8,17,3,83
2071803,15,0,4,4,10,18,0,0,4,4,22,0,4,0,0,4,0,0,0,0,4,0,41
2071804,28,0,4,0,8,12,3,5,3,11,23,0,0,0,5,5,0,0,3,3,8,0,59
2071805,12,0,3,0,9,12,0,3,3,6,18,0,0,0,0,0,0,0,0,0,0,0,30
2071806,19,0,5,0,8,13,0,3,6,9,22,0,0,0,4,4,0,0,6,6,10,0,51
2071807,28,0,0,0,21,21,0,3,7,10,31,0,0,0,0,0,0,0,4,4,4,0,63
2071808,35,0,4,0,9,13,3,3,5,11,24,0,0,3,3,6,0,0,0,0,6,0,65
2071809,23,0,0,0,6,6,0,6,0,6,12,0,0,0,5,5,0,0,3,3,8,0,43
2071810,24,0,0,0,16,16,0,0,7,7,23,0,0,0,3,3,0,0,0,0,3,3,53
2071901,40,0,5,3,22,30,0,4,3,7,37,0,0,0,0,0,0,0,0,0,0,0,77
2071902,55,0,6,0,21,27,4,5,3,12,39,0,0,0,3,3,0,5,0,5,8,0,102
2071903,13,0,7,0,10,17,0,4,0,4,21,0,0,0,0,0,0,0,0,0,0,0,34
2071904,38,0,3,0,15,18,0,0,6,6,24,0,3,0,3,6,0,0,3,3,9,3,74
2071905,21,0,0,4,13,17,5,0,0,5,22,0,3,0,0,3,0,0,0,0,3,0,46
2072001,69,4,6,0,35,45,0,3,10,13,58,0,5,0,4,9,4,0,8,12,21,5,153
2072002,50,0,6,0,13,19,0,3,5,8,27,0,0,0,10,10,0,0,0,0,10,0,87
2072003,63,0,4,0,24,28,3,3,9,15,43,5,0,0,10,15,0,0,3,3,18,4,128
2072004,44,0,8,4,28,40,3,3,11,17,57,0,0,0,9,9,0,0,3,3,12,0,113
2072005,40,3,3,3,11,20,0,3,11,14,34,0,3,0,7,10,0,0,5,5,15,0,89
2080101,60,0,10,5,44,59,0,9,17,26,85,0,0,0,16,16,0,0,7,7,23,4,172
2080102,53,0,7,3,35,45,0,0,14,14,59,0,5,0,19,24,0,5,9,14,38,0,150
2080103,28,0,0,0,19,19,0,0,0,0,19,0,0,0,0,0,0,0,4,4,4,0,51
2080104,52,0,4,0,19,23,0,0,10,10,33,0,0,4,0,4,0,0,7,7,11,0,96
2080105,27,3,4,0,10,17,0,6,7,13,30,0,0,0,3,3,0,0,0,0,3,3,63
2080106,43,0,8,0,15,23,3,3,5,11,34,0,0,0,5,5,0,0,7,7,12,0,89
2080107,105,0,9,0,45,54,6,7,5,18,72,0,7,0,9,16,0,6,7,13,29,4,210
2080108,28,0,4,0,18,22,0,3,12,15,37,0,0,5,10,15,4,0,9,13,28,4,97
2080109,33,0,6,4,11,21,0,0,3,3,24,0,4,3,21,28,0,4,8,12,40,0,97
2080201,26,0,3,0,5,8,3,0,0,3,11,0,0,0,0,0,0,3,3,6,6,3,46
2080202,67,4,16,0,40,60,3,3,12,18,78,0,0,0,4,4,0,0,0,0,4,0,149
2080203,68,5,12,0,19,36,0,3,13,16,52,0,3,0,4,7,3,0,3,6,13,0,133
2080204,27,0,4,0,13,17,3,3,0,6,23,0,0,0,4,4,0,0,0,0,4,0,54
2080205,40,3,3,0,9,15,0,0,3,3,18,0,0,0,5,5,0,0,4,4,9,3,70
2080206,21,0,0,0,7,7,0,4,5,9,16,0,0,0,0,0,0,0,0,0,0,4,41
2080207,61,0,7,0,23,30,7,0,8,15,45,3,0,0,0,3,0,0,0,0,3,0,109
2080208,20,0,3,0,7,10,3,3,3,9,19,0,0,0,0,0,0,0,0,0,0,0,39
2080209,35,6,5,0,3,14,0,3,0,3,17,0,0,4,3,7,0,0,5,5,12,3,67
2080210,38,0,6,0,22,28,3,3,9,15,43,0,0,0,0,0,0,0,0,0,0,0,81
2080211,32,4,3,0,14,21,3,0,3,6,27,0,0,0,0,0,0,0,4,4,4,0,63
2080301,47,0,7,0,24,31,0,4,3,7,38,0,0,0,7,7,0,0,3,3,10,0,95
2080302,52,4,7,0,14,25,0,0,6,6,31,0,0,3,10,13,0,0,7,7,20,0,103
2080303,39,0,7,0,17,24,0,6,5,11,35,0,3,4,6,13,0,4,0,4,17,0,91
2080304,59,0,6,0,19,25,0,0,9,9,34,0,0,0,10,10,0,0,6,6,16,3,112
2080305,56,0,5,3,37,45,4,0,5,9,54,0,0,0,16,16,0,4,10,14,30,0,140
2080306,71,4,12,0,31,47,0,6,8,14,61,0,3,0,9,12,0,3,9,12,24,0,156
2080307,50,0,0,0,22,22,0,3,5,8,30,0,3,0,5,8,0,3,3,6,14,4,98
2080308,64,4,3,4,31,42,4,3,4,11,53,0,6,0,10,16,0,0,0,0,16,4,137
2080309,88,0,3,3,32,38,3,0,9,12,50,0,4,0,5,9,0,0,0,0,9,0,147
2080401,81,0,4,3,17,24,0,9,8,17,41,0,0,0,7,7,3,3,3,9,16,0,138
2080402,34,0,4,3,13,20,0,4,5,9,29,0,0,0,6,6,0,0,0,0,6,0,69
2080403,86,0,5,10,30,45,0,0,10,10,55,0,4,0,16,20,0,4,4,8,28,3,172
2080404,37,0,0,6,24,30,0,0,9,9,39,0,3,3,4,10,0,0,4,4,14,4,94
2080405,15,0,4,0,10,14,0,3,5,8,22,0,0,0,0,0,0,0,3,3,3,4,44
2080406,27,0,0,0,17,17,0,6,0,6,23,0,0,0,0,0,0,0,0,0,0,0,50
2080407,29,0,0,0,16,16,0,0,10,10,26,0,0,0,0,0,0,0,0,0,0,0,55
2080408,72,0,6,3,33,42,0,7,5,12,54,0,3,0,10,13,5,0,10,15,28,3,157
2080409,65,0,4,3,12,19,0,0,14,14,33,0,0,3,8,11,5,3,6,14,25,3,126
2080501,41,3,3,0,33,39,3,4,18,25,64,0,0,0,4,4,3,0,0,3,7,0,112
2080502,71,0,8,6,52,66,0,8,13,21,87,0,0,0,15,15,0,0,7,7,22,4,184
2080503,43,0,4,0,28,32,0,11,10,21,53,0,0,0,17,17,0,0,7,7,24,5,125
2080504,36,0,3,5,14,22,6,0,5,11,33,0,0,0,5,5,0,0,0,0,5,0,74
2080506,57,0,9,0,16,25,0,7,11,18,43,0,6,0,12,18,0,0,11,11,29,0,129
2080507,63,5,6,0,35,46,4,7,10,21,67,0,0,3,4,7,5,0,4,9,16,0,146
2080508,55,4,10,5,35,54,6,7,5,18,72,0,3,0,6,9,0,0,8,8,17,0,144
2080509,31,0,0,0,12,12,3,3,5,11,23,0,0,0,8,8,0,0,0,0,8,0,62
2080510,73,0,5,0,58,63,12,4,9,25,88,0,7,0,24,31,0,0,12,12,43,3,207
2080511,66,0,15,7,42,64,7,0,8,15,79,0,6,0,4,10,0,4,0,4,14,0,159
2080512,16,0,3,0,13,16,3,4,3,10,26,0,3,0,4,7,0,0,4,4,11,0,53
2080513,35,0,3,0,34,37,0,9,7,16,53,0,3,4,5,12,0,0,0,0,12,3,103
2080514,36,4,0,5,33,42,6,10,9,25,67,0,0,0,5,5,0,0,5,5,10,0,113
2080601,34,3,3,0,11,17,0,7,6,13,30,0,0,0,4,4,0,0,0,0,4,0,68
2080602,23,3,3,3,18,27,0,0,12,12,39,0,0,0,4,4,3,0,6,9,13,0,75
2080603,38,4,4,0,23,31,0,0,6,6,37,0,0,0,4,4,0,0,3,3,7,0,82
2080604,33,0,3,0,12,15,0,4,8,12,27,0,0,0,0,0,0,0,3,3,3,0,63
2080605,20,0,0,0,9,9,3,3,8,14,23,0,0,0,0,0,0,0,0,0,0,0,43
2080606,59,3,17,3,101,124,7,20,10,37,161,3,0,3,3,9,0,3,3,6,15,0,235
2080607,55,0,3,0,28,31,5,8,22,35,66,0,9,3,6,18,3,0,9,12,30,0,151
2080608,79,0,10,4,37,51,7,8,18,33,84,5,0,5,21,31,9,0,0,9,40,3,206
2080609,61,3,9,4,38,54,4,0,15,19,73,0,0,0,18,18,0,6,9,15,33,7,174
2080610,54,6,24,0,53,83,9,16,11,36,119,0,0,0,8,8,0,5,0,5,13,0,186
2080611,31,0,9,0,34,43,0,0,8,8,51,0,0,0,7,7,0,3,3,6,13,3,98
2080612,39,0,8,0,23,31,4,4,6,14,45,0,0,0,5,5,3,3,3,9,14,0,98
2080613,0,0,0,0,0,0,0,0,0,0,0,0,0,0,0,0,0,0,0,0,0,0,0
2080614,69,3,15,3,25,46,8,11,17,36,82,0,0,0,11,11,4,3,5,12,23,3,177
2080615,46,4,14,0,95,113,4,4,8,16,129,0,0,0,10,10,0,4,3,7,17,0,192
2080616,66,3,29,0,79,111,13,21,17,51,162,0,0,0,4,4,0,5,6,11,15,0,243
2080617,94,7,21,3,62,93,11,8,19,38,131,0,4,0,15,19,0,5,5,10,29,5,259
2080701,67,0,5,5,24,34,0,3,19,22,56,7,0,0,10,17,0,0,9,9,26,0,149
2080702,84,0,6,0,26,32,3,3,14,20,52,0,0,3,17,20,0,0,7,7,27,0,163
2080703,74,0,0,0,16,16,3,5,11,19,35,0,0,0,4,4,0,0,10,10,14,0,123
2080704,88,0,0,4,21,25,6,5,7,18,43,0,4,4,23,31,3,4,13,20,51,4,186
2080705,78,0,6,0,31,37,0,7,7,14,51,0,4,3,8,15,0,4,5,9,24,3,156
2080706,0,0,0,0,0,0,0,0,0,0,0,0,0,0,0,0,0,0,0,0,0,0,0
2080707,49,3,5,3,20,31,3,4,16,23,54,0,7,4,56,67,3,9,14,26,93,0,196
2080708,35,0,3,3,31,37,0,0,8,8,45,0,0,0,43,43,0,0,22,22,65,7,152
2080709,59,0,6,0,28,34,0,5,12,17,51,0,0,7,34,41,0,4,9,13,54,0,164
2080710,23,0,0,7,14,21,0,0,12,12,33,0,4,4,31,39,0,0,11,11,50,4,110
2080711,64,0,10,0,39,49,4,6,10,20,69,0,6,5,19,30,0,5,15,20,50,0,183
2080712,74,0,13,0,56,69,6,9,11,26,95,5,0,0,16,21,5,6,8,19,40,3,212
2080713,37,0,13,0,25,38,4,0,5,9,47,0,0,0,6,6,0,3,4,7,13,0,97
2080714,48,0,20,4,40,64,4,11,7,22,86,0,5,0,6,11,0,3,7,10,21,0,155
2080801,93,0,12,5,46,63,3,7,32,42,105,0,4,0,24,28,0,0,7,7,35,3,236
2080802,70,0,5,0,21,26,5,5,9,19,45,0,3,0,14,17,0,0,11,11,28,0,143
2080803,50,0,0,4,24,28,0,4,8,12,40,0,3,4,10,17,3,3,4,10,27,5,122
2080804,93,3,5,4,39,51,3,6,15,24,75,0,3,0,12,15,3,6,11,20,35,6,209
2080805,56,0,0,0,16,16,3,0,7,10,26,0,4,0,7,11,0,0,13,13,24,6,112
2080806,8,0,0,0,0,0,0,0,0,0,0,0,0,0,0,0,0,3,3,6,6,0,14
2080807,52,0,0,0,22,22,0,0,13,13,35,0,6,0,6,12,0,0,8,8,20,5,112
2080808,63,0,5,5,19,29,0,6,5,11,40,0,0,0,7,7,3,0,8,11,18,4,125
2080809,48,0,5,0,17,22,0,0,21,21,43,0,3,0,10,13,0,0,4,4,17,0,108
2080810,37,3,3,3,8,17,3,3,3,9,26,0,0,0,3,3,0,3,0,3,6,0,69
2080901,97,3,3,4,35,45,0,10,10,20,65,0,0,4,6,10,0,0,12,12,22,0,184
2080902,93,5,13,5,32,55,6,5,15,26,81,0,3,0,9,12,0,0,11,11,23,0,197
2080903,78,6,6,4,50,66,0,12,11,23,89,0,0,0,17,17,0,0,9,9,26,3,196
2080904,56,4,0,0,17,21,5,5,5,15,36,0,4,0,5,9,0,3,7,10,19,4,115
2080905,49,5,7,0,15,27,3,0,6,9,36,0,0,3,5,8,0,3,3,6,14,0,99
2080906,51,0,8,0,19,27,0,5,6,11,38,0,0,0,5,5,0,0,0,0,5,4,98
2080907,87,0,3,3,18,24,0,0,15,15,39,0,3,0,13,16,0,3,8,11,27,3,156
2080908,34,0,3,3,6,12,5,0,0,5,17,0,4,0,0,4,0,0,0,0,4,0,55
2080909,50,0,3,3,12,18,0,0,6,6,24,0,0,0,5,5,0,0,5,5,10,0,84
2080910,17,0,8,0,3,11,0,0,0,0,11,0,0,0,0,0,0,0,4,4,4,0,32
2080911,35,0,6,0,14,20,0,0,10,10,30,0,3,0,8,11,0,3,5,8,19,0,84
2080912,50,0,0,5,24,29,0,0,5,5,34,0,0,0,5,5,0,0,9,9,14,0,98
2081001,89,0,11,5,49,65,9,11,19,39,104,0,3,0,11,14,3,3,3,9,23,0,216
2081002,76,4,7,4,48,63,11,14,34,59,122,0,0,0,12,12,0,0,0,0,12,0,210
2081003,32,4,16,6,80,106,0,11,8,19,125,0,5,0,12,17,0,0,6,6,23,0,180
2081004,66,7,19,3,41,70,4,9,17,30,100,0,0,5,4,9,0,3,0,3,12,7,185
2081005,72,0,17,3,48,68,7,9,16,32,100,0,4,0,9,13,4,3,12,19,32,0,204
2081006,26,0,6,5,15,26,0,6,0,6,32,0,0,3,0,3,0,0,3,3,6,0,64
2081007,72,3,12,6,102,123,10,14,13,37,160,0,0,0,9,9,0,3,5,8,17,0,249
2081008,27,0,9,5,18,32,5,5,7,17,49,0,0,0,3,3,0,4,0,4,7,0,83
2081009,43,3,10,4,74,91,6,12,18,36,127,0,0,4,17,21,5,0,6,11,32,0,202
2081010,17,0,11,0,47,58,0,4,6,10,68,3,0,0,0,3,0,3,0,3,6,0,91
2081011,57,4,7,0,29,40,5,4,13,22,62,0,0,0,3,3,3,3,3,9,12,0,131
2081012,29,0,6,0,13,19,0,0,6,6,25,0,4,0,7,11,0,0,0,0,11,0,65
2081013,0,0,0,0,0,0,0,0,0,0,0,0,0,0,0,0,0,0,0,0,0,0,0
2081014,27,0,3,3,25,31,0,9,13,22,53,0,0,3,0,3,0,0,4,4,7,0,87
2081015,34,3,5,0,33,41,8,0,14,22,63,0,3,0,3,6,3,0,3,6,12,3,112
2081016,42,0,8,0,60,68,0,8,9,17,85,0,0,0,0,0,8,5,0,13,13,0,140
2081017,47,0,7,0,29,36,0,4,9,13,49,0,4,0,3,7,0,0,0,0,7,0,103
2081101,75,0,13,0,40,53,0,4,14,18,71,0,3,0,8,11,0,0,5,5,16,0,162
2081102,39,0,0,0,39,39,6,0,9,15,54,0,0,0,9,9,3,4,5,12,21,6,120
2081103,71,0,13,0,38,51,0,12,15,27,78,0,6,0,8,14,0,0,0,0,14,5,168
2081104,23,0,5,4,15,24,3,3,0,6,30,0,0,0,5,5,0,0,0,0,5,3,61
2081105,17,0,3,3,4,10,0,3,4,7,17,0,0,0,0,0,0,0,0,0,0,0,34
2081106,22,3,3,0,21,27,3,4,7,14,41,0,0,0,0,0,0,0,0,0,0,0,63
2081107,13,0,3,0,9,12,3,3,3,9,21,0,0,0,0,0,3,0,3,6,6,3,43
2081108,23,3,6,0,3,12,0,3,3,6,18,0,0,0,5,5,0,0,0,0,5,0,46
2081109,58,0,11,4,37,52,3,0,14,17,69,0,0,4,5,9,0,0,7,7,16,4,147
2081110,23,0,5,0,11,16,0,0,7,7,23,0,0,3,3,6,0,0,0,0,6,0,52
2081111,32,4,5,0,27,36,3,3,11,17,53,0,3,0,3,6,0,0,7,7,13,3,101
2081112,16,0,3,0,7,10,0,6,9,15,25,0,0,0,3,3,0,0,0,0,3,0,44
2081201,46,0,4,3,22,29,0,7,14,21,50,0,7,3,16,26,0,0,9,9,35,5,136
2081202,47,4,5,0,23,32,7,0,7,14,46,0,5,0,24,29,0,0,16,16,45,4,142
2081203,55,5,6,0,25,36,0,0,15,15,51,0,10,0,26,36,0,4,12,16,52,0,158
2081204,36,0,8,0,31,39,0,8,9,17,56,0,3,3,16,22,0,4,9,13,35,0,127
2081205,25,0,3,3,18,24,0,3,12,15,39,0,5,0,13,18,3,3,7,13,31,0,95
2081206,81,3,4,7,41,55,3,5,10,18,73,0,3,4,26,33,0,7,16,23,56,0,210
2081207,57,5,3,0,21,29,0,5,8,13,42,0,0,0,17,17,0,6,14,20,37,0,136
2081208,69,3,7,5,43,58,0,3,16,19,77,0,0,0,24,24,0,3,8,11,35,0,181
2081209,103,0,6,6,53,65,3,6,14,23,88,0,4,0,19,23,0,8,10,18,41,0,232
2081210,50,0,0,0,7,7,0,0,4,4,11,0,0,0,11,11,0,7,5,12,23,0,84
2081301,58,4,12,7,54,77,8,5,11,24,101,0,6,0,10,16,4,0,0,4,20,0,179
2081302,82,8,15,3,58,84,6,23,30,59,143,0,3,0,0,3,3,3,3,9,12,3,240
2081303,66,0,15,3,35,53,5,10,29,44,97,0,0,0,5,5,0,0,7,7,12,0,175
2081304,49,3,8,3,52,66,4,7,14,25,91,0,0,0,9,9,0,0,10,10,19,0,159
2081305,75,4,7,0,72,83,3,10,15,28,111,0,0,0,18,18,0,7,8,15,33,0,219
2081306,42,0,7,3,30,40,5,3,13,21,61,0,4,0,6,10,0,0,14,14,24,5,132
2081307,51,3,11,0,40,54,8,4,12,24,78,0,0,0,14,14,0,3,8,11,25,0,154
2081308,61,7,20,5,81,113,11,7,20,38,151,0,5,0,10,15,0,0,5,5,20,0,232
2081309,38,3,5,3,58,69,0,0,7,7,76,0,0,0,12,12,0,0,6,6,18,4,136
2081310,25,7,24,0,64,95,5,5,20,30,125,0,3,0,7,10,0,0,0,0,10,3,163
2081311,51,3,10,3,51,67,9,6,8,23,90,3,0,0,3,6,3,4,3,10,16,3,160
2081312,24,4,0,0,18,22,4,0,5,9,31,0,0,0,0,0,0,0,0,0,0,3,58
2081313,26,0,5,0,34,39,6,7,14,27,66,0,0,0,0,0,0,0,0,0,0,0,92
2081401,18,0,11,7,32,50,5,3,11,19,69,0,0,0,12,12,0,0,14,14,26,0,113
2081402,47,5,7,0,39,51,3,4,22,29,80,4,6,0,23,33,3,3,11,17,50,0,177
2081403,82,0,13,7,53,73,12,13,35,60,133,3,4,0,17,24,0,0,13,13,37,4,256
2081404,80,0,15,7,60,82,5,8,26,39,121,0,3,0,15,18,3,4,12,19,37,4,242
2081405,42,0,3,3,30,36,3,8,6,17,53,0,0,0,14,14,3,0,11,14,28,4,127
2081406,93,0,0,7,34,41,0,3,19,22,63,0,0,0,10,10,5,0,12,17,27,4,187
2081407,90,3,13,0,47,63,7,8,20,35,98,0,3,0,17,20,0,3,13,16,36,0,224
2081408,45,0,7,4,30,41,4,5,5,14,55,0,0,0,11,11,0,3,5,8,19,3,122
2081409,62,0,3,0,18,21,5,9,10,24,45,0,0,0,10,10,0,3,8,11,21,0,128
2081410,36,0,7,5,24,36,0,0,14,14,50,0,7,8,24,39,3,5,7,15,54,0,140
2081411,49,0,11,0,31,42,0,7,9,16,58,0,7,5,29,41,0,6,11,17,58,4,169
2081412,66,3,12,8,80,103,5,14,20,39,142,0,4,6,29,39,6,0,9,15,54,5,267
2081413,37,0,4,4,29,37,3,3,3,9,46,0,0,0,6,6,0,0,5,5,11,0,94
2081501,34,0,4,0,27,31,0,5,5,10,41,0,3,0,3,6,0,4,0,4,10,3,88
2081502,72,0,11,0,26,37,7,7,6,20,57,0,0,0,9,9,0,6,0,6,15,0,144
2081503,26,0,0,0,23,23,3,3,5,11,34,0,0,0,10,10,0,0,4,4,14,3,77
2081504,20,0,0,0,8,8,0,0,0,0,8,0,0,0,0,0,0,0,0,0,0,0,28
2081505,47,0,5,0,19,24,0,5,3,8,32,0,0,0,7,7,0,0,3,3,10,0,89
2081506,54,0,11,0,26,37,0,8,7,15,52,0,0,0,9,9,0,5,0,5,14,0,120
2081507,45,3,3,0,44,50,6,0,9,15,65,0,0,3,14,17,0,4,9,13,30,7,147
2081508,22,0,0,0,15,15,0,10,4,14,29,0,6,0,8,14,0,0,0,0,14,0,65
2081509,29,0,4,0,19,23,3,3,3,9,32,0,0,0,6,6,0,3,4,7,13,0,74
2081510,76,0,12,0,27,39,0,11,12,23,62,0,0,0,3,3,0,3,3,6,9,0,147
2081511,29,0,6,0,23,29,3,5,8,16,45,0,4,0,11,15,0,6,7,13,28,0,102
2081512,42,0,8,0,12,20,3,5,3,11,31,0,0,0,9,9,0,0,4,4,13,4,90
2081513,33,0,3,0,21,24,0,0,8,8,32,0,0,0,10,10,3,3,3,9,19,5,89
2081514,39,0,3,0,16,19,0,5,8,13,32,0,0,0,6,6,0,3,5,8,14,0,85
2081601,51,3,3,0,23,29,4,7,9,20,49,0,3,0,15,18,0,3,11,14,32,0,132
2081602,29,0,0,0,12,12,3,0,8,11,23,3,0,0,9,12,0,3,6,9,21,5,78
2081603,55,0,3,0,20,23,4,3,13,20,43,0,4,0,14,18,0,0,11,11,29,0,127
2081604,20,0,6,0,17,23,0,3,4,7,30,0,0,0,5,5,0,9,4,13,18,4,72
2081605,44,0,5,6,37,48,3,5,7,15,63,0,0,0,14,14,0,5,6,11,25,3,135
2081606,50,0,4,0,3,7,0,3,8,11,18,0,4,0,0,4,0,4,3,7,11,4,83
2081607,60,0,5,0,35,40,3,6,5,14,54,0,0,0,21,21,3,3,8,14,35,4,153
2081608,30,0,5,0,19,24,4,6,3,13,37,0,0,0,11,11,0,5,7,12,23,3,93
2081609,42,0,6,0,21,27,0,9,0,9,36,0,0,0,12,12,0,0,6,6,18,7,103
2081610,33,0,3,0,21,24,0,6,4,10,34,0,0,3,6,9,3,4,7,14,23,3,93
2081611,46,0,5,0,20,25,0,5,11,16,41,0,4,0,12,16,0,6,7,13,29,0,116
2081701,46,0,7,0,20,27,5,3,13,21,48,0,0,0,22,22,0,0,0,0,22,0,116
2081702,37,0,3,3,21,27,0,3,6,9,36,0,0,0,9,9,0,4,7,11,20,6,99
2081703,26,0,0,0,16,16,0,3,5,8,24,0,0,0,6,6,3,4,4,11,17,3,70
2081704,33,0,6,4,18,28,0,0,5,5,33,0,0,4,10,14,0,0,6,6,20,3,89
2081705,55,0,4,0,33,37,6,3,3,12,49,0,0,0,12,12,4,3,12,19,31,12,147
2081706,25,0,3,0,14,17,0,0,6,6,23,0,0,0,8,8,0,3,11,14,22,3,73
2081707,39,0,0,0,14,14,0,5,5,10,24,0,0,0,17,17,0,0,7,7,24,5,92
2081708,75,5,0,4,38,47,6,0,13,19,66,0,0,5,17,22,0,0,12,12,34,8,183
2081709,62,3,3,0,29,35,0,0,11,11,46,0,0,0,19,19,0,0,9,9,28,3,139
2081710,51,0,0,0,23,23,0,0,12,12,35,0,3,5,5,13,0,6,0,6,19,8,113
2081711,46,3,10,0,43,56,3,6,15,24,80,0,0,0,6,6,0,0,8,8,14,0,140
2081712,78,0,14,0,53,67,5,9,15,29,96,0,5,6,27,38,3,3,17,23,61,5,240
2081713,39,0,9,0,37,46,6,3,9,18,64,0,3,4,10,17,3,0,8,11,28,7,138
2081714,47,0,10,3,43,56,0,10,15,25,81,0,0,0,18,18,0,6,8,14,32,0,160
2081715,29,4,3,0,13,20,3,8,3,14,34,0,5,0,3,8,0,0,4,4,12,0,75
2081801,41,0,3,0,13,16,3,3,3,9,25,0,0,0,18,18,0,0,13,13,31,3,100
2081802,20,0,0,0,8,8,3,3,0,6,14,0,0,0,4,4,0,0,4,4,8,4,46
2081803,16,0,0,3,9,12,4,0,0,4,16,0,0,0,0,0,0,3,0,3,3,0,35
2081804,48,0,4,0,25,29,0,3,9,12,41,0,3,0,20,23,3,3,13,19,42,4,135
2081805,55,0,10,0,30,40,0,7,7,14,54,3,3,3,17,26,0,0,11,11,37,6,152
2081806,50,0,4,3,18,25,0,0,6,6,31,0,0,0,19,19,0,3,3,6,25,5,111
2081807,68,0,3,4,36,43,3,3,16,22,65,0,0,0,16,16,0,0,10,10,26,0,159
2081808,36,0,4,0,16,20,0,0,11,11,31,0,3,3,8,14,0,3,10,13,27,5,99
2081809,38,5,0,0,22,27,0,5,5,10,37,0,0,4,7,11,3,9,6,18,29,0,104
2081810,54,0,7,0,30,37,5,0,8,13,50,3,5,0,24,32,4,3,3,10,42,0,146
2081811,42,0,4,3,17,24,0,3,12,15,39,5,0,0,6,11,0,3,6,9,20,5,106
2081812,46,0,3,6,12,21,0,0,5,5,26,0,3,0,6,9,0,0,4,4,13,0,85
2081813,29,3,0,0,20,23,0,0,9,9,32,0,0,0,9,9,0,0,7,7,16,4,81
2081901,60,3,7,0,33,43,8,6,12,26,69,0,3,3,12,18,0,4,9,13,31,0,160
2081902,55,0,10,0,36,46,0,4,7,11,57,0,0,0,5,5,0,3,5,8,13,0,125
2081903,133,0,22,5,91,118,7,18,16,41,159,0,6,0,21,27,0,7,8,15,42,0,334
2081904,64,0,15,0,28,43,3,14,9,26,69,0,3,0,4,7,3,0,4,7,14,0,147
2081905,76,0,23,0,68,91,8,8,21,37,128,0,0,0,7,7,0,0,14,14,21,0,225
2081906,126,0,19,5,75,99,3,26,32,61,160,0,3,0,11,14,0,7,6,13,27,0,313
2081907,48,0,4,7,44,55,0,0,16,16,71,0,3,4,41,48,0,9,10,19,67,0,186
2081908,26,0,5,0,22,27,6,4,0,10,37,0,0,0,0,0,0,0,5,5,5,0,68
2081909,25,0,4,0,17,21,0,4,7,11,32,0,4,3,6,13,0,6,5,11,24,4,85
2081910,109,0,12,6,52,70,5,12,9,26,96,0,0,0,19,19,0,7,6,13,32,3,240
2081911,65,0,12,7,70,89,3,14,16,33,122,0,5,0,6,11,0,0,0,0,11,9,207
2081912,41,0,3,3,13,19,0,5,7,12,31,0,0,3,11,14,0,0,0,0,14,0,86
2081913,56,0,13,4,29,46,4,8,10,22,68,0,0,0,9,9,3,0,0,3,12,4,140
2081914,43,0,13,8,36,57,3,4,9,16,73,0,0,0,5,5,4,0,4,8,13,0,129
2081915,59,0,16,0,55,71,0,9,16,25,96,0,4,0,12,16,0,3,3,6,22,3,180
2081916,0,0,0,0,0,0,0,0,0,0,0,0,0,0,0,0,0,0,0,0,0,0,0
2081917,38,0,8,4,27,39,0,0,6,6,45,0,4,0,5,9,5,0,0,5,14,0,97
2081918,27,3,8,0,17,28,7,5,8,20,48,0,0,0,6,6,0,0,0,0,6,0,81
2082001,32,0,7,0,13,20,0,0,6,6,26,0,3,0,8,11,0,4,3,7,18,0,76
2082002,27,0,4,0,16,20,0,0,3,3,23,0,0,0,7,7,0,4,7,11,18,0,68
2082003,19,0,6,0,13,19,0,4,4,8,27,0,0,5,10,15,0,0,5,5,20,0,66
2082004,25,0,0,0,9,9,0,0,3,3,12,0,3,0,8,11,0,0,9,9,20,0,57
2082005,20,0,4,0,10,14,0,4,4,8,22,0,0,0,6,6,0,0,4,4,10,5,57
2082006,21,0,4,0,11,15,0,3,3,6,21,0,0,0,6,6,0,0,0,0,6,0,48
2082007,27,0,0,5,9,14,0,0,8,8,22,0,0,0,0,0,0,0,0,0,0,4,53
2082008,44,3,3,3,24,33,3,3,11,17,50,0,3,0,12,15,4,0,4,8,23,4,121
2082009,72,0,6,3,29,38,0,4,5,9,47,0,0,0,19,19,0,5,11,16,35,3,157
2082010,38,0,0,0,15,15,0,0,8,8,23,0,0,0,13,13,0,0,9,9,22,4,87
2082011,7,0,6,0,10,16,0,0,0,0,16,0,0,4,5,9,0,0,5,5,14,0,37
2082012,21,0,3,0,11,14,5,0,0,5,19,0,0,0,17,17,0,0,0,0,17,0,57
2082013,20,0,6,0,20,26,0,6,0,6,32,0,0,0,6,6,0,0,0,0,6,0,58
2082101,65,3,5,0,18,26,4,3,6,13,39,0,6,0,13,19,3,3,10,16,35,3,142
2082102,56,0,13,0,35,48,3,10,8,21,69,0,0,3,13,16,0,3,9,12,28,0,153
2082103,56,0,7,0,32,39,5,0,11,16,55,0,0,4,17,21,0,0,10,10,31,0,142
2082104,46,0,3,3,32,38,4,5,5,14,52,0,0,0,11,11,0,5,14,19,30,4,132
2082105,49,0,3,4,30,37,0,0,6,6,43,0,0,0,11,11,0,3,10,13,24,5,121
2082106,34,3,0,0,27,30,0,0,6,6,36,0,0,0,8,8,0,0,15,15,23,7,100
2082107,23,0,0,3,18,21,0,4,6,10,31,0,0,0,5,5,0,3,6,9,14,3,71
2082108,8,0,3,0,8,11,0,0,6,6,17,3,0,0,7,10,0,0,4,4,14,0,39
2082109,49,0,5,0,28,33,4,4,8,16,49,0,0,3,13,16,3,3,17,23,39,3,140
2082110,51,3,0,3,17,23,0,3,5,8,31,0,4,0,14,18,0,0,13,13,31,0,113
2082111,37,5,0,0,21,26,0,3,3,6,32,0,0,0,14,14,3,3,8,14,28,0,97
2082112,0,0,0,0,0,0,0,0,0,0,0,0,0,0,0,0,0,0,0,0,0,0,0
2082113,8,0,0,0,4,4,0,0,5,5,9,0,0,0,5,5,3,0,4,7,12,0,29
2082114,23,0,0,5,20,25,0,0,6,6,31,0,0,0,4,4,0,0,9,9,13,0,67
2082201,68,4,4,0,17,25,0,5,12,17,42,0,0,3,16,19,0,3,10,13,32,6,148
2082202,52,0,3,3,26,32,0,0,8,8,40,0,0,0,21,21,0,4,14,18,39,4,135
2082203,63,0,12,6,72,90,9,11,6,26,116,5,5,4,17,31,0,0,12,12,43,0,222
2082204,41,0,0,4,9,13,4,0,5,9,22,0,0,0,10,10,0,5,4,9,19,3,85
2082205,55,0,5,0,24,29,3,3,10,16,45,0,0,0,13,13,0,5,6,11,24,0,124
2082206,74,0,13,0,34,47,6,0,18,24,71,0,0,3,7,10,0,0,7,7,17,5,167
2082207,72,3,16,0,37,56,15,14,30,59,115,4,0,0,9,13,0,4,3,7,20,5,212
2082208,24,0,4,0,27,31,0,4,6,10,41,0,9,3,45,57,0,0,16,16,73,6,144
2082209,42,0,7,0,17,24,0,0,3,3,27,0,0,4,14,18,0,0,5,5,23,4,96
2082210,35,3,3,0,30,36,3,3,13,19,55,0,0,7,14,21,0,6,9,15,36,3,129
2082211,40,0,4,4,33,41,3,8,9,20,61,0,0,0,13,13,0,0,0,0,13,0,114
2082301,48,0,0,0,15,15,0,3,7,10,25,0,0,0,3,3,0,0,3,3,6,0,79
2082302,21,3,3,0,10,16,3,3,5,11,27,0,0,0,0,0,0,0,5,5,5,3,56
2082303,36,0,0,0,19,19,3,5,5,13,32,0,0,0,3,3,0,0,3,3,6,0,74
2082304,45,0,7,4,11,22,3,4,5,12,34,0,0,0,7,7,3,0,9,12,19,0,98
2082305,17,0,6,0,7,13,0,0,4,4,17,0,0,0,0,0,0,0,0,0,0,0,34
2082306,36,0,4,0,13,17,0,4,5,9,26,0,0,0,0,0,0,5,0,5,5,0,67
2082307,63,5,6,0,28,39,0,3,9,12,51,0,3,0,13,16,0,0,14,14,30,0,144
2082308,40,0,3,3,18,24,3,3,4,10,34,0,0,0,3,3,0,6,0,6,9,3,86
2082309,18,0,3,3,7,13,3,0,3,6,19,0,0,0,0,0,0,0,6,6,6,0,43
2082310,39,0,8,0,17,25,0,0,7,7,32,0,0,0,3,3,0,0,7,7,10,0,81
2082311,50,0,3,6,32,41,0,0,13,13,54,0,0,0,4,4,0,0,0,0,4,0,108
2082401,60,0,3,0,23,26,0,3,6,9,35,0,0,0,16,16,0,0,6,6,22,0,117
2082402,68,3,6,4,34,47,5,0,11,16,63,3,0,0,8,11,3,0,9,12,23,5,159
2082403,70,0,9,0,39,48,7,5,9,21,69,0,0,0,13,13,0,6,11,17,30,0,169
2082404,15,0,0,0,5,5,0,0,3,3,8,0,0,0,9,9,0,0,0,0,9,0,32
2082405,41,0,5,0,19,24,3,6,6,15,39,0,3,0,10,13,6,0,7,13,26,0,106
2082406,69,0,7,5,22,34,0,3,5,8,42,0,0,0,13,13,0,3,5,8,21,0,132
2082407,65,0,3,3,19,25,0,0,16,16,41,0,4,0,11,15,0,0,12,12,27,8,141
2082408,77,4,6,0,32,42,3,4,14,21,63,0,3,0,12,15,0,3,3,6,21,4,165
2082501,67,0,9,0,40,49,10,3,7,20,69,0,0,3,12,15,0,0,8,8,23,0,159
2082502,57,3,5,0,19,27,0,4,4,8,35,0,0,0,12,12,3,3,3,9,21,0,113
2082503,79,0,6,0,13,19,0,3,12,15,34,0,0,5,17,22,0,0,8,8,30,0,143
2082504,91,3,11,0,31,45,0,0,9,9,54,4,6,0,24,34,0,3,10,13,47,7,199
2082505,20,0,0,0,5,5,0,0,3,3,8,0,0,0,0,0,0,4,6,10,10,0,38
2082506,43,3,0,0,22,25,0,0,9,9,34,0,0,0,25,25,0,0,14,14,39,0,116
2082507,38,3,3,3,17,26,0,0,5,5,31,0,0,3,11,14,3,0,14,17,31,3,103
2082508,54,4,3,0,18,25,3,0,9,12,37,4,0,0,12,16,0,0,8,8,24,0,115
2090101,9,0,0,0,16,16,0,3,0,3,19,0,0,0,0,0,0,0,4,4,4,0,32
2090102,22,0,0,0,19,19,0,0,0,0,19,0,0,0,0,0,0,0,5,5,5,0,46
2090103,22,0,4,0,10,14,4,0,0,4,18,0,0,0,0,0,0,0,3,3,3,0,43
2090104,23,0,3,0,5,8,3,0,9,12,20,0,0,0,0,0,0,0,0,0,0,0,43
2090105,23,0,0,3,6,9,0,3,4,7,16,0,0,0,8,8,0,0,0,0,8,3,50
2090106,27,0,5,3,21,29,4,0,0,4,33,0,3,0,3,6,0,0,0,0,6,0,66
2090107,62,0,6,0,26,32,0,0,3,3,35,0,3,4,4,11,0,3,3,6,17,3,117
2090108,37,0,4,3,6,13,3,4,6,13,26,0,0,0,0,0,0,0,0,0,0,0,63
2090109,29,3,3,3,5,14,0,4,3,7,21,0,0,0,11,11,0,0,0,0,11,4,65
2090110,24,0,0,3,8,11,3,0,4,7,18,0,0,0,0,0,0,0,5,5,5,0,47
2090201,64,3,4,0,28,35,0,0,5,5,40,3,0,3,3,9,0,0,3,3,12,0,116
2090202,26,0,3,3,7,13,0,0,5,5,18,0,0,0,0,0,0,0,5,5,5,0,49
2090203,22,0,0,0,12,12,4,0,4,8,20,0,3,0,3,6,0,0,0,0,6,0,48
2090204,48,0,0,0,19,19,0,0,4,4,23,0,0,0,6,6,0,0,6,6,12,3,86
2090205,16,0,7,0,12,19,0,0,6,6,25,0,0,3,3,6,0,0,6,6,12,0,53
2090206,7,0,3,3,11,17,0,3,0,3,20,0,0,0,0,0,0,0,3,3,3,3,33
2090207,15,0,0,0,6,6,0,4,0,4,10,0,4,0,0,4,0,0,0,0,4,0,29
2090208,21,0,6,0,11,17,3,4,5,12,29,0,0,0,5,5,0,0,0,0,5,0,55
2090209,31,0,6,0,14,20,0,0,4,4,24,0,3,3,3,9,0,0,3,3,12,3,70
2090210,20,0,5,3,6,14,0,0,0,0,14,0,0,0,4,4,0,0,0,0,4,0,38
2090211,48,0,9,0,22,31,0,5,4,9,40,0,0,0,0,0,0,0,0,0,0,0,88
2090301,27,0,0,0,12,12,0,5,4,9,21,0,0,0,0,0,0,0,4,4,4,0,52
2090302,23,0,3,0,11,14,0,5,0,5,19,0,0,0,5,5,0,5,0,5,10,0,52
2090303,16,0,0,0,14,14,0,5,0,5,19,0,0,0,0,0,0,0,0,0,0,0,35
2090304,70,3,7,5,31,46,3,4,19,26,72,0,3,0,3,6,3,0,3,6,12,3,157
2090305,19,0,0,0,15,15,6,0,0,6,21,0,0,0,0,0,0,0,0,0,0,0,40
2090306,9,0,0,3,4,7,0,0,6,6,13,0,0,0,3,3,3,0,3,6,9,0,31
2090307,17,0,4,0,14,18,0,4,0,4,22,0,0,0,3,3,0,0,0,0,3,0,42
2090308,47,3,3,0,26,32,4,4,5,13,45,3,0,0,4,7,0,4,3,7,14,0,106
2090309,27,0,3,0,31,34,0,0,0,0,34,0,0,0,0,0,0,0,0,0,0,0,61
2090401,30,0,8,0,15,23,0,3,5,8,31,0,0,0,5,5,0,0,0,0,5,0,66
2090402,22,0,5,0,11,16,0,4,3,7,23,0,0,0,3,3,0,0,3,3,6,0,51
2090403,25,0,6,0,13,19,4,4,5,13,32,0,3,0,0,3,0,0,3,3,6,0,63
2090404,19,0,5,0,10,15,0,0,4,4,19,0,0,0,0,0,0,0,0,0,0,0,38
2090405,64,0,11,0,39,50,0,5,12,17,67,0,0,3,3,6,0,0,3,3,9,0,140
2090406,53,0,10,4,50,64,5,3,7,15,79,0,3,0,0,3,0,5,3,8,11,0,143
2090407,23,0,0,4,16,20,0,0,3,3,23,0,0,0,0,0,0,0,0,0,0,0,46
2090408,41,3,3,4,25,35,0,0,11,11,46,0,0,0,3,3,0,0,0,0,3,0,90
2090409,38,0,4,0,22,26,3,3,5,11,37,0,0,0,5,5,0,0,3,3,8,0,83
2090410,41,5,12,4,35,56,5,7,5,17,73,0,0,0,0,0,0,0,0,0,0,0,114
2090501,84,0,9,4,57,70,0,4,16,20,90,0,4,0,10,14,0,3,7,10,24,4,202
2090502,36,0,0,0,13,13,0,3,10,13,26,0,0,0,15,15,0,4,12,16,31,5,98
2090503,61,0,3,3,36,42,3,0,18,21,63,0,4,4,33,41,0,0,12,12,53,3,180
2090504,76,0,6,3,40,49,3,5,5,13,62,0,4,4,17,25,3,0,5,8,33,4,175
2090505,51,3,3,3,10,19,0,0,11,11,30,0,0,6,36,42,0,0,13,13,55,6,142
2090506,42,0,9,0,35,44,3,0,9,12,56,0,0,0,16,16,0,3,4,7,23,5,126
2090507,48,0,10,0,34,44,3,0,9,12,56,0,0,0,8,8,0,0,7,7,15,0,119
2090508,41,0,9,0,21,30,0,7,5,12,42,0,3,0,9,12,0,0,5,5,17,0,100
2090509,87,0,7,3,40,50,0,5,11,16,66,0,3,0,7,10,0,0,5,5,15,0,168
2090510,36,0,3,3,22,28,0,3,3,6,34,0,0,0,10,10,0,0,3,3,13,0,83
2090511,59,0,7,0,26,33,3,4,6,13,46,0,4,0,18,22,0,0,10,10,32,0,137
2090601,18,0,0,0,12,12,0,0,6,6,18,0,0,0,0,0,0,0,5,5,5,0,41
2090602,129,0,13,4,63,80,0,8,23,31,111,0,0,4,11,15,0,0,7,7,22,0,262
2090603,72,0,15,4,59,78,6,6,7,19,97,0,3,4,8,15,0,0,9,9,24,3,196
2090604,74,0,14,0,38,52,0,5,7,12,64,0,6,0,10,16,0,3,12,15,31,0,169
2090605,29,0,4,0,17,21,0,3,3,6,27,3,0,0,3,6,0,0,3,3,9,0,65
2090606,53,0,6,0,31,37,3,3,7,13,50,0,3,3,18,24,0,3,10,13,37,5,145
2090607,99,0,9,0,33,42,6,9,13,28,70,0,0,0,11,11,0,0,8,8,19,5,193
2090608,40,0,5,0,32,37,0,0,4,4,41,0,4,3,7,14,0,0,4,4,18,4,103
2090609,124,0,8,3,25,36,3,4,8,15,51,0,0,3,15,18,0,0,6,6,24,0,199
2090610,68,0,3,0,45,48,3,4,7,14,62,0,3,0,7,10,0,0,7,7,17,0,147
2090611,111,0,23,5,63,91,3,10,10,23,114,0,6,3,10,19,3,3,6,12,31,4,260
2090612,76,0,8,0,34,42,0,5,5,10,52,0,0,0,11,11,0,6,5,11,22,0,150
2090613,59,0,4,3,28,35,6,5,8,19,54,0,0,0,6,6,0,0,7,7,13,0,126
2090701,38,0,9,0,28,37,5,0,4,9,46,0,0,0,4,4,0,3,0,3,7,0,91
2090702,39,0,16,0,28,44,3,3,8,14,58,0,0,0,5,5,0,0,0,0,5,3,105
2090703,27,0,4,0,14,18,0,0,9,9,27,0,0,0,0,0,0,3,5,8,8,0,62
2090704,0,0,0,0,0,0,0,0,0,0,0,0,0,0,0,0,0,0,0,0,0,0,0
2090705,15,0,0,0,11,11,0,0,8,8,19,0,0,0,0,0,0,0,7,7,7,0,41
2090706,34,0,6,0,20,26,3,5,3,11,37,0,0,0,0,0,0,0,3,3,3,0,74
2090707,52,0,12,0,38,50,0,11,17,28,78,0,3,0,3,6,0,0,7,7,13,3,146
2090709,25,0,0,0,22,22,4,0,6,10,32,0,0,4,6,10,0,0,0,0,10,0,67
2090710,37,0,9,0,22,31,3,6,4,13,44,0,3,0,3,6,0,0,0,0,6,0,87
2090801,114,4,11,5,58,78,4,4,21,29,107,0,3,0,21,24,3,0,18,21,45,3,269
2090802,122,0,12,0,70,82,11,11,18,40,122,0,5,0,19,24,4,3,8,15,39,0,283
2090803,44,0,5,0,28,33,0,3,8,11,44,0,4,0,0,4,0,0,8,8,12,0,100
2090804,20,0,0,0,13,13,0,0,0,0,13,0,0,0,4,4,0,0,3,3,7,0,40
2090805,81,0,6,4,40,50,3,3,13,19,69,0,5,0,13,18,3,3,9,15,33,3,186
2090806,74,0,0,6,40,46,0,4,13,17,63,0,0,0,12,12,0,4,4,8,20,0,157
2090807,64,3,12,3,49,67,0,6,20,26,93,0,0,0,6,6,3,0,9,12,18,3,178
2090808,49,0,5,0,31,36,5,3,6,14,50,0,0,6,4,10,0,0,7,7,17,0,116
2090901,44,4,0,0,14,18,3,4,7,14,32,0,3,0,16,19,0,0,6,6,25,3,104
2090902,41,0,7,0,20,27,0,9,0,9,36,0,0,3,3,6,0,0,0,0,6,0,83
2090903,60,0,5,0,27,32,0,6,6,12,44,0,0,0,7,7,3,3,10,16,23,3,130
2090904,70,0,0,3,31,34,0,7,10,17,51,0,0,3,8,11,3,0,5,8,19,6,146
2090905,70,0,8,0,24,32,4,6,14,24,56,0,0,0,10,10,0,0,0,0,10,0,136
2090906,83,0,14,0,40,54,0,10,7,17,71,0,9,3,5,17,3,3,6,12,29,0,183
2090907,18,0,3,0,6,9,3,3,6,12,21,0,0,0,0,0,0,0,0,0,0,0,39
2090908,84,0,6,4,44,54,3,3,10,16,70,0,8,0,29,37,0,7,15,22,59,3,216
2091001,15,0,0,0,18,18,0,0,0,0,18,0,0,0,0,0,0,0,0,0,0,5,38
2091003,25,0,0,0,13,13,3,0,0,3,16,0,0,0,5,5,0,3,0,3,8,0,49
2091004,39,0,12,0,34,46,3,5,5,13,59,0,0,0,0,0,0,0,0,0,0,0,98
2091005,27,0,5,0,21,26,5,5,5,15,41,0,0,0,0,0,0,0,4,4,4,0,72
2091006,20,0,0,0,10,10,3,3,0,6,16,3,0,0,0,3,0,0,3,3,6,0,42
2091007,57,3,6,0,21,30,4,7,8,19,49,0,4,0,13,17,0,0,10,10,27,0,133
2091008,68,0,0,0,22,22,0,7,12,19,41,0,0,0,4,4,0,6,5,11,15,0,124
2091009,29,0,4,3,18,25,0,0,8,8,33,0,0,0,6,6,0,0,6,6,12,0,74
2091101,26,0,0,0,13,13,0,5,7,12,25,0,0,0,3,3,0,0,0,0,3,0,54
2091102,34,0,0,0,19,19,0,4,11,15,34,0,5,0,0,5,0,0,0,0,5,0,73
2091103,42,0,7,0,22,29,0,8,4,12,41,0,0,0,3,3,0,3,3,6,9,3,95
2091104,61,0,6,5,19,30,3,0,7,10,40,0,0,0,15,15,0,4,6,10,25,0,126
2091105,74,0,3,0,29,32,0,0,5,5,37,0,0,0,14,14,0,3,9,12,26,5,142
2091106,87,0,3,3,34,40,0,3,5,8,48,0,0,0,13,13,0,0,10,10,23,5,163
2091107,26,0,4,0,12,16,0,3,7,10,26,0,0,0,3,3,0,0,0,0,3,0,55
2091108,23,0,4,0,8,12,0,3,3,6,18,0,5,0,3,8,0,5,0,5,13,0,54
2091109,30,5,3,3,13,24,0,0,0,0,24,0,0,0,0,0,0,0,0,0,0,0,54
2091110,8,0,3,0,10,13,3,3,3,9,22,0,0,0,0,0,0,0,0,0,0,0,30
2091201,28,0,8,0,22,30,0,4,4,8,38,0,3,0,0,3,0,0,0,0,3,0,69
2091202,27,4,4,0,25,33,0,4,6,10,43,0,0,0,0,0,0,0,0,0,0,4,74
2091203,32,0,0,0,18,18,0,0,3,3,21,0,0,0,4,4,0,0,4,4,8,0,61
2091204,29,0,0,3,9,12,3,0,3,6,18,0,0,0,3,3,0,0,0,0,3,0,50
2091205,18,0,7,0,18,25,0,0,8,8,33,0,0,0,0,0,0,0,3,3,3,0,54
2091301,68,0,3,4,32,39,5,5,14,24,63,0,0,0,12,12,0,3,5,8,20,3,154
2091302,67,0,8,0,35,43,3,9,13,25,68,0,0,0,24,24,0,0,7,7,31,6,172
2091303,47,0,13,0,24,37,5,6,8,19,56,0,3,0,3,6,0,3,5,8,14,0,117
2091304,44,0,5,0,7,12,0,0,0,0,12,0,0,0,0,0,0,0,0,0,0,0,56
2091305,70,3,18,3,72,96,3,13,22,38,134,0,0,0,7,7,4,0,7,11,18,0,222
2091306,50,0,19,0,44,63,4,10,18,32,95,0,6,0,4,10,0,3,8,11,21,0,166
2091307,48,0,11,5,26,42,0,4,10,14,56,0,0,0,3,3,0,3,0,3,6,0,110
2091308,39,4,5,0,25,34,0,4,11,15,49,0,0,0,4,4,0,0,3,3,7,0,95
2091309,43,4,4,0,20,28,0,4,5,9,37,0,0,0,4,4,0,0,4,4,8,0,88
2091310,45,0,10,4,46,60,7,6,9,22,82,0,4,0,6,10,0,0,6,6,16,0,143
2091311,36,0,4,5,29,38,0,9,14,23,61,0,0,0,3,3,0,0,5,5,8,0,105
2091312,30,0,10,0,10,20,0,5,10,15,35,0,0,0,4,4,0,0,3,3,7,0,72
2091314,26,0,0,5,12,17,0,0,3,3,20,0,0,0,5,5,0,0,0,0,5,0,51
2091401,53,0,0,0,32,32,0,0,11,11,43,0,0,0,8,8,4,0,6,10,18,4,118
2091402,51,3,0,3,38,44,0,4,11,15,59,0,0,5,16,21,0,0,6,6,27,0,137
2091403,56,0,0,0,26,26,4,9,4,17,43,0,0,7,20,27,0,7,6,13,40,0,139
2091404,36,3,6,0,24,33,0,4,12,16,49,0,0,0,14,14,3,3,3,9,23,3,111
2091405,38,0,0,3,26,29,5,8,9,22,51,0,0,4,5,9,0,4,5,9,18,0,107
2091406,44,0,0,0,26,26,0,0,5,5,31,0,0,0,17,17,0,3,6,9,26,4,105
2091407,46,0,10,5,31,46,0,0,14,14,60,0,0,0,8,8,0,5,3,8,16,0,122
2091408,49,0,3,0,18,21,0,0,9,9,30,3,0,0,9,12,0,4,10,14,26,0,105
2091409,79,0,12,0,78,90,5,15,10,30,120,0,0,0,8,8,0,0,0,0,8,5,212
2091501,53,0,4,0,34,38,3,9,18,30,68,0,3,0,9,12,0,4,4,8,20,0,141
2091502,64,0,8,3,41,52,0,5,9,14,66,0,0,0,13,13,0,6,4,10,23,6,159
2091503,66,0,6,0,40,46,0,7,13,20,66,0,3,0,36,39,0,5,13,18,57,5,194
2091504,43,4,0,0,38,42,6,0,9,15,57,0,3,0,14,17,3,0,4,7,24,3,127
2091505,60,0,9,3,36,48,0,3,7,10,58,0,3,4,16,23,0,7,6,13,36,0,154
2091506,65,0,3,4,45,52,7,5,9,21,73,0,0,3,10,13,0,0,4,4,17,0,155
2091507,72,0,14,0,50,64,4,0,10,14,78,0,0,4,23,27,0,0,15,15,42,0,192
2091508,84,0,9,5,51,65,6,4,17,27,92,0,0,0,8,8,0,4,11,15,23,0,199
2091509,36,0,3,3,14,20,0,0,4,4,24,0,0,0,5,5,0,3,8,11,16,0,76
2091601,34,0,5,0,25,30,0,10,6,16,46,0,0,0,0,0,0,0,0,0,0,0,80
2091602,36,3,3,0,17,23,3,3,4,10,33,0,0,0,5,5,0,0,3,3,8,0,77
2091603,31,0,5,0,14,19,0,4,6,10,29,0,0,0,5,5,0,0,3,3,8,0,68
2091604,40,0,7,4,29,40,4,6,6,16,56,0,0,0,5,5,0,0,4,4,9,0,105
2091605,26,0,9,0,22,31,4,3,6,13,44,0,3,0,4,7,0,0,3,3,10,4,84
2091606,27,0,5,0,9,14,0,3,4,7,21,0,0,0,0,0,0,4,0,4,4,0,52
2091701,21,0,0,0,13,13,0,0,0,0,13,0,0,0,5,5,0,0,0,0,5,0,39
2091702,37,0,5,3,32,40,4,3,9,16,56,0,0,3,7,10,0,0,3,3,13,0,106
2091703,55,0,15,0,34,49,5,7,10,22,71,0,0,0,4,4,0,4,8,12,16,0,142
2091704,72,0,17,4,60,81,6,13,17,36,117,0,0,0,11,11,0,0,7,7,18,4,211
2091801,10,0,4,0,17,21,5,0,0,5,26,0,0,0,3,3,3,0,3,6,9,3,48
2091802,55,0,3,0,15,18,6,0,0,6,24,0,0,3,14,17,5,0,0,5,22,0,101
2091803,35,0,0,0,15,15,0,0,6,6,21,0,0,0,5,5,0,3,3,6,11,0,67
2091804,36,3,0,0,8,11,0,5,0,5,16,0,0,0,3,3,0,3,4,7,10,0,62
2091805,38,0,3,0,13,16,0,6,5,11,27,0,3,0,5,8,3,5,3,11,19,3,87
2091806,29,3,3,0,3,9,0,0,5,5,14,0,0,0,3,3,0,0,0,0,3,0,46
2091807,55,0,11,4,24,39,4,4,3,11,50,0,5,0,12,17,0,6,6,12,29,3,137
2091808,0,0,0,0,0,0,0,0,0,0,0,0,0,0,0,0,0,0,0,0,0,0,0
2091809,31,0,4,0,16,20,3,5,7,15,35,0,0,0,8,8,0,3,6,9,17,6,89
2091810,43,0,0,0,23,23,0,0,10,10,33,0,4,0,4,8,0,0,0,0,8,0,84
2091901,0,0,0,0,0,0,0,0,0,0,0,0,0,0,0,0,0,0,0,0,0,0,0
2091902,33,0,4,5,29,38,4,3,12,19,57,0,0,0,9,9,0,0,6,6,15,7,112
2091903,26,4,3,0,16,23,3,8,5,16,39,0,0,0,3,3,0,3,3,6,9,0,74
2091904,66,0,10,6,47,63,7,7,9,23,86,0,4,0,17,21,0,5,4,9,30,5,187
2091905,41,5,3,3,23,34,4,0,6,10,44,0,3,0,6,9,3,3,6,12,21,0,106
2092001,32,0,7,0,23,30,0,0,3,3,33,0,4,0,3,7,0,3,0,3,10,0,75
2092002,66,0,12,11,54,77,8,6,16,30,107,0,0,0,9,9,5,0,4,9,18,3,194
2092003,38,0,9,0,24,33,6,0,15,21,54,0,0,0,4,4,0,3,4,7,11,5,108
2092004,78,4,12,0,60,76,4,4,15,23,99,4,5,0,10,19,0,0,6,6,25,3,205
2092005,52,4,13,3,46,66,5,3,20,28,94,0,0,4,3,7,0,0,0,0,7,0,153
2092006,34,4,3,0,28,35,5,5,8,18,53,0,0,0,0,0,0,0,5,5,5,6,98
2092007,61,0,15,0,56,71,0,6,11,17,88,0,3,0,14,17,0,0,9,9,26,0,175
2092008,46,0,10,0,30,40,4,5,11,20,60,0,0,0,6,6,0,4,6,10,16,0,122
2092010,44,3,8,0,36,47,6,4,6,16,63,0,0,0,4,4,3,0,0,3,7,0,114
2092011,46,0,18,0,30,48,4,5,7,16,64,0,0,0,9,9,0,3,0,3,12,3,125
2092012,32,3,8,3,24,38,3,3,8,14,52,0,0,0,8,8,0,0,0,0,8,0,92
2092013,19,6,6,5,13,30,0,0,6,6,36,0,0,0,0,0,0,0,11,11,11,4,70
2092014,20,0,8,4,18,30,0,0,12,12,42,0,0,0,5,5,0,0,4,4,9,3,74
2092015,28,0,4,0,3,7,0,0,0,0,7,0,3,0,3,6,0,0,0,0,6,3,44
2092016,40,0,9,0,47,56,0,12,12,24,80,0,0,0,7,7,0,0,0,0,7,0,127
2092101,33,3,4,6,30,43,0,0,8,8,51,0,0,5,15,20,0,0,6,6,26,0,110
2092102,100,0,7,5,47,59,3,6,18,27,86,0,3,5,18,26,0,0,13,13,39,10,235
2092103,83,3,11,7,41,62,5,10,22,37,99,0,7,0,16,23,0,0,14,14,37,0,219
2092104,49,0,3,5,22,30,0,4,8,12,42,0,0,0,14,14,0,0,4,4,18,6,115
2092105,76,0,9,6,40,55,6,4,13,23,78,3,0,5,21,29,0,3,15,18,47,4,205
2092106,126,0,16,4,69,89,5,12,32,49,138,0,4,0,15,19,3,3,6,12,31,7,302
2092107,30,3,3,0,19,25,3,7,13,23,48,0,0,0,20,20,0,4,13,17,37,0,115
2092108,61,4,10,0,48,62,0,6,19,25,87,3,0,0,9,12,3,0,3,6,18,0,166
2092109,43,3,6,0,63,72,3,3,8,14,86,0,4,0,9,13,3,0,9,12,25,0,154
2092201,35,0,4,0,31,35,6,0,0,6,41,0,0,0,7,7,0,3,8,11,18,0,94
2092202,46,0,7,0,26,33,0,0,12,12,45,0,0,0,7,7,0,3,5,8,15,0,106
2092203,41,0,5,0,27,32,4,7,4,15,47,0,0,0,12,12,0,4,0,4,16,0,104
2092204,31,0,4,0,21,25,0,7,5,12,37,0,3,5,6,14,0,0,11,11,25,3,96
2092205,30,0,4,0,12,16,0,6,3,9,25,0,6,0,0,6,0,3,3,6,12,0,67
2092206,76,0,10,0,46,56,0,0,10,10,66,0,0,0,16,16,0,0,12,12,28,0,170
2092207,61,0,9,3,20,32,4,4,9,17,49,0,3,5,17,25,0,4,13,17,42,6,158
2092208,75,0,16,5,52,73,5,8,23,36,109,3,3,3,18,27,0,0,17,17,44,4,232
2092209,49,3,3,3,30,39,0,6,6,12,51,0,0,0,7,7,0,4,3,7,14,6,120
2092210,24,3,3,0,13,19,0,4,0,4,23,0,0,0,6,6,0,0,4,4,10,0,57
2092211,29,0,0,0,11,11,0,4,3,7,18,0,0,0,0,0,0,0,3,3,3,0,50
2092212,48,3,9,0,37,49,3,5,17,25,74,0,0,5,8,13,4,4,7,15,28,0,150
2092213,43,0,5,0,42,47,0,4,16,20,67,0,0,0,7,7,0,4,10,14,21,4,135
2092301,33,0,11,0,32,43,3,0,11,14,57,0,0,0,14,14,0,0,9,9,23,0,113
2092302,48,0,6,0,34,40,0,0,6,6,46,0,4,0,15,19,4,0,10,14,33,10,137
2092303,29,4,0,0,28,32,0,4,0,4,36,0,0,0,6,6,0,3,4,7,13,4,82
2092304,36,0,3,0,29,32,0,5,4,9,41,0,0,0,11,11,0,4,4,8,19,4,100
2092305,109,0,9,6,39,54,3,7,15,25,79,0,0,0,14,14,0,5,13,18,32,0,220
2092306,61,0,3,3,23,29,4,3,8,15,44,0,0,0,10,10,5,0,9,14,24,0,129
2092307,73,5,6,0,30,41,0,13,17,30,71,0,4,0,6,10,3,0,4,7,17,3,164
2092308,45,0,5,0,25,30,5,0,5,10,40,0,5,0,9,14,0,0,11,11,25,4,114
2092309,57,0,8,0,19,27,5,4,0,9,36,0,0,0,0,0,0,7,9,16,16,0,109
2092310,49,0,6,0,44,50,0,5,11,16,66,0,12,6,42,60,0,6,15,21,81,5,201
2092311,74,0,3,5,24,32,3,11,4,18,50,0,5,0,4,9,0,0,10,10,19,0,143
2092312,59,0,14,0,44,58,5,4,4,13,71,0,0,4,8,12,3,0,5,8,20,4,154
2092313,32,0,4,0,4,8,0,3,5,8,16,0,0,0,0,0,0,0,0,0,0,3,51
2092314,58,0,6,0,34,40,0,5,9,14,54,0,0,0,3,3,0,0,0,0,3,0,115
2092315,32,0,0,0,42,42,0,4,6,10,52,0,4,0,16,20,0,6,4,10,30,0,114
2092316,30,0,8,0,14,22,0,0,0,0,22,0,0,0,0,0,0,0,8,8,8,12,72
2092317,27,0,3,5,15,23,0,0,5,5,28,0,0,0,9,9,0,0,7,7,16,0,71
2092401,50,0,10,0,48,58,6,0,11,17,75,0,0,0,12,12,0,0,7,7,19,0,144
2092402,59,6,16,0,31,53,0,12,11,23,76,0,0,0,8,8,0,0,8,8,16,5,156
2092403,43,0,4,0,21,25,3,3,8,14,39,0,0,4,14,18,0,3,13,16,34,5,121
2092404,73,5,5,4,32,46,0,6,11,17,63,0,0,3,15,18,0,4,10,14,32,0,168
2092405,51,3,6,3,31,43,4,4,8,16,59,4,3,0,16,23,3,0,8,11,34,0,144
2092406,67,5,15,3,45,68,5,7,16,28,96,0,0,0,5,5,0,0,3,3,8,0,171
2092407,25,0,10,4,28,42,3,7,6,16,58,0,0,0,6,6,0,3,4,7,13,0,96
2092408,62,7,16,4,73,100,3,10,11,24,124,0,3,0,14,17,4,0,3,7,24,3,213
2092409,58,3,8,0,26,37,3,6,18,27,64,0,3,3,3,9,0,0,8,8,17,6,145
2092410,54,0,0,6,34,40,0,5,7,12,52,0,3,0,9,12,0,5,8,13,25,0,131
2092411,55,3,8,0,34,45,0,0,11,11,56,0,4,4,21,29,3,0,17,20,49,6,166
2092412,64,0,11,4,52,67,10,13,15,38,105,3,8,0,15,26,0,5,7,12,38,0,207
2092413,28,0,5,0,34,39,6,0,0,6,45,0,0,0,7,7,0,0,3,3,10,0,83
2092414,45,3,11,4,26,44,9,0,3,12,56,0,10,0,10,20,0,4,7,11,31,0,132
2092501,49,0,8,0,23,31,0,5,4,9,40,0,3,0,6,9,0,0,5,5,14,3,106
2092502,54,0,7,0,27,34,0,6,4,10,44,0,0,0,4,4,0,0,3,3,7,0,105
2092503,42,3,3,3,24,33,0,4,5,9,42,0,0,0,0,0,0,0,3,3,3,0,87
2092504,31,0,5,0,32,37,0,3,11,14,51,0,0,0,0,0,0,0,5,5,5,3,90
2092505,16,0,0,0,4,4,0,5,0,5,9,0,3,0,3,6,0,3,3,6,12,0,37
2092506,15,0,0,0,12,12,0,7,3,10,22,0,0,0,0,0,0,0,3,3,3,0,40
2092507,28,0,7,3,19,29,0,6,4,10,39,0,0,0,0,0,0,0,0,0,0,0,67
2092508,29,0,7,4,19,30,0,5,11,16,46,0,0,0,5,5,0,0,0,0,5,0,80
2092509,57,3,11,3,23,40,0,8,12,20,60,0,0,0,6,6,0,0,3,3,9,3,129
2092510,13,4,4,0,6,14,3,3,7,13,27,0,0,0,0,0,0,0,3,3,3,0,43
2092511,22,0,4,3,10,17,0,8,0,8,25,0,0,0,5,5,0,4,0,4,9,0,56
2092601,95,0,10,4,31,45,0,4,9,13,58,0,6,0,13,19,4,5,5,14,33,0,186
2092602,29,0,0,0,22,22,3,5,8,16,38,0,0,3,3,6,0,0,3,3,9,0,76
2092603,29,4,3,0,23,30,4,0,5,9,39,0,0,7,0,7,0,0,0,0,7,0,75
2092604,21,0,0,0,27,27,0,0,11,11,38,0,0,0,0,0,0,0,6,6,6,0,65
2092605,29,0,5,3,28,36,7,0,6,13,49,0,0,0,6,6,0,4,0,4,10,0,88
2092606,42,0,6,0,16,22,0,5,5,10,32,0,0,0,4,4,0,0,0,0,4,0,78
2092607,17,0,3,0,5,8,0,0,0,0,8,0,3,0,0,3,0,0,3,3,6,0,31
2092608,42,0,5,0,9,14,3,0,3,6,20,0,3,0,4,7,0,0,0,0,7,0,69
2100101,11,0,0,0,13,13,0,0,0,0,13,0,0,0,0,0,0,0,0,0,0,0,24
2100102,23,0,6,0,17,23,0,0,5,5,28,0,0,0,0,0,0,0,0,0,0,5,56
2100103,24,0,6,0,25,31,0,0,5,5,36,0,0,0,3,3,3,0,4,7,10,0,70
2100104,9,0,0,0,3,3,0,0,3,3,6,0,0,0,0,0,0,0,3,3,3,0,18
2100105,22,0,0,0,4,4,0,0,3,3,7,0,0,0,0,0,0,0,3,3,3,0,32
2100106,58,0,5,3,29,37,3,0,5,8,45,0,0,0,9,9,0,3,3,6,15,0,118
2100107,26,0,0,0,12,12,0,6,8,14,26,0,0,0,5,5,0,6,0,6,11,0,63
2100108,20,0,0,0,4,4,0,0,4,4,8,0,0,0,3,3,0,0,3,3,6,0,34
2100109,18,0,0,0,4,4,3,4,3,10,14,3,0,0,3,6,0,3,3,6,12,0,44
2100110,16,0,5,0,12,17,0,3,3,6,23,0,0,0,5,5,0,0,0,0,5,0,44
2100111,34,0,4,0,13,17,5,0,0,5,22,0,4,0,5,9,0,0,0,0,9,5,70
2100112,13,0,4,0,5,9,0,0,4,4,13,0,0,0,0,0,0,0,4,4,4,0,30
2100201,25,0,0,0,14,14,0,0,7,7,21,0,0,0,0,0,3,0,0,3,3,3,52
2100202,42,0,4,0,17,21,0,0,0,0,21,0,0,0,5,5,0,0,6,6,11,0,74
2100203,18,0,8,0,9,17,4,0,3,7,24,0,0,0,3,3,0,0,0,0,3,0,45
2100204,11,0,3,3,9,15,0,8,3,11,26,0,0,0,0,0,0,0,0,0,0,5,42
2100205,30,0,6,0,10,16,0,4,4,8,24,0,0,0,0,0,0,4,0,4,4,0,58
2100207,41,0,0,0,8,8,3,3,3,9,17,0,3,0,5,8,3,0,4,7,15,0,73
2100208,9,0,3,0,9,12,3,3,0,6,18,0,3,0,0,3,0,0,3,3,6,0,33
2100209,33,0,3,0,18,21,0,0,4,4,25,0,0,0,3,3,0,0,3,3,6,0,64
2100210,23,0,0,0,20,20,0,0,6,6,26,0,0,0,0,0,0,0,3,3,3,0,52
2100211,25,0,4,5,10,19,0,0,5,5,24,0,0,0,0,0,0,3,3,6,6,0,55
2100212,0,0,0,0,0,0,0,0,0,0,0,0,0,0,0,0,0,0,0,0,0,0,0
2100301,50,4,10,4,30,48,0,0,12,12,60,0,0,0,12,12,0,0,13,13,25,0,135
2100302,53,3,3,3,14,23,3,0,8,11,34,0,0,0,8,8,0,0,10,10,18,0,105
2100303,54,0,4,3,19,26,0,4,13,17,43,0,5,0,14,19,0,0,11,11,30,5,132
2100304,43,0,0,0,28,28,3,7,6,16,44,0,5,0,7,12,3,5,6,14,26,0,113
2100305,36,0,13,0,38,51,0,0,0,0,51,0,6,0,5,11,0,0,4,4,15,3,105
2100307,27,0,5,3,13,21,3,7,3,13,34,0,0,0,3,3,0,0,4,4,7,0,68
2100308,43,4,12,0,27,43,5,7,5,17,60,0,0,0,3,3,0,0,0,0,3,0,106
2100309,41,0,12,0,34,46,4,5,3,12,58,0,0,0,3,3,0,0,4,4,7,0,106
2100401,35,0,8,0,23,31,0,0,0,0,31,0,0,3,3,6,3,3,0,6,12,0,78
2100402,74,0,3,4,34,41,3,0,6,9,50,0,0,0,8,8,5,5,4,14,22,5,151
2100403,52,0,8,0,22,30,6,0,5,11,41,0,5,0,8,13,3,3,10,16,29,0,122
2100404,32,0,5,0,19,24,3,0,7,10,34,0,3,0,14,17,0,0,5,5,22,3,91
2100405,46,0,5,0,21,26,0,5,7,12,38,0,3,0,16,19,0,7,13,20,39,3,126
2100406,42,4,0,0,20,24,0,9,4,13,37,0,0,0,7,7,0,0,5,5,12,0,91
2100407,47,0,5,5,14,24,0,0,9,9,33,0,0,0,3,3,0,0,5,5,8,0,88
2100408,50,0,8,4,22,34,0,4,9,13,47,0,0,3,0,3,0,5,0,5,8,0,105
2100409,64,0,10,0,34,44,0,4,12,16,60,0,3,0,4,7,0,0,6,6,13,0,137
2100501,9,0,0,0,9,9,0,0,0,0,9,0,0,0,0,0,0,3,0,3,3,0,21
2100502,18,0,0,0,0,0,0,0,9,9,9,0,0,0,0,0,0,0,5,5,5,0,32
2100503,60,3,5,8,27,43,0,10,11,21,64,0,0,0,5,5,3,0,10,13,18,3,145
2100504,37,0,9,0,20,29,0,0,9,9,38,0,0,0,4,4,0,0,8,8,12,0,87
2100505,8,0,0,0,7,7,0,5,5,10,17,0,0,0,0,0,0,3,0,3,3,4,32
2100506,16,0,0,3,13,16,0,3,0,3,19,0,3,0,4,7,0,4,9,13,20,0,55
2100507,31,0,6,0,12,18,0,3,4,7,25,0,0,0,0,0,0,0,6,6,6,0,62
2100508,38,3,3,4,25,35,4,3,11,18,53,0,0,0,8,8,0,4,6,10,18,4,113
2100509,43,3,8,0,32,43,3,6,9,18,61,0,0,0,6,6,0,0,3,3,9,3,116
2100601,28,3,3,3,21,30,6,4,8,18,48,3,5,3,30,41,3,5,6,14,55,4,135
2100602,47,0,3,5,41,49,3,8,6,17,66,0,4,0,11,15,0,0,12,12,27,0,140
2100603,56,0,9,0,31,40,6,3,5,14,54,0,0,0,6,6,0,3,10,13,19,5,134
2100604,50,0,4,0,31,35,5,3,6,14,49,0,3,0,9,12,4,3,7,14,26,0,125
2100605,75,0,9,0,27,36,3,10,9,22,58,0,0,0,8,8,0,4,12,16,24,0,157
2100606,54,0,9,4,29,42,3,4,4,11,53,0,0,0,12,12,0,0,10,10,22,0,129
2100607,53,0,3,3,32,38,4,6,11,21,59,0,0,3,9,12,0,3,8,11,23,0,135
2100608,46,0,3,5,20,28,0,5,9,14,42,0,0,0,10,10,0,0,10,10,20,3,111
2100701,71,0,10,0,22,32,0,0,15,15,47,5,3,3,5,16,0,0,0,0,16,3,137
2100702,106,0,11,8,44,63,8,5,7,20,83,0,6,0,12,18,0,0,11,11,29,6,224
2100703,61,3,0,5,36,44,5,0,6,11,55,0,3,4,10,17,0,0,8,8,25,0,141
2100704,45,5,0,3,16,24,0,0,8,8,32,0,3,3,11,17,0,4,4,8,25,0,102
2100705,57,0,4,0,29,33,5,0,9,14,47,0,0,0,14,14,3,3,4,10,24,3,131
2100706,85,0,8,4,55,67,8,4,20,32,99,3,3,0,16,22,3,9,8,20,42,3,229
2100707,66,0,5,0,13,18,3,4,3,10,28,0,0,8,16,24,0,4,14,18,42,6,142
2100708,41,4,6,0,22,32,0,6,8,14,46,0,0,0,14,14,0,0,7,7,21,0,108
2100801,46,0,0,0,21,21,0,0,11,11,32,0,0,0,3,3,0,3,3,6,9,0,87
2100802,30,0,0,4,15,19,0,0,9,9,28,0,0,0,6,6,0,0,5,5,11,4,73
2100803,46,7,6,0,30,43,4,3,13,20,63,0,0,0,8,8,0,0,0,0,8,0,117
2100804,11,0,0,0,9,9,0,4,5,9,18,0,0,0,3,3,0,3,3,6,9,0,38
2100805,56,6,0,0,30,36,0,0,6,6,42,0,0,0,5,5,0,0,5,5,10,0,108
2100806,29,0,0,0,26,26,0,0,9,9,35,0,0,0,3,3,0,0,0,0,3,0,67
2100807,34,0,15,3,36,54,0,6,12,18,72,0,0,0,4,4,0,0,7,7,11,5,122
2100808,44,0,9,0,6,15,0,0,7,7,22,0,0,0,0,0,0,0,9,9,9,0,75
2100809,62,0,14,3,29,46,9,5,12,26,72,0,0,6,4,10,6,0,0,6,16,0,150
2100810,111,0,19,5,78,102,10,10,35,55,157,0,6,0,12,18,4,0,5,9,27,0,295
2100811,37,0,5,4,21,30,3,4,10,17,47,0,0,0,10,10,0,0,4,4,14,0,98
2100813,11,3,5,3,10,21,3,0,0,3,24,0,0,0,6,6,0,0,0,0,6,0,41
2100901,26,3,7,0,8,18,0,5,0,5,23,0,0,0,3,3,0,0,0,0,3,5,57
2100902,37,0,3,3,18,24,0,3,3,6,30,0,0,0,7,7,0,0,5,5,12,3,82
2100903,72,0,9,0,56,65,0,6,11,17,82,0,0,0,8,8,0,0,4,4,12,5,171
2100904,35,0,9,0,32,41,0,6,21,27,68,0,0,0,0,0,0,5,0,5,5,0,108
2100905,30,0,0,0,22,22,3,4,9,16,38,0,0,0,3,3,0,0,0,0,3,0,71
2100906,31,0,3,3,26,32,0,4,8,12,44,0,0,0,3,3,0,0,0,0,3,0,78
2100907,100,0,24,10,70,104,10,3,33,46,150,0,4,0,10,14,0,0,17,17,31,3,284
2100908,47,4,7,0,43,54,6,8,9,23,77,3,3,0,3,9,0,3,0,3,12,0,136
2100909,52,3,11,8,38,60,5,6,13,24,84,0,5,0,7,12,0,4,5,9,21,0,157
2100910,46,3,8,0,43,54,3,10,11,24,78,0,0,0,7,7,3,0,0,3,10,0,134
2100911,87,0,12,6,89,107,6,5,11,22,129,0,0,0,12,12,3,0,3,6,18,0,234
2100912,59,0,8,0,89,97,8,0,4,12,109,0,0,0,10,10,0,0,0,0,10,0,178
2100913,22,3,12,0,44,59,6,0,7,13,72,0,0,0,0,0,0,0,0,0,0,0,94
2101001,59,0,9,5,64,78,4,8,15,27,105,0,3,0,3,6,0,3,3,6,12,0,176
2101002,37,0,7,0,14,21,3,0,0,3,24,0,4,0,5,9,4,0,4,8,17,0,78
2101003,42,0,0,0,23,23,3,5,3,11,34,0,3,0,10,13,3,3,3,9,22,0,98
2101004,70,0,6,0,41,47,14,0,12,26,73,0,4,0,17,21,3,4,10,17,38,0,181
2101005,38,0,0,0,25,25,0,3,4,7,32,0,0,0,6,6,0,5,0,5,11,0,81
2101006,33,0,4,3,26,33,3,4,0,7,40,0,3,3,6,12,0,4,3,7,19,0,92
2101007,41,0,0,0,13,13,3,5,3,11,24,0,0,0,8,8,0,0,3,3,11,0,76
2101008,42,0,4,0,16,20,3,6,0,9,29,0,0,0,8,8,0,0,5,5,13,0,84
2101009,53,0,4,5,35,44,6,10,3,19,63,0,0,0,7,7,4,0,0,4,11,4,131
2101010,36,0,5,0,30,35,4,5,7,16,51,0,0,3,6,9,5,3,0,8,17,0,104
2101101,18,0,0,0,14,14,4,4,3,11,25,0,0,5,0,5,0,0,0,0,5,0,48
2101102,69,8,7,5,55,75,3,6,18,27,102,0,0,0,17,17,0,0,10,10,27,0,198
2101103,47,0,10,0,29,39,0,7,16,23,62,0,0,0,3,3,0,3,6,9,12,0,121
2101104,24,3,0,0,16,19,7,4,0,11,30,0,0,0,0,0,0,3,3,6,6,0,60
2101105,46,3,3,3,27,36,0,7,10,17,53,4,0,0,11,15,0,0,6,6,21,0,120
2101106,56,0,9,0,43,52,0,4,11,15,67,0,0,4,4,8,0,0,4,4,12,0,135
2101107,25,0,0,0,10,10,0,4,4,8,18,0,0,0,3,3,0,3,3,6,9,0,52
2101108,78,0,15,0,52,67,6,6,11,23,90,0,0,0,9,9,0,3,8,11,20,0,188
2101109,17,0,6,0,17,23,3,3,7,13,36,0,0,0,0,0,0,0,5,5,5,3,61
2101110,39,4,7,3,20,34,4,3,18,25,59,3,3,0,3,9,0,0,8,8,17,0,115
2101111,46,0,11,0,36,47,4,8,5,17,64,0,3,0,3,6,0,3,3,6,12,4,126
2101112,39,3,4,3,29,39,3,8,16,27,66,0,3,0,4,7,0,0,3,3,10,3,118
2101113,15,3,7,0,26,36,5,0,6,11,47,0,0,0,0,0,0,0,0,0,0,3,65
2101114,34,0,12,4,40,56,3,7,5,15,71,0,0,0,6,6,0,0,4,4,10,3,118
2101201,58,0,12,0,55,67,3,8,10,21,88,0,5,0,13,18,4,6,4,14,32,0,178
2101202,89,0,21,6,64,91,3,25,17,45,136,3,0,3,4,10,0,3,7,10,20,0,245
2101203,47,0,5,5,75,85,11,0,8,19,104,0,3,0,5,8,0,3,3,6,14,0,165
2101204,54,4,4,4,36,48,7,12,18,37,85,0,0,0,5,5,3,4,3,10,15,0,154
2101205,78,3,19,3,40,65,11,16,13,40,105,0,0,0,10,10,0,0,0,0,10,0,193
2101206,51,0,26,0,53,79,5,14,8,27,106,0,3,0,4,7,0,3,5,8,15,0,172
2101207,48,0,4,0,33,37,0,0,14,14,51,0,0,0,15,15,0,7,4,11,26,3,128
2101208,61,0,6,5,25,36,0,4,15,19,55,0,0,0,8,8,0,0,5,5,13,3,132
2101209,60,0,5,0,72,77,0,16,4,20,97,0,5,0,7,12,0,0,12,12,24,0,181
2101210,28,0,0,0,44,44,4,7,0,11,55,5,0,0,0,5,0,0,3,3,8,0,91
2101211,30,3,12,0,52,67,3,4,11,18,85,0,0,0,6,6,0,4,7,11,17,4,136
2101212,67,0,4,3,66,73,5,0,17,22,95,0,3,3,0,6,0,4,4,8,14,0,176
2101213,11,0,4,0,13,17,0,0,0,0,17,0,0,0,5,5,0,3,3,6,11,0,39
2101214,23,0,5,0,11,16,0,5,4,9,25,0,0,3,3,6,3,0,3,6,12,0,60
2101215,53,4,13,0,51,68,4,6,13,23,91,0,0,0,6,6,0,0,4,4,10,0,154
2101216,17,0,4,3,19,26,0,4,0,4,30,0,0,0,9,9,0,0,0,0,9,0,56
2101217,35,0,4,0,47,51,0,6,6,12,63,0,0,0,4,4,0,0,7,7,11,0,109
2101218,17,0,4,0,15,19,5,6,0,11,30,0,0,0,0,0,0,0,0,0,0,0,47
2101301,42,0,3,3,22,28,3,4,5,12,40,0,0,0,8,8,0,0,3,3,11,0,93
2101302,14,0,4,0,6,10,0,0,0,0,10,0,0,0,0,0,0,0,0,0,0,4,28
2101303,36,0,0,0,25,25,0,5,0,5,30,5,0,0,4,9,0,6,0,6,15,0,81
2101304,34,0,9,0,12,21,0,0,3,3,24,0,3,3,8,14,0,0,3,3,17,4,79
2101305,24,0,6,4,10,20,0,3,3,6,26,0,3,0,3,6,0,0,0,0,6,0,56
2101306,51,0,7,0,12,19,4,0,5,9,28,0,5,0,6,11,0,0,0,0,11,0,90
2101307,50,0,0,0,12,12,0,6,5,11,23,3,0,0,3,6,0,0,3,3,9,0,82
2101308,37,0,5,0,12,17,0,3,0,3,20,0,0,0,0,0,0,0,4,4,4,4,65
2101309,16,4,4,0,7,15,0,0,0,0,15,0,0,0,5,5,0,0,0,0,5,0,36
2101401,43,3,6,4,31,44,3,3,7,13,57,0,0,0,9,9,0,0,0,0,9,0,109
2101402,25,3,3,0,9,15,0,3,3,6,21,0,0,0,6,6,0,0,0,0,6,0,52
2101403,71,0,5,0,26,31,4,3,10,17,48,0,3,3,5,11,3,0,6,9,20,0,139
2101404,95,0,10,0,45,55,3,3,17,23,78,0,0,0,14,14,0,4,14,18,32,0,205
2101405,78,3,16,0,56,75,3,12,17,32,107,0,0,4,7,11,3,0,3,6,17,0,202
2101406,61,0,15,6,50,71,3,6,16,25,96,0,0,0,4,4,0,3,3,6,10,0,167
2101407,34,0,4,3,9,16,0,0,3,3,19,0,3,0,3,6,0,3,3,6,12,0,65
2101408,34,0,9,3,29,41,0,4,4,8,49,0,0,0,5,5,0,0,0,0,5,0,88
2101501,21,0,4,0,14,18,0,0,3,3,21,0,0,0,4,4,0,0,3,3,7,0,49
2101502,25,0,4,0,10,14,0,0,4,4,18,0,0,0,4,4,0,0,5,5,9,4,56
2101503,55,3,3,0,26,32,0,0,4,4,36,0,0,0,6,6,0,4,6,10,16,0,107
2101504,32,0,0,0,14,14,0,6,0,6,20,0,0,0,3,3,0,0,6,6,9,3,64
2101505,42,3,3,0,24,30,3,3,3,9,39,0,5,0,4,9,0,0,0,0,9,3,93
2101506,33,0,0,5,12,17,0,0,3,3,20,0,0,0,4,4,0,0,0,0,4,0,57
2101507,27,0,3,0,12,15,0,0,5,5,20,0,0,0,5,5,0,0,0,0,5,0,52
2101508,26,0,0,0,18,18,0,7,0,7,25,0,0,0,7,7,0,0,3,3,10,0,61
2101509,11,0,0,0,11,11,0,0,3,3,14,0,0,0,4,4,0,3,3,6,10,0,35
2101510,29,0,0,0,4,4,0,0,0,0,4,0,0,0,0,0,0,0,5,5,5,0,38
2101601,19,0,4,3,9,16,0,0,0,0,16,3,0,0,3,6,0,0,3,3,9,0,44
2101602,22,3,3,0,15,21,3,6,3,12,33,0,0,0,3,3,0,3,0,3,6,0,61
2101603,12,5,0,0,7,12,0,5,3,8,20,0,0,0,6,6,0,0,4,4,10,0,42
2101604,21,0,0,0,13,13,0,0,0,0,13,0,0,0,0,0,0,0,0,0,0,0,34
2101606,48,0,0,0,13,13,0,0,8,8,21,0,0,0,4,4,0,0,0,0,4,0,73
2101607,14,0,0,0,6,6,0,0,0,0,6,0,0,0,6,6,5,0,0,5,11,0,31
2101701,52,3,12,0,45,60,4,10,6,20,80,0,0,0,7,7,0,0,4,4,11,3,146
2101702,82,0,10,0,37,47,0,0,10,10,57,0,0,0,9,9,0,0,10,10,19,0,158
2101703,100,3,7,5,66,81,0,12,18,30,111,0,3,0,14,17,0,3,6,9,26,3,240
2101704,31,0,6,0,11,17,0,4,4,8,25,0,0,0,4,4,0,0,0,0,4,0,60
2101705,36,0,3,4,19,26,0,0,9,9,35,0,0,0,3,3,0,0,5,5,8,0,79
2101706,53,0,14,0,34,48,0,5,10,15,63,0,0,0,0,0,0,0,6,6,6,0,122
2101707,43,0,9,0,33,42,3,9,12,24,66,0,4,0,5,9,0,0,3,3,12,0,121
2101801,39,0,6,0,21,27,0,5,7,12,39,3,0,0,4,7,0,0,0,0,7,0,85
2101802,31,0,5,3,25,33,0,4,5,9,42,0,0,0,0,0,0,0,5,5,5,0,78
2101803,30,0,13,4,39,56,0,7,4,11,67,0,0,0,4,4,0,0,5,5,9,0,106
2101804,19,0,0,0,15,15,0,4,3,7,22,0,0,0,0,0,0,0,4,4,4,3,48
2101805,22,0,4,0,13,17,3,3,3,9,26,0,0,5,0,5,3,3,3,9,14,0,62
2101806,15,0,5,3,26,34,0,0,11,11,45,0,0,0,4,4,0,3,0,3,7,0,67
2101807,59,4,16,3,57,80,5,6,17,28,108,0,0,0,4,4,0,0,6,6,10,3,180
2101808,38,0,5,4,30,39,4,6,6,16,55,0,3,3,5,11,0,0,6,6,17,0,110
2101809,14,0,3,0,9,12,0,3,3,6,18,0,3,3,0,6,0,0,3,3,9,0,41
2101810,14,0,5,0,9,14,5,0,5,10,24,0,0,0,4,4,0,0,3,3,7,0,45
2101811,27,3,6,0,28,37,0,0,4,4,41,0,0,3,0,3,0,3,3,6,9,0,77
2101812,60,3,10,0,30,43,0,5,7,12,55,0,6,0,5,11,7,0,0,7,18,0,133
2101901,29,0,3,3,3,9,0,0,0,0,9,0,0,0,0,0,0,0,7,7,7,0,45
2101902,61,4,0,0,24,28,4,8,13,25,53,0,0,0,10,10,0,4,6,10,20,0,134
2101903,86,5,8,0,70,83,0,9,23,32,115,0,3,0,17,20,0,0,6,6,26,3,230
2101904,34,0,16,4,48,68,6,3,17,26,94,0,3,3,4,10,0,3,3,6,16,3,147
2101905,47,0,0,0,25,25,4,3,0,7,32,4,0,0,3,7,0,3,0,3,10,4,93
2101906,29,0,0,4,20,24,0,0,11,11,35,0,0,0,4,4,0,0,7,7,11,0,75
2101907,13,0,3,3,3,9,3,0,3,6,15,0,0,0,6,6,0,0,0,0,6,0,34
2101908,31,0,4,0,25,29,6,0,0,6,35,0,0,0,0,0,0,0,3,3,3,4,73
2101909,19,0,4,3,19,26,3,3,11,17,43,0,0,0,7,7,0,0,0,0,7,0,69
2101910,59,0,8,4,44,56,5,7,12,24,80,0,0,5,3,8,0,4,5,9,17,0,156
2101911,65,5,16,10,82,113,6,12,28,46,159,0,3,0,8,11,0,3,3,6,17,3,244
2101912,86,3,20,3,64,90,3,8,25,36,126,0,0,0,13,13,0,0,7,7,20,0,232
2110101,63,0,3,5,20,28,4,5,9,18,46,3,0,0,15,18,0,3,13,16,34,3,146
2110102,46,0,4,3,18,25,7,0,6,13,38,3,5,0,14,22,0,6,8,14,36,4,124
2110103,58,0,4,0,44,48,7,6,14,27,75,0,5,0,11,16,3,3,13,19,35,0,168
2110104,48,0,8,5,32,45,0,8,12,20,65,0,0,0,7,7,0,6,7,13,20,3,136
2110105,48,0,9,3,41,53,6,4,16,26,79,0,4,0,7,11,0,5,9,14,25,3,155
2110106,77,0,10,4,53,67,3,10,8,21,88,0,5,0,13,18,0,3,12,15,33,5,203
2110107,70,0,5,6,38,49,0,8,13,21,70,0,8,0,18,26,0,5,12,17,43,0,183
2110108,64,3,3,0,32,38,3,5,6,14,52,0,4,0,13,17,0,4,7,11,28,0,144
2110109,52,0,4,0,20,24,0,0,13,13,37,0,0,0,8,8,0,0,5,5,13,3,105
2110201,54,0,6,0,22,28,3,7,5,15,43,0,3,0,6,9,0,3,11,14,23,3,123
2110202,40,0,8,0,27,35,3,3,4,10,45,0,0,0,9,9,0,0,0,0,9,4,98
2110203,27,0,3,3,15,21,0,3,4,7,28,0,0,0,5,5,0,0,8,8,13,3,71
2110204,42,0,0,0,29,29,0,0,0,0,29,0,3,0,13,16,0,3,13,16,32,6,109
2110205,54,0,7,4,39,50,4,8,22,34,84,0,3,0,4,7,0,4,7,11,18,4,160
2110206,49,0,0,0,23,23,6,3,4,13,36,0,0,0,0,0,0,3,3,6,6,0,91
2110207,49,0,3,3,43,49,0,0,13,13,62,0,6,0,7,13,0,0,7,7,20,8,139
2110208,25,3,3,3,3,12,0,0,3,3,15,0,0,0,18,18,0,5,15,20,38,3,81
2110209,38,0,3,3,33,39,0,0,3,3,42,0,0,0,13,13,0,0,9,9,22,0,102
2110301,58,0,3,0,38,41,0,0,3,3,44,0,3,0,9,12,0,7,6,13,25,0,127
2110302,65,0,6,5,37,48,0,7,0,7,55,3,3,0,17,23,0,5,17,22,45,4,169
2110303,28,0,0,0,22,22,0,0,0,0,22,0,0,0,10,10,0,0,3,3,13,0,63
2110304,48,0,8,0,40,48,0,0,10,10,58,0,0,0,17,17,0,5,11,16,33,0,139
2110305,40,0,7,0,38,45,5,0,8,13,58,0,0,0,12,12,3,4,7,14,26,0,124
2110306,73,0,3,0,27,30,3,6,9,18,48,0,3,3,7,13,3,6,6,15,28,0,149
2110307,60,0,4,0,50,54,0,6,5,11,65,0,0,0,4,4,0,0,13,13,17,7,149
2110308,34,0,0,0,16,16,0,3,3,6,22,0,0,0,6,6,4,0,4,8,14,0,70
2110309,48,0,5,0,41,46,0,0,0,0,46,0,5,0,6,11,0,0,14,14,25,0,119
2110401,64,0,8,0,31,39,6,4,16,26,65,0,0,0,12,12,4,5,9,18,30,0,159
2110402,80,0,10,0,40,50,0,5,17,22,72,0,3,3,18,24,0,4,14,18,42,4,198
2110403,28,0,11,0,31,42,0,8,8,16,58,0,0,0,11,11,0,0,12,12,23,0,109
2110404,64,4,11,3,36,54,4,6,16,26,80,0,4,3,9,16,0,0,3,3,19,0,163
2110405,49,3,8,5,25,41,3,9,10,22,63,0,3,0,3,6,3,3,3,9,15,0,127
2110406,63,0,16,0,68,84,13,7,8,28,112,0,5,0,10,15,0,0,5,5,20,5,200
2110407,60,0,0,0,30,30,4,7,16,27,57,0,0,0,12,12,0,0,4,4,16,0,133
2110408,59,0,12,0,38,50,3,14,8,25,75,0,6,3,8,17,3,3,3,9,26,0,160
2110409,0,0,0,0,0,0,0,0,0,0,0,0,0,0,0,0,0,0,0,0,0,0,0
2110501,49,0,13,4,27,44,0,9,10,19,63,0,0,0,3,3,0,3,3,6,9,6,127
2110502,43,0,3,4,35,42,6,8,6,20,62,0,3,0,3,6,3,3,3,9,15,0,120
2110503,67,0,12,0,36,48,4,16,9,29,77,0,0,0,8,8,0,0,0,0,8,0,152
2110504,50,4,7,7,51,69,6,9,7,22,91,0,7,0,6,13,0,0,12,12,25,5,171
2110505,59,0,12,0,44,56,5,0,8,13,69,4,3,0,13,20,0,5,8,13,33,8,169
2110506,35,3,8,0,32,43,0,5,4,9,52,0,0,0,10,10,3,3,8,14,24,3,114
2110507,46,0,10,0,43,53,0,0,9,9,62,0,4,0,8,12,0,4,7,11,23,3,134
2110508,55,3,6,0,51,60,0,9,11,20,80,4,0,0,9,13,0,4,7,11,24,5,164
2110601,84,5,5,0,40,50,3,4,13,20,70,0,0,0,7,7,0,0,7,7,14,5,173
2110602,41,0,5,5,14,24,0,3,3,6,30,0,0,0,5,5,0,0,4,4,9,0,80
2110603,40,0,5,0,5,10,0,0,0,0,10,0,0,0,0,0,0,0,6,6,6,0,56
2110604,67,0,4,0,11,15,0,3,9,12,27,3,3,0,3,9,0,0,3,3,12,0,106
2110605,90,0,5,0,32,37,0,0,12,12,49,0,0,0,7,7,0,0,3,3,10,4,153
2110606,52,0,3,3,8,14,3,0,5,8,22,0,3,0,0,3,0,0,3,3,6,0,80
2110607,53,0,8,0,9,17,0,4,5,9,26,0,3,0,6,9,0,3,10,13,22,0,101
2110608,59,0,4,0,13,17,0,0,8,8,25,0,0,0,8,8,4,0,5,9,17,0,101
2110609,46,0,5,0,11,16,0,0,5,5,21,0,5,0,0,5,0,0,3,3,8,3,78
2110610,54,3,0,0,3,6,0,3,0,3,9,0,0,0,7,7,0,0,0,0,7,4,74
2110701,58,0,8,0,36,44,5,3,12,20,64,0,0,0,9,9,0,3,14,17,26,0,148
2110702,70,0,10,0,25,35,0,7,10,17,52,0,0,4,18,22,0,0,8,8,30,10,162
2110703,40,0,4,3,31,38,4,0,5,9,47,0,3,4,20,27,0,5,23,28,55,6,148
2110704,56,0,0,4,59,63,0,6,17,23,86,0,0,0,14,14,0,10,7,17,31,0,173
2110705,44,0,3,3,45,51,5,4,10,19,70,0,3,3,11,17,0,8,12,20,37,4,155
2110706,66,0,4,0,42,46,0,3,11,14,60,0,0,0,11,11,0,3,13,16,27,5,158
2110707,54,0,9,0,27,36,3,8,11,22,58,0,0,0,3,3,7,3,12,22,25,3,140
2110708,67,0,7,0,63,70,4,7,20,31,101,0,5,0,8,13,0,0,15,15,28,4,200
2110709,40,0,3,3,26,32,0,0,11,11,43,0,0,0,15,15,0,0,22,22,37,5,125
2110801,52,0,4,0,25,29,0,0,10,10,39,0,5,0,10,15,3,6,14,23,38,5,134
2110802,25,0,0,0,10,10,0,3,5,8,18,0,0,0,3,3,0,0,5,5,8,3,54
2110803,35,0,3,3,3,9,0,0,4,4,13,0,0,0,5,5,0,4,4,8,13,0,61
2110804,43,0,3,0,5,8,4,3,4,11,19,0,0,0,4,4,0,0,7,7,11,0,73
2110805,60,0,3,0,13,16,0,0,9,9,25,0,0,0,17,17,0,3,12,15,32,4,121
2110806,26,0,0,0,26,26,3,0,14,17,43,0,0,0,7,7,0,0,3,3,10,5,84
2110807,61,0,6,0,18,24,0,6,5,11,35,0,6,0,9,15,0,8,9,17,32,5,133
2110808,51,4,0,0,18,22,3,9,8,20,42,0,3,0,14,17,6,0,0,6,23,3,119
2110809,30,0,0,0,26,26,6,0,7,13,39,0,0,0,5,5,5,0,5,10,15,4,88
2110810,41,0,0,4,31,35,3,0,14,17,52,0,5,0,12,17,0,5,6,11,28,3,124
2110811,73,0,3,0,34,37,0,9,7,16,53,0,3,0,23,26,0,0,9,9,35,8,169
2110812,69,0,5,4,26,35,0,5,10,15,50,0,0,3,25,28,3,0,12,15,43,0,162
2110813,37,0,4,0,13,17,0,4,4,8,25,0,0,0,0,0,3,3,3,9,9,4,75
2110814,26,0,4,0,10,14,0,3,0,3,17,0,0,0,4,4,0,0,0,0,4,0,47
2110901,115,5,18,0,64,87,12,32,31,75,162,0,6,0,7,13,0,6,6,12,25,0,302
2110902,47,4,16,6,41,67,5,14,15,34,101,0,3,0,3,6,0,3,0,3,9,0,157
2110903,68,3,21,3,58,85,12,28,19,59,144,0,6,0,6,12,0,0,5,5,17,0,229
2110904,67,0,8,3,35,46,3,7,17,27,73,0,4,0,0,4,0,0,11,11,15,3,158
2110905,74,0,9,0,35,44,7,8,9,24,68,4,0,3,7,14,0,0,12,12,26,3,171
2110906,44,0,7,0,12,19,4,5,12,21,40,0,0,0,7,7,3,3,7,13,20,0,104
2110907,88,0,4,0,28,32,3,7,13,23,55,0,0,3,6,9,0,4,12,16,25,3,171
2110908,90,4,20,3,46,73,9,26,23,58,131,0,5,0,11,16,0,6,11,17,33,3,257
2110909,62,0,7,0,25,32,8,0,10,18,50,0,5,0,9,14,3,0,10,13,27,0,139
2110910,122,0,14,5,41,60,8,8,16,32,92,0,0,0,10,10,0,0,11,11,21,0,235
2110911,43,3,12,4,45,64,9,13,17,39,103,0,0,0,10,10,0,0,0,0,10,0,156
2110912,36,0,9,3,38,50,4,9,11,24,74,0,0,0,7,7,0,0,0,0,7,0,117
2111001,111,0,11,5,56,72,13,16,19,48,120,0,4,0,4,8,3,3,4,10,18,4,253
2111002,64,0,5,0,40,45,7,14,7,28,73,0,3,0,11,14,0,4,8,12,26,0,163
2111003,88,0,6,3,18,27,0,5,13,18,45,0,6,0,10,16,4,3,6,13,29,0,162
2111004,99,3,11,3,47,64,4,7,8,19,83,0,6,0,8,14,5,7,15,27,41,0,223
2111005,54,0,6,0,31,37,0,0,9,9,46,0,5,0,9,14,0,3,8,11,25,0,125
2111006,43,0,9,0,28,37,3,8,3,14,51,0,4,0,3,7,0,0,11,11,18,0,112
2111007,67,0,7,0,37,44,4,8,8,20,64,0,4,0,12,16,5,6,0,11,27,0,158
2111008,82,0,13,0,33,46,4,10,16,30,76,0,0,0,5,5,0,3,9,12,17,0,175
2111009,43,0,9,0,27,36,0,0,7,7,43,0,0,0,5,5,0,3,8,11,16,4,106
2111010,65,3,13,5,54,75,3,15,11,29,104,0,0,0,5,5,0,6,7,13,18,0,187
2111011,72,0,5,0,25,30,0,6,9,15,45,0,6,0,6,12,0,7,5,12,24,9,150
2111012,65,3,9,0,31,43,6,5,7,18,61,0,5,0,3,8,0,0,6,6,14,3,143
2111101,54,3,19,4,39,65,0,15,16,31,96,0,3,0,4,7,0,5,3,8,15,0,165
2111102,54,0,3,0,26,29,3,3,11,17,46,0,0,0,3,3,0,3,7,10,13,0,113
2111103,54,0,7,4,33,44,8,6,4,18,62,0,4,0,16,20,0,4,4,8,28,0,144
2111104,63,0,0,0,51,51,0,0,9,9,60,0,0,0,9,9,0,10,13,23,32,5,160
2111105,93,0,5,0,36,41,3,5,23,31,72,0,0,0,16,16,0,0,11,11,27,3,195
2111106,35,0,10,0,56,66,0,12,5,17,83,0,0,0,3,3,0,5,0,5,8,3,129
2111107,64,0,7,0,42,49,4,11,8,23,72,0,8,0,3,11,0,6,9,15,26,0,162
2111108,92,0,5,0,40,45,4,3,15,22,67,0,3,0,17,20,0,4,10,14,34,5,198
2111109,98,0,10,0,42,52,6,3,18,27,79,0,3,0,14,17,0,7,12,19,36,4,217
2111110,78,0,13,3,80,96,5,6,10,21,117,0,0,0,13,13,3,4,7,14,27,0,222
2111111,78,0,20,0,43,63,10,4,18,32,95,0,0,0,13,13,3,4,5,12,25,0,198
2111112,73,0,12,6,65,83,9,13,15,37,120,0,0,0,4,4,5,0,5,10,14,7,214
2111113,26,0,6,6,57,69,0,7,5,12,81,0,0,3,7,10,0,0,0,0,10,0,117
2111114,93,0,25,6,107,138,7,7,12,26,164,0,5,0,10,15,0,0,9,9,24,4,285
2111115,50,0,7,5,53,65,4,11,3,18,83,0,5,0,12,17,3,0,4,7,24,0,157
2111116,4,0,0,0,0,0,0,0,0,0,0,0,0,0,0,0,0,0,0,0,0,0,4
2111117,80,0,14,0,91,105,8,19,30,57,162,0,0,0,3,3,0,3,3,6,9,0,251
2111201,50,0,6,0,24,30,0,0,9,9,39,0,0,3,5,8,0,4,9,13,21,0,110
2111202,83,3,4,3,35,45,6,5,17,28,73,0,3,0,14,17,0,8,7,15,32,4,192
2111203,43,7,0,0,21,28,0,5,7,12,40,0,0,0,7,7,6,0,9,15,22,3,108
2111204,76,4,6,0,52,62,3,3,22,28,90,0,5,0,13,18,4,0,10,14,32,4,202
2111205,45,0,3,0,20,23,0,4,5,9,32,0,0,0,17,17,0,4,6,10,27,4,108
2111206,54,0,3,3,33,39,3,6,10,19,58,0,3,3,3,9,4,3,8,15,24,0,136
2111207,91,3,7,3,29,42,0,11,21,32,74,3,6,0,13,22,3,0,8,11,33,0,198
2111208,44,0,5,0,14,19,0,0,0,0,19,0,0,0,7,7,0,3,5,8,15,0,78
2111209,53,3,4,0,27,34,3,8,7,18,52,0,0,0,16,16,0,0,10,10,26,3,134
2111210,38,0,4,4,17,25,4,0,0,4,29,0,0,0,5,5,0,0,7,7,12,4,83
2111211,81,0,4,4,24,32,4,8,15,27,59,0,3,0,21,24,3,4,17,24,48,0,188
2111212,78,3,11,3,37,54,9,13,16,38,92,0,3,3,14,20,0,5,6,11,31,4,205
2111301,18,0,5,0,8,13,5,3,5,13,26,0,0,0,3,3,0,0,3,3,6,0,50
2111302,50,3,3,3,24,33,0,5,8,13,46,0,0,0,0,0,0,0,4,4,4,0,100
2111303,50,0,3,3,31,37,12,8,14,34,71,0,0,0,9,9,0,0,4,4,13,0,134
2111304,26,0,10,0,24,34,3,3,7,13,47,0,0,0,7,7,0,0,4,4,11,7,91
2111305,39,0,0,5,27,32,3,3,9,15,47,0,0,0,4,4,3,0,8,11,15,0,101
2111306,20,0,7,0,20,27,0,0,8,8,35,0,0,0,4,4,0,0,7,7,11,0,66
2111307,83,0,16,9,120,145,11,4,13,28,173,0,3,0,23,26,3,0,9,12,38,4,298
2111308,54,4,10,5,39,58,6,4,23,33,91,0,0,0,0,0,0,0,4,4,4,0,149
2111309,34,3,6,5,52,66,0,0,19,19,85,0,4,0,37,41,0,0,3,3,44,3,166
2111310,70,0,16,3,54,73,3,5,23,31,104,0,0,0,8,8,4,0,6,10,18,0,192
2111311,36,9,3,5,27,44,0,6,24,30,74,0,12,8,54,74,0,7,8,15,89,4,203
2111312,66,0,12,4,34,50,6,0,29,35,85,0,7,5,29,41,0,0,22,22,63,0,214
2111313,53,0,26,0,83,109,11,0,26,37,146,0,4,3,9,16,0,0,5,5,21,3,223
2111314,107,0,22,9,133,164,3,11,27,41,205,0,0,4,20,24,0,0,9,9,33,4,349
2111315,14,3,0,3,9,15,0,4,4,8,23,0,0,0,0,0,0,0,4,4,4,0,41
2111316,70,5,16,6,51,78,5,7,23,35,113,0,0,0,6,6,0,0,10,10,16,0,199
2111401,38,0,9,0,11,20,0,10,12,22,42,0,0,0,4,4,0,4,0,4,8,0,88
2111402,38,0,6,0,42,48,5,4,11,20,68,4,0,0,7,11,0,0,5,5,16,0,122
2111403,108,0,7,0,42,49,0,4,16,20,69,0,0,0,8,8,4,3,4,11,19,5,201
2111404,25,0,4,0,12,16,3,0,10,13,29,0,5,0,0,5,0,0,5,5,10,0,64
2111405,62,0,7,0,47,54,10,12,12,34,88,0,7,0,10,17,0,0,8,8,25,5,180
2111406,45,0,3,0,22,25,0,7,4,11,36,0,5,0,3,8,0,3,3,6,14,0,95
2111407,44,0,4,5,28,37,3,3,3,9,46,0,0,4,5,9,0,4,0,4,13,0,103
2111408,52,0,0,3,34,37,0,0,25,25,62,0,4,0,21,25,0,0,17,17,42,4,160
2111409,60,5,11,0,30,46,0,3,19,22,68,0,8,0,4,12,0,0,0,0,12,0,140
2111410,48,3,7,0,24,34,0,3,3,6,40,0,3,0,3,6,0,0,0,0,6,0,94
2111411,75,0,13,4,54,71,8,0,18,26,97,0,0,6,23,29,5,4,11,20,49,3,224
2111412,0,0,0,0,0,0,0,0,0,0,0,0,0,0,0,0,0,0,0,0,0,0,0
2111413,10,0,3,0,5,8,0,3,3,6,14,0,0,0,0,0,0,0,0,0,0,0,24
2111414,46,0,10,0,87,97,6,4,6,16,113,0,0,0,18,18,0,5,4,9,27,0,186
2111415,38,0,0,4,39,43,0,0,12,12,55,0,3,0,7,10,6,0,0,6,16,0,109
2111416,93,3,7,8,65,83,0,4,15,19,102,0,5,0,21,26,0,8,0,8,34,0,229
2111501,60,3,3,3,16,25,5,5,10,20,45,0,5,0,12,17,3,3,13,19,36,0,141
2111502,89,0,5,4,34,43,4,0,17,21,64,0,3,0,12,15,0,4,13,17,32,6,191
2111503,49,0,13,3,23,39,0,3,11,14,53,0,0,0,11,11,0,4,6,10,21,0,123
2111504,59,0,8,0,26,34,0,5,16,21,55,0,3,0,23,26,0,6,11,17,43,5,162
2111505,39,0,0,3,11,14,0,3,7,10,24,0,3,0,9,12,0,4,7,11,23,0,86
2111506,64,0,4,4,14,22,3,3,12,18,40,0,4,4,9,17,0,3,13,16,33,0,137
2111507,28,0,0,0,13,13,0,0,8,8,21,0,4,0,5,9,0,0,6,6,15,0,64
2111508,33,0,5,0,8,13,4,0,5,9,22,0,0,0,9,9,0,3,4,7,16,5,76
2111509,37,0,3,0,13,16,0,3,5,8,24,0,0,0,15,15,0,0,7,7,22,0,83
2111510,82,0,8,8,44,60,4,5,25,34,94,0,4,0,17,21,0,0,20,20,41,3,220
2111511,54,0,7,0,24,31,0,0,11,11,42,0,0,0,11,11,0,6,11,17,28,0,124
2111512,39,4,4,3,17,28,0,4,9,13,41,0,5,0,13,18,0,0,11,11,29,0,109
2111601,55,3,8,0,22,33,4,7,14,25,58,0,0,0,3,3,0,3,3,6,9,0,122
2111602,77,4,13,0,74,91,4,7,12,23,114,0,4,4,16,24,0,6,9,15,39,0,230
2111603,63,3,10,0,35,48,7,4,22,33,81,0,0,0,7,7,0,0,8,8,15,0,159
2111604,75,4,11,0,25,40,3,4,10,17,57,0,7,0,8,15,0,3,9,12,27,5,164
2111605,63,5,5,3,27,40,4,6,16,26,66,0,0,0,6,6,3,0,3,6,12,0,141
2111606,74,3,21,0,57,81,7,10,31,48,129,0,0,3,4,7,0,0,7,7,14,3,220
2111607,71,0,11,3,18,32,7,0,23,30,62,0,0,0,16,16,5,0,11,16,32,0,165
2111608,110,3,21,5,52,81,12,14,27,53,134,0,7,0,9,16,4,0,15,19,35,4,283
2111609,88,0,6,0,58,64,10,8,13,31,95,0,3,0,8,11,0,5,5,10,21,0,204
2111610,108,0,10,4,42,56,4,6,22,32,88,0,3,0,14,17,0,0,0,0,17,0,213
2111611,52,3,5,0,44,52,0,8,7,15,67,0,3,0,7,10,0,4,0,4,14,3,136
2111612,79,4,6,7,105,122,8,4,20,32,154,0,0,0,11,11,0,0,6,6,17,0,250
2111613,45,0,7,0,43,50,5,6,12,23,73,0,3,0,7,10,0,0,4,4,14,0,132
2111701,89,4,10,3,32,49,5,6,17,28,77,0,4,0,10,14,0,0,9,9,23,0,189
2111702,64,0,9,0,33,42,6,7,16,29,71,0,0,0,5,5,5,0,5,10,15,0,150
2111703,42,3,5,0,29,37,7,11,3,21,58,0,0,0,16,16,0,5,5,10,26,0,126
2111704,47,3,9,0,19,31,0,8,8,16,47,0,0,0,3,3,0,0,10,10,13,6,113
2111705,66,0,5,0,30,35,0,4,10,14,49,3,3,0,12,18,0,3,7,10,28,0,143
2111706,36,0,3,0,14,17,0,5,8,13,30,0,3,0,0,3,0,3,6,9,12,0,78
2111707,35,0,0,0,13,13,0,4,6,10,23,0,4,0,4,8,0,0,3,3,11,0,69
2111708,43,0,0,0,14,14,0,3,6,9,23,0,4,0,4,8,0,5,3,8,16,7,89
2111709,47,0,11,0,8,19,6,6,4,16,35,0,0,0,9,9,0,6,5,11,20,0,102
2111710,45,0,0,0,15,15,4,0,5,9,24,0,0,0,5,5,0,0,4,4,9,0,78
2111711,56,0,0,0,30,30,5,3,8,16,46,0,0,0,8,8,0,7,0,7,15,0,117
2111712,50,4,4,0,18,26,0,7,11,18,44,0,0,0,12,12,0,3,3,6,18,0,112
2111713,35,0,3,0,7,10,6,10,6,22,32,0,0,0,3,3,0,0,0,0,3,0,70
2111801,87,3,23,0,94,120,7,18,11,36,156,3,9,0,17,29,3,5,4,12,41,0,284
2111802,79,4,17,4,62,87,8,6,12,26,113,0,4,0,10,14,0,0,10,10,24,3,219
2111803,30,0,5,0,17,22,6,5,7,18,40,0,0,0,0,0,3,3,3,9,9,0,79
2111804,59,0,20,3,32,55,5,16,12,33,88,0,3,0,3,6,0,3,3,6,12,0,159
2111805,92,0,19,3,78,100,8,13,8,29,129,0,10,3,15,28,0,0,10,10,38,0,259
2111806,48,3,3,3,34,43,0,5,7,12,55,0,0,3,15,18,0,4,4,8,26,3,132
2111807,77,0,11,0,53,64,4,3,14,21,85,4,6,0,15,25,0,0,6,6,31,0,193
2111808,79,0,4,0,37,41,6,4,9,19,60,4,6,0,0,10,3,0,5,8,18,0,157
2111809,49,0,16,0,30,46,7,3,4,14,60,0,0,0,9,9,0,5,5,10,19,0,128
2111810,63,0,8,7,32,47,5,4,4,13,60,0,5,0,16,21,0,6,10,16,37,0,160
2111811,50,0,0,0,25,25,0,0,10,10,35,0,0,0,0,0,0,0,3,3,3,0,88
2111812,56,0,5,3,33,41,6,3,11,20,61,0,3,3,10,16,0,7,0,7,23,4,144
2111813,15,3,4,0,6,13,0,0,8,8,21,0,0,0,7,7,0,0,3,3,10,0,46
2111814,46,4,5,3,28,40,0,5,8,13,53,0,0,0,10,10,0,8,0,8,18,0,117
2111901,82,3,25,6,87,121,8,24,29,61,182,0,3,0,11,14,0,5,0,5,19,0,283
2111902,67,0,7,0,41,48,6,0,21,27,75,0,4,0,14,18,5,0,6,11,29,6,177
2111903,62,4,0,0,23,27,6,13,15,34,61,0,5,0,4,9,0,0,10,10,19,5,147
2111904,47,3,3,3,21,30,0,3,3,6,36,0,3,0,8,11,0,6,17,23,34,0,117
2111905,73,0,11,0,28,39,0,9,12,21,60,0,0,4,11,15,0,4,15,19,34,6,173
2111906,44,0,5,4,14,23,0,5,11,16,39,3,4,0,8,15,0,0,4,4,19,0,102
2111907,75,0,13,0,27,40,7,6,9,22,62,0,4,0,16,20,0,0,13,13,33,0,170
2111908,41,0,15,0,22,37,3,0,7,10,47,0,3,0,3,6,0,7,5,12,18,3,109
2111909,47,0,3,3,21,27,0,5,8,13,40,0,0,0,14,14,0,0,6,6,20,4,111
2111910,81,0,10,5,31,46,6,6,9,21,67,0,5,0,20,25,0,5,14,19,44,3,195
2111911,68,0,0,0,38,38,5,0,15,20,58,0,4,0,13,17,4,0,11,15,32,7,165
2112001,66,0,0,3,5,8,0,0,10,10,18,0,0,3,3,6,0,0,3,3,9,0,93
2112002,42,0,0,0,10,10,0,0,7,7,17,0,3,0,3,6,0,3,0,3,9,0,68
2112003,32,0,0,0,3,3,0,0,0,0,3,0,3,0,0,3,0,0,0,0,3,3,41
2112004,32,0,0,0,0,0,0,0,0,0,0,0,0,0,7,7,0,3,3,6,13,0,45
2112005,52,0,3,3,9,15,0,0,7,7,22,0,0,0,0,0,0,0,7,7,7,0,81
2112006,45,0,0,0,8,8,0,0,0,0,8,0,0,0,3,3,0,0,3,3,6,0,59
2112007,56,0,6,0,6,12,0,0,3,3,15,0,0,0,6,6,0,5,3,8,14,3,88
2112008,38,0,3,0,12,15,0,0,5,5,20,0,0,0,0,0,0,5,9,14,14,0,72
2112009,48,0,3,4,0,7,0,6,0,6,13,0,3,0,3,6,0,0,5,5,11,0,72
2112101,16,0,4,0,14,18,0,3,3,6,24,0,0,0,0,0,0,0,0,0,0,0,40
2112102,57,0,5,0,15,20,3,7,3,13,33,0,0,0,10,10,0,3,7,10,20,0,110
2112103,58,0,0,0,11,11,0,6,6,12,23,0,0,0,3,3,0,0,4,4,7,0,88
2112104,64,0,3,3,26,32,3,5,9,17,49,0,0,0,0,0,0,3,6,9,9,0,122
2112105,42,0,0,0,6,6,6,0,0,6,12,0,0,0,0,0,0,5,0,5,5,0,59
2112106,23,0,0,0,5,5,0,5,0,5,10,0,0,0,3,3,3,3,0,6,9,0,42
2112107,21,0,0,0,8,8,0,0,0,0,8,0,0,0,0,0,0,0,0,0,0,0,29
2112108,25,0,0,0,6,6,0,0,0,0,6,0,0,0,3,3,0,3,0,3,6,3,40
2112109,51,0,7,4,36,47,7,4,6,17,64,0,3,0,4,7,0,0,5,5,12,3,130
2112110,57,0,3,0,29,32,0,3,6,9,41,0,3,0,3,6,0,0,9,9,15,0,113
2112111,0,0,0,0,0,0,0,0,0,0,0,0,0,0,0,0,0,0,0,0,0,0,0
2112201,79,0,7,4,56,67,11,4,27,42,109,0,7,0,37,44,0,4,19,23,67,5,260
2112202,80,0,6,6,19,31,3,7,6,16,47,0,3,0,21,24,0,4,17,21,45,4,176
2112203,62,0,3,3,24,30,0,6,16,22,52,0,0,0,23,23,0,0,21,21,44,3,161
2112204,39,0,3,3,20,26,0,0,5,5,31,0,0,4,32,36,0,6,16,22,58,3,131
2112205,23,0,4,0,9,13,0,3,4,7,20,0,3,3,28,34,0,0,13,13,47,0,90
2112206,62,0,8,0,14,22,0,0,9,9,31,0,4,4,23,31,0,7,26,33,64,6,163
2112207,27,0,6,0,26,32,3,3,9,15,47,0,0,5,20,25,0,6,20,26,51,4,129
2112208,20,3,0,0,13,16,0,0,8,8,24,0,0,5,12,17,0,4,18,22,39,0,83
2112209,71,0,13,6,35,54,11,4,42,57,111,3,4,0,23,30,3,3,21,27,57,4,243
2112210,56,0,8,0,32,40,5,4,21,30,70,0,0,8,16,24,0,3,10,13,37,4,167
2112301,65,0,13,0,56,69,7,10,17,34,103,0,3,0,11,14,3,0,4,7,21,0,189
2112302,63,0,9,3,29,41,4,4,7,15,56,0,6,0,12,18,0,3,8,11,29,0,148
2112303,69,0,12,5,40,57,3,14,22,39,96,0,0,0,0,0,0,0,11,11,11,0,176
2112304,80,0,11,6,59,76,9,11,28,48,124,0,4,0,13,17,0,5,0,5,22,0,226
2112305,43,0,11,0,70,81,6,4,20,30,111,3,0,0,9,12,0,0,10,10,22,0,176
2112306,86,0,10,0,37,47,8,9,26,43,90,0,4,3,14,21,0,5,9,14,35,3,214
2112307,45,0,10,6,36,52,6,5,14,25,77,0,11,0,12,23,5,0,9,14,37,0,159
2112308,87,4,12,6,81,103,12,11,18,41,144,0,0,0,11,11,6,0,13,19,30,3,264
2112309,70,3,13,0,73,89,5,6,19,30,119,0,3,3,15,21,0,3,4,7,28,3,220
2112310,63,5,8,5,60,78,10,5,15,30,108,0,3,0,23,26,3,4,6,13,39,3,213
2112311,49,0,11,4,49,64,3,9,20,32,96,0,0,0,11,11,0,0,9,9,20,0,165
2112312,62,0,7,8,57,72,5,9,14,28,100,3,0,0,14,17,0,6,6,12,29,0,191
2112313,0,0,0,0,0,0,0,0,0,0,0,0,0,0,0,0,0,0,0,0,0,0,0
2112314,47,0,9,0,39,48,0,5,12,17,65,0,4,0,9,13,0,0,6,6,19,0,131
2112401,91,3,11,0,34,48,3,4,11,18,66,3,0,0,17,20,3,3,6,12,32,3,192
2112402,70,0,12,5,37,54,4,3,10,17,71,0,4,4,13,21,0,4,9,13,34,0,175
2112403,100,0,12,0,35,47,3,6,17,26,73,0,4,0,18,22,0,9,4,13,35,0,208
2112404,103,0,0,5,28,33,5,0,9,14,47,0,0,0,10,10,0,8,5,13,23,0,173
2112405,60,0,6,3,54,63,0,7,15,22,85,0,0,0,12,12,0,5,6,11,23,0,168
2112406,55,3,3,3,34,43,3,8,11,22,65,0,0,4,9,13,0,3,4,7,20,3,143
2112407,97,0,26,0,69,95,9,13,16,38,133,0,0,0,12,12,0,0,0,0,12,7,249
2112408,79,0,0,0,36,36,4,5,12,21,57,0,0,3,4,7,3,3,6,12,19,0,155
2112409,57,0,9,0,47,56,4,6,10,20,76,0,9,0,13,22,0,0,5,5,27,4,164
2112410,69,3,11,0,48,62,3,9,9,21,83,0,5,0,12,17,0,8,3,11,28,0,180
2112411,101,5,10,4,52,71,7,12,15,34,105,0,4,0,12,16,0,4,10,14,30,4,240
2112412,103,0,10,0,37,47,5,3,15,23,70,0,4,5,17,26,0,6,0,6,32,0,205
2112413,38,0,6,4,17,27,0,0,4,4,31,0,3,0,4,7,3,3,3,9,16,0,85
2112414,51,6,9,0,44,59,3,4,8,15,74,0,0,3,5,8,0,0,5,5,13,3,141
2112415,81,5,8,0,37,50,4,12,10,26,76,3,3,0,11,17,6,5,0,11,28,0,185
2112501,79,3,7,3,55,68,5,7,16,28,96,0,4,0,23,27,0,0,9,9,36,3,214
2112502,64,0,3,3,33,39,4,12,14,30,69,0,3,0,11,14,5,0,7,12,26,5,164
2112503,111,3,9,4,59,75,3,4,23,30,105,0,5,4,14,23,0,8,14,22,45,3,264
2112504,64,0,9,0,28,37,7,3,24,34,71,0,3,0,15,18,3,0,6,9,27,4,166
2112505,115,0,8,0,32,40,0,0,26,26,66,3,5,0,24,32,0,8,12,20,52,4,237
2112506,103,0,13,0,39,52,4,8,35,47,99,0,5,5,7,17,3,3,11,17,34,4,240
2112507,60,0,10,4,23,37,4,6,15,25,62,3,0,3,5,11,3,4,8,15,26,3,151
2112508,102,5,3,3,43,54,8,6,28,42,96,0,0,0,12,12,6,5,10,21,33,6,237
2112509,77,0,14,6,70,90,7,23,23,53,143,0,3,4,14,21,3,4,3,10,31,4,255
2112510,68,0,4,0,37,41,0,14,16,30,71,0,6,0,11,17,0,3,5,8,25,0,164
2112511,89,4,8,3,33,48,9,11,28,48,96,0,5,0,8,13,0,5,19,24,37,3,225
2112512,96,0,20,4,79,103,13,21,24,58,161,0,0,0,8,8,0,8,5,13,21,0,278
2112513,102,5,8,0,30,43,4,5,10,19,62,0,4,0,5,9,0,0,7,7,16,0,180
2112514,45,3,5,3,35,46,5,7,11,23,69,0,3,0,3,6,0,0,3,3,9,0,123
2112601,24,0,7,0,15,22,6,0,4,10,32,0,3,4,10,17,5,0,9,14,31,3,90
2112602,57,4,7,3,50,64,7,8,14,29,93,0,5,4,23,32,3,5,6,14,46,0,196
2112603,48,0,3,3,15,21,5,0,11,16,37,0,0,0,15,15,0,3,12,15,30,5,120
2112604,33,0,3,3,31,37,4,0,19,23,60,0,5,5,35,45,0,5,13,18,63,0,156
2112605,68,0,9,5,25,39,0,5,21,26,65,3,5,3,18,29,3,3,18,24,53,0,186
2112606,45,0,11,0,58,69,4,8,13,25,94,0,6,3,33,42,0,0,10,10,52,3,194
2112607,52,4,6,3,39,52,3,3,14,20,72,0,0,3,14,17,4,0,11,15,32,3,159
2112608,61,5,4,4,22,35,3,7,16,26,61,0,4,0,20,24,0,6,17,23,47,3,172
2112609,39,0,0,4,12,16,4,0,12,16,32,0,0,0,6,6,4,0,11,15,21,0,92
2112610,46,0,4,0,17,21,3,0,11,14,35,0,0,0,11,11,0,0,16,16,27,5,113
2112611,82,0,14,10,84,108,10,7,29,46,154,0,5,6,43,54,0,7,13,20,74,7,317
2112612,64,4,14,8,55,81,8,17,17,42,123,3,4,5,34,46,5,6,17,28,74,4,265
2112613,13,3,3,0,22,28,0,4,5,9,37,0,0,0,0,0,0,0,0,0,0,0,50
2112701,76,0,8,4,44,56,3,7,18,28,84,4,3,3,15,25,0,5,20,25,50,3,213
2112702,37,0,4,0,9,13,0,0,14,14,27,0,5,0,12,17,0,0,12,12,29,3,96
2112703,41,4,0,0,17,21,0,0,14,14,35,0,0,3,19,22,0,3,14,17,39,7,122
2112704,13,0,5,0,17,22,3,7,3,13,35,0,3,0,0,3,0,0,0,0,3,0,51
2112705,31,4,0,0,12,16,3,3,8,14,30,0,0,0,21,21,0,0,11,11,32,5,98
2112706,78,4,5,3,27,39,3,0,18,21,60,0,0,4,21,25,4,0,5,9,34,4,176
2112707,39,0,0,5,16,21,0,4,9,13,34,0,5,0,38,43,0,4,16,20,63,6,142
2112708,35,0,3,0,22,25,0,0,11,11,36,0,0,0,23,23,3,3,13,19,42,0,113
2112709,37,0,0,3,17,20,0,3,3,6,26,0,3,5,21,29,0,0,13,13,42,0,105
2112710,40,0,4,0,13,17,0,4,8,12,29,0,0,0,32,32,0,0,15,15,47,0,116
2112711,31,0,3,3,10,16,0,0,5,5,21,0,5,0,12,17,0,0,0,0,17,5,74
2112712,0,0,0,0,0,0,0,0,0,0,0,0,0,0,0,0,0,0,0,0,0,0,0
2112713,35,0,4,0,12,16,3,3,6,12,28,0,0,0,12,12,0,0,6,6,18,0,81
2112801,63,0,6,3,32,41,6,3,22,31,72,0,8,3,32,43,0,0,17,17,60,4,199
2112802,65,0,21,0,79,100,11,6,23,40,140,6,0,0,8,14,3,3,4,10,24,0,229
2112803,108,0,23,5,83,111,6,14,26,46,157,0,9,0,20,29,4,0,6,10,39,0,304
2112804,105,4,14,4,84,106,8,15,15,38,144,0,3,3,13,19,0,5,4,9,28,0,277
2112805,103,0,8,0,50,58,4,4,20,28,86,3,3,3,10,19,0,0,11,11,30,3,222
2112806,68,5,10,5,30,50,4,9,28,41,91,0,3,0,5,8,3,0,10,13,21,0,180
2112807,81,4,10,0,38,52,0,6,21,27,79,0,0,0,17,17,0,5,9,14,31,6,197
2112808,58,0,10,0,24,34,4,0,14,18,52,0,4,0,8,12,3,0,3,6,18,4,132
2112809,62,0,3,3,23,29,0,0,21,21,50,0,6,0,7,13,3,0,10,13,26,0,138
2112810,43,0,4,9,20,33,0,3,6,9,42,0,4,3,48,55,0,6,14,20,75,3,163
2112811,43,4,4,5,31,44,8,0,17,25,69,0,0,4,35,39,0,3,7,10,49,0,161
2112812,28,0,3,3,28,34,0,4,12,16,50,0,6,5,26,37,0,3,11,14,51,3,132
2112813,70,0,4,5,31,40,3,5,16,24,64,0,6,3,9,18,0,0,11,11,29,0,163
2112814,7,0,4,0,3,7,0,0,5,5,12,0,0,4,9,13,0,0,0,0,13,4,36
2112815,16,0,3,0,8,11,0,0,6,6,17,0,0,0,9,9,0,0,0,0,9,0,42
2112816,70,0,9,6,92,107,7,5,17,29,136,0,3,3,11,17,3,4,5,12,29,5,240
2112817,37,0,11,5,52,68,4,6,8,18,86,0,3,0,16,19,0,0,6,6,25,0,148
2112901,121,4,5,4,31,44,6,5,17,28,72,3,3,3,19,28,5,4,22,31,59,3,255
2112902,51,0,5,4,33,42,3,5,23,31,73,0,5,4,4,13,0,6,10,16,29,0,153
2112903,39,0,0,0,16,16,0,0,6,6,22,0,0,4,26,30,0,0,15,15,45,0,106
2112904,64,0,0,6,22,28,3,3,21,27,55,0,4,0,7,11,0,0,8,8,19,0,138
2112905,85,4,22,5,62,93,7,13,28,48,141,0,4,4,21,29,0,4,17,21,50,9,285
2112906,58,0,10,0,13,23,6,0,15,21,44,0,0,4,12,16,0,0,12,12,28,0,130
2112907,81,0,13,8,34,55,8,6,31,45,100,0,3,6,18,27,0,5,29,34,61,0,242
2112908,49,3,3,4,13,23,0,0,13,13,36,0,3,0,8,11,0,0,0,0,11,0,96
2112909,70,0,6,0,35,41,0,5,21,26,67,0,0,0,5,5,5,0,6,11,16,3,156
2112910,79,0,11,4,40,55,7,11,30,48,103,0,4,0,14,18,0,3,13,16,34,4,220
2112911,72,6,19,0,42,67,8,13,32,53,120,3,0,0,21,24,4,3,9,16,40,4,236
2112912,42,0,6,5,20,31,4,4,8,16,47,0,0,0,12,12,3,3,3,9,21,0,110
2112913,76,0,7,8,49,64,0,3,23,26,90,0,0,0,4,4,0,3,5,8,12,0,178
2113001,58,0,9,0,25,34,7,9,19,35,69,0,0,0,13,13,0,0,12,12,25,5,157
2113002,54,5,0,3,27,35,0,4,8,12,47,0,4,0,9,13,0,6,8,14,27,8,136
2113003,50,0,0,0,23,23,3,0,13,16,39,0,0,0,8,8,0,0,10,10,18,7,114
2113004,49,0,6,0,25,31,0,3,23,26,57,0,3,0,10,13,3,3,24,30,43,3,152
2113005,105,0,4,0,36,40,4,6,38,48,88,0,3,3,11,17,0,0,9,9,26,0,219
2113006,52,0,4,0,11,15,0,7,15,22,37,0,5,0,6,11,3,0,3,6,17,3,109
2113007,61,0,0,5,20,25,0,7,17,24,49,0,3,0,13,16,0,3,11,14,30,5,145
2113008,32,0,4,0,3,7,0,0,5,5,12,0,3,0,0,3,3,3,6,12,15,0,59
2113009,68,0,5,3,26,34,0,7,9,16,50,0,6,0,14,20,0,3,22,25,45,7,170
2113010,93,3,15,6,46,70,9,15,34,58,128,0,3,0,6,9,4,0,13,17,26,0,247
2120101,22,5,9,7,31,52,7,3,21,31,83,0,4,4,23,31,0,3,6,9,40,0,145
2120102,45,4,8,5,48,65,3,7,22,32,97,3,3,3,20,29,3,0,10,13,42,3,187
2120103,64,0,9,0,30,39,8,10,19,37,76,0,0,3,12,15,4,5,8,17,32,0,172
2120104,54,0,0,3,15,18,4,0,15,19,37,0,0,0,12,12,0,3,6,9,21,0,112
2120106,37,3,5,3,19,30,11,6,23,40,70,3,0,0,0,3,0,0,4,4,7,0,114
2120108,33,5,13,7,27,52,13,5,28,46,98,0,0,0,4,4,0,0,8,8,12,0,143
2120109,45,0,23,8,87,118,13,11,23,47,165,0,4,3,11,18,0,4,8,12,30,4,244
2120110,23,0,6,0,22,28,0,5,11,16,44,0,0,0,27,27,3,0,4,7,34,3,104
2120111,42,0,13,4,44,61,4,7,19,30,91,0,3,0,12,15,0,3,6,9,24,0,157
2120112,51,8,20,6,64,98,8,12,26,46,144,3,0,0,14,17,3,3,9,15,32,0,227
2120113,25,0,4,4,30,38,0,3,12,15,53,0,0,0,10,10,0,3,4,7,17,0,95
2120114,0,0,0,0,0,0,0,0,0,0,0,0,0,0,0,0,0,0,0,0,0,0,0
2120115,11,6,6,0,29,41,0,0,9,9,50,0,0,0,0,0,0,0,0,0,0,0,61
2120116,37,5,8,9,85,107,5,0,11,16,123,3,4,0,20,27,0,0,6,6,33,0,193
2120117,65,0,18,8,83,109,8,5,12,25,134,3,5,3,18,29,3,0,4,7,36,3,238
2120118,53,5,6,0,20,31,5,7,14,26,57,0,6,3,6,15,0,0,11,11,26,3,139
2120119,94,3,11,4,101,119,7,10,8,25,144,0,8,0,31,39,3,4,4,11,50,8,296
2120120,25,4,5,3,46,58,0,7,17,24,82,0,5,0,16,21,4,0,4,8,29,0,136
2120121,24,0,0,0,42,42,0,0,9,9,51,0,0,0,12,12,0,0,7,7,19,0,94
2120122,43,3,4,3,46,56,5,7,10,22,78,0,9,0,15,24,5,4,0,9,33,0,154
2120123,55,3,15,4,63,85,11,12,22,45,130,0,12,0,21,33,0,4,8,12,45,0,230
2120124,48,4,5,6,51,66,8,9,14,31,97,0,0,0,9,9,0,0,3,3,12,0,157
2120125,65,0,8,7,75,90,5,5,4,14,104,0,3,3,27,33,0,0,5,5,38,4,211
2120126,54,4,13,4,43,64,12,11,9,32,96,0,3,0,25,28,0,0,6,6,34,0,184
2120201,49,5,4,5,41,55,10,12,21,43,98,0,0,0,24,24,0,0,19,19,43,0,190
2120202,57,6,13,7,67,93,0,9,10,19,112,0,4,0,19,23,4,0,7,11,34,0,203
2120203,39,4,7,5,36,52,7,5,27,39,91,0,0,3,16,19,0,7,5,12,31,0,161
2120204,68,0,14,0,31,45,4,4,26,34,79,0,5,0,19,24,0,3,18,21,45,0,192
2120205,74,0,14,5,51,70,13,9,31,53,123,4,3,5,25,37,4,10,21,35,72,0,269
2120206,56,0,9,3,27,39,6,0,14,20,59,0,10,0,18,28,6,0,18,24,52,0,167
2120207,58,0,3,4,38,45,4,4,30,38,83,0,0,5,28,33,0,5,12,17,50,0,191
2120208,56,4,12,0,21,37,8,3,17,28,65,5,3,5,22,35,0,8,17,25,60,3,184
2120209,66,3,9,4,36,52,4,10,24,38,90,3,0,0,25,28,0,5,23,28,56,0,212
2120210,26,0,3,4,8,15,0,0,13,13,28,0,3,0,17,20,0,3,8,11,31,0,85
2120211,69,0,4,6,51,61,10,12,28,50,111,0,7,0,17,24,0,8,16,24,48,0,228
2120212,41,6,7,4,36,53,8,9,24,41,94,0,3,3,11,17,0,0,9,9,26,0,161
2120213,46,3,9,7,30,49,11,5,15,31,80,4,3,0,15,22,3,3,3,9,31,3,160
2120301,80,0,8,8,41,57,10,7,26,43,100,0,4,6,33,43,6,3,16,25,68,0,248
2120302,39,0,4,3,19,26,4,4,16,24,50,3,3,3,13,22,3,0,11,14,36,4,129
2120303,61,8,10,0,21,39,9,4,24,37,76,0,3,6,20,29,0,0,11,11,40,0,177
2120304,45,0,0,0,24,24,5,8,21,34,58,0,0,0,23,23,0,0,10,10,33,4,140
2120305,64,0,9,3,18,30,0,0,21,21,51,0,5,0,12,17,0,0,23,23,40,5,160
2120306,38,0,3,5,23,31,0,0,11,11,42,3,3,3,10,19,4,5,10,19,38,3,121
2120307,54,5,5,4,32,46,3,8,23,34,80,0,3,4,21,28,0,0,10,10,38,3,175
2120308,61,5,10,0,42,57,6,10,34,50,107,4,0,0,35,39,0,5,18,23,62,6,236
2120309,63,0,0,4,27,31,3,8,36,47,78,0,3,3,41,47,0,4,20,24,71,0,212
2120310,39,0,3,3,23,29,4,3,9,16,45,0,0,0,17,17,3,3,9,15,32,3,119
2120311,24,0,0,0,7,7,0,3,4,7,14,0,0,4,5,9,3,0,5,8,17,3,58
2120401,38,6,9,0,23,38,7,3,23,33,71,0,0,0,3,3,3,0,0,3,6,0,115
2120402,56,5,6,8,29,48,4,5,29,38,86,3,3,0,6,12,0,0,13,13,25,0,167
2120403,66,3,10,5,47,65,5,9,21,35,100,3,0,0,24,27,3,4,12,19,46,3,215
2120404,39,0,3,0,15,18,7,6,11,24,42,3,3,0,13,19,0,0,17,17,36,5,122
2120405,39,4,0,0,14,18,0,8,7,15,33,0,0,3,25,28,0,0,17,17,45,0,117
2120406,75,8,9,10,45,72,9,6,33,48,120,0,7,6,31,44,4,5,14,23,67,8,270
2120407,32,3,5,4,5,17,11,8,16,35,52,0,3,0,5,8,0,0,7,7,15,0,99
2120408,77,0,11,7,42,60,8,5,32,45,105,0,8,0,37,45,0,3,21,24,69,0,251
2120409,77,0,10,6,31,47,5,12,26,43,90,0,3,10,23,36,0,4,22,26,62,4,233
2120410,44,3,6,4,28,41,3,3,20,26,67,0,3,5,14,22,0,0,12,12,34,5,150
2120411,39,3,12,8,37,60,3,13,19,35,95,0,0,0,3,3,0,3,0,3,6,0,140
2120412,61,6,7,0,39,52,8,5,29,42,94,0,3,0,33,36,3,5,27,35,71,3,229
2120413,30,0,8,4,34,46,3,4,4,11,57,0,0,0,24,24,0,0,0,0,24,5,116
2120414,0,0,0,0,0,0,0,0,0,0,0,0,0,0,0,0,0,0,0,0,0,0,0
2120501,48,0,12,3,51,66,3,3,12,18,84,0,0,6,21,27,4,4,5,13,40,0,172
2120502,63,0,3,5,28,36,0,9,21,30,66,0,3,0,9,12,0,3,18,21,33,0,162
2120503,41,0,8,0,44,52,3,3,19,25,77,0,0,3,16,19,0,3,12,15,34,0,152
2120504,55,0,3,8,29,40,3,3,11,17,57,0,4,0,19,23,0,0,12,12,35,3,150
2120505,43,0,11,6,48,65,3,3,8,14,79,0,3,6,13,22,0,6,12,18,40,3,165
2120506,69,0,8,4,27,39,4,10,26,40,79,0,0,4,11,15,0,0,4,4,19,0,167
2120507,34,0,14,4,83,101,0,8,14,22,123,0,4,3,24,31,3,3,9,15,46,0,203
2120508,61,3,5,11,48,67,3,10,16,29,96,4,3,3,30,40,3,4,15,22,62,0,219
2120509,40,0,5,0,48,53,3,7,19,29,82,0,0,0,29,29,0,6,12,18,47,4,173
2120510,64,8,11,5,28,52,8,4,23,35,87,0,6,0,18,24,0,5,14,19,43,0,194
2120511,48,0,10,7,53,70,5,9,5,19,89,0,0,0,13,13,3,0,11,14,27,0,164
2120512,43,6,12,10,41,69,6,0,18,24,93,0,6,3,18,27,3,5,10,18,45,4,185
2120513,54,3,3,3,38,47,7,4,12,23,70,0,0,7,33,40,0,0,11,11,51,3,178
2120514,20,0,4,0,27,31,0,0,10,10,41,0,0,5,7,12,0,0,3,3,15,3,79
2120515,72,0,6,0,45,51,3,7,17,27,78,4,0,4,48,56,0,7,16,23,79,0,229
2120516,29,0,0,4,26,30,0,3,13,16,46,0,5,0,10,15,0,0,11,11,26,0,101
2120601,50,0,22,4,83,109,7,7,25,39,148,0,8,0,27,35,0,4,13,17,52,0,250
2120602,39,3,17,4,61,85,4,15,17,36,121,4,8,3,6,21,5,0,10,15,36,5,201
2120603,48,4,17,3,66,90,0,16,24,40,130,0,10,0,8,18,0,5,11,16,34,6,218
2120604,33,3,21,5,40,69,14,14,16,44,113,0,3,4,4,11,3,0,4,7,18,4,168
2120605,0,0,0,0,0,0,0,0,0,0,0,0,0,0,0,0,0,0,0,0,0,0,0
2120606,53,10,34,15,95,154,13,16,29,58,212,0,4,0,21,25,3,6,10,19,44,7,316
2120607,65,0,8,4,30,42,3,10,23,36,78,0,3,0,5,8,0,3,4,7,15,0,158
2120608,43,0,8,5,42,55,8,13,16,37,92,0,4,0,17,21,0,8,13,21,42,3,180
2120609,70,3,23,9,97,132,7,16,15,38,170,3,0,4,24,31,3,3,0,6,37,3,280
2120610,45,0,19,0,65,84,4,3,15,22,106,0,0,5,19,24,0,0,7,7,31,0,182
2120611,61,0,24,7,56,87,15,9,23,47,134,3,3,0,12,18,0,7,11,18,36,3,234
2120612,56,0,12,0,46,58,12,7,31,50,108,0,5,0,10,15,3,6,12,21,36,0,200
2120613,36,7,20,4,77,108,6,8,14,28,136,0,5,0,12,17,4,0,4,8,25,0,197
2120614,41,0,15,0,68,83,0,5,14,19,102,0,0,3,16,19,0,3,6,9,28,0,171
2120615,38,4,10,3,55,72,0,9,3,12,84,0,5,0,12,17,3,0,8,11,28,0,150
2120616,49,0,17,6,87,110,4,4,14,22,132,0,0,3,18,21,0,0,6,6,27,3,211
2120617,67,0,14,5,84,103,0,4,4,8,111,0,4,3,11,18,0,0,6,6,24,0,202
2120618,0,0,0,0,0,0,0,0,0,0,0,0,0,0,0,0,0,0,0,0,0,0,0
2120619,66,4,5,4,105,118,6,9,8,23,141,0,6,3,25,34,0,3,6,9,43,4,254
2120620,39,0,15,0,35,50,0,0,0,0,50,0,5,0,25,30,0,0,4,4,34,3,126
2120621,36,0,6,0,40,46,0,11,7,18,64,3,0,0,3,6,0,3,3,6,12,0,112
2120622,22,0,3,0,26,29,0,0,3,3,32,0,0,0,0,0,0,0,0,0,0,4,58
2120623,17,0,0,0,11,11,0,0,0,0,11,0,0,0,5,5,0,0,0,0,5,0,33
2120624,28,0,5,0,47,52,5,3,4,12,64,0,0,0,6,6,0,0,3,3,9,0,101
2120625,27,0,0,0,13,13,3,3,0,6,19,0,0,0,5,5,0,0,0,0,5,0,51
2120626,71,6,16,7,112,141,9,10,16,35,176,0,0,0,10,10,4,3,0,7,17,0,264
2120627,50,0,9,0,55,64,0,5,5,10,74,0,3,0,6,9,0,0,7,7,16,0,140
2120628,80,3,8,3,73,87,4,3,5,12,99,0,6,0,10,16,3,3,3,9,25,0,204
2120629,40,3,10,4,49,66,3,10,4,17,83,0,0,0,8,8,0,0,0,0,8,0,131
2120630,50,0,3,3,69,75,4,10,10,24,99,0,4,0,5,9,0,0,3,3,12,3,164
2120701,54,0,11,4,34,49,6,20,27,53,102,3,4,0,24,31,3,3,16,22,53,7,216
2120702,0,0,0,0,4,4,0,0,0,0,4,0,0,0,0,0,0,0,0,0,0,0,4
2120703,62,0,10,6,29,45,6,4,23,33,78,8,0,0,18,26,3,3,16,22,48,0,188
2120704,77,11,31,0,95,137,18,12,23,53,190,3,6,3,17,29,0,7,15,22,51,3,321
2120705,46,4,15,6,90,115,6,6,18,30,145,0,3,0,9,12,0,3,7,10,22,0,213
2120706,65,6,30,3,100,139,13,20,20,53,192,0,4,5,15,24,3,0,16,19,43,4,304
2120707,53,6,20,4,77,107,9,11,26,46,153,0,4,3,25,32,6,6,0,12,44,0,250
2120708,11,0,0,0,11,11,6,4,10,20,31,0,0,0,3,3,0,0,0,0,3,0,45
2120709,0,0,0,0,0,0,0,4,0,4,4,0,0,0,0,0,0,0,0,0,0,0,4
2120710,34,6,12,6,36,60,9,5,18,32,92,0,4,0,17,21,4,6,5,15,36,0,162
2120711,26,0,0,3,18,21,3,3,21,27,48,0,0,0,0,0,0,0,9,9,9,0,83
2120712,57,0,15,0,49,64,5,6,12,23,87,0,0,3,15,18,3,6,15,24,42,0,186
2120713,0,0,0,0,0,0,0,0,0,0,0,0,0,0,0,0,0,0,0,0,0,0,0
2120714,59,4,12,4,39,59,9,10,14,33,92,0,0,0,16,16,3,5,12,20,36,5,192
2120715,45,5,27,6,117,155,8,5,19,32,187,0,5,0,14,19,0,3,16,19,38,0,270
2120716,47,0,14,6,70,90,10,5,12,27,117,0,3,0,9,12,0,3,3,6,18,3,185
2120717,63,0,17,0,95,112,7,6,9,22,134,0,3,0,3,6,0,3,0,3,9,3,209
2120718,39,4,13,0,91,108,7,4,18,29,137,4,3,0,3,10,0,0,5,5,15,0,191
2120719,0,0,0,0,0,0,0,0,0,0,0,0,0,0,0,0,0,0,0,0,0,0,0
2120720,50,3,9,0,71,83,4,6,13,23,106,0,0,0,8,8,0,0,6,6,14,3,173
2120721,103,3,8,0,121,132,13,11,5,29,161,0,0,0,4,4,0,0,4,4,8,3,275
2120722,59,0,13,0,83,96,6,3,16,25,121,0,0,0,4,4,0,4,3,7,11,0,191
2120723,84,3,9,3,123,138,11,12,15,38,176,0,0,0,0,0,0,0,7,7,7,6,273
2120724,55,0,3,0,55,58,0,0,8,8,66,0,0,0,4,4,3,0,3,6,10,0,131
2120725,70,0,10,6,78,94,0,4,8,12,106,0,0,0,19,19,0,0,3,3,22,0,198
2120726,86,0,9,0,114,123,5,5,9,19,142,0,3,0,15,18,0,5,0,5,23,5,256
2120727,74,0,7,4,71,82,3,4,4,11,93,0,4,0,11,15,0,0,4,4,19,3,189
2120728,79,5,3,0,71,79,0,8,6,14,93,0,0,0,11,11,0,0,3,3,14,4,190
2120729,41,0,11,3,84,98,0,7,5,12,110,0,0,0,5,5,0,4,3,7,12,0,163
2120730,80,3,3,3,78,87,3,0,10,13,100,0,0,0,14,14,6,0,0,6,20,4,204
2120731,92,0,6,4,86,96,0,6,12,18,114,0,0,0,0,0,0,0,3,3,3,4,213
2120732,74,3,10,0,107,120,3,0,6,9,129,3,0,0,7,10,0,0,4,4,14,0,217
2120733,64,3,9,3,110,125,3,11,10,24,149,0,0,0,12,12,0,0,5,5,17,0,230
2120734,49,4,9,3,102,118,4,0,9,13,131,0,0,0,9,9,0,0,8,8,17,0,197
2120735,72,0,12,3,89,104,0,3,13,16,120,4,0,0,13,17,0,3,6,9,26,5,223
2120736,93,0,16,3,141,160,6,8,12,26,186,3,0,0,13,16,0,0,5,5,21,3,303
2120737,49,8,13,3,70,94,9,7,6,22,116,0,3,0,16,19,0,3,7,10,29,0,194
2120738,65,0,19,0,69,88,12,9,19,40,128,0,0,5,7,12,0,0,5,5,17,0,210
2120801,63,5,3,3,32,43,3,3,24,30,73,0,4,0,10,14,0,0,17,17,31,3,170
2120802,51,4,10,4,25,43,7,8,33,48,91,0,7,0,19,26,0,3,11,14,40,5,187
2120803,53,0,5,8,23,36,4,9,19,32,68,0,0,5,7,12,0,3,6,9,21,5,147
2120804,63,0,8,4,13,25,0,9,25,34,59,0,0,0,14,14,4,5,7,16,30,0,152
2120805,83,0,4,5,35,44,3,6,30,39,83,0,5,0,9,14,0,6,18,24,38,0,204
2120806,75,3,17,7,42,69,9,13,35,57,126,0,5,5,18,28,0,7,13,20,48,4,253
2120807,63,4,7,3,53,67,10,14,33,57,124,0,9,0,17,26,0,11,13,24,50,4,241
2120808,31,6,13,5,74,98,14,12,30,56,154,0,3,0,0,3,0,3,3,6,9,0,194
2120809,61,3,6,5,22,36,4,9,18,31,67,0,0,0,17,17,0,0,13,13,30,0,158
2120810,37,0,23,5,49,77,9,13,23,45,122,0,0,0,6,6,4,0,11,15,21,3,183
2120811,60,7,28,3,50,88,11,18,27,56,144,0,3,0,4,7,0,0,5,5,12,3,219
2120812,80,6,17,6,55,84,0,13,27,40,124,0,6,0,23,29,3,5,20,28,57,0,261
2120813,72,5,21,4,53,83,6,11,29,46,129,0,6,0,20,26,0,5,17,22,48,0,249
2120814,42,0,16,3,27,46,6,15,15,36,82,0,0,4,5,9,0,0,7,7,16,0,140
2120815,68,3,32,11,84,130,11,13,33,57,187,0,0,0,10,10,0,4,7,11,21,4,280
2120901,67,4,5,0,35,44,3,3,15,21,65,3,5,5,31,44,0,5,22,27,71,5,208
2120902,69,3,6,7,50,66,5,6,4,15,81,0,3,3,4,10,0,3,9,12,22,10,182
2120903,70,4,0,0,25,29,0,7,19,26,55,0,0,0,6,6,3,0,14,17,23,0,148
2120904,66,3,3,3,30,39,7,5,25,37,76,0,6,0,9,15,0,0,12,12,27,3,172
2120905,42,3,0,3,20,26,3,11,14,28,54,0,3,0,13,16,0,4,8,12,28,3,127
2120906,56,3,7,5,25,40,4,6,26,36,76,0,0,0,19,19,3,3,18,24,43,3,178
2120907,35,0,3,5,18,26,0,5,17,22,48,4,0,0,7,11,0,0,6,6,17,4,104
2120908,44,0,7,0,11,18,6,0,22,28,46,0,0,0,8,8,3,0,8,11,19,0,109
2120909,62,0,0,4,20,24,9,3,18,30,54,0,0,0,8,8,0,8,9,17,25,3,144
2120910,44,0,13,0,24,37,3,7,26,36,73,0,3,3,13,19,3,3,13,19,38,0,155
2120911,43,3,8,4,30,45,7,3,13,23,68,0,4,7,15,26,0,6,5,11,37,0,148
2120912,50,0,5,4,34,43,5,7,29,41,84,3,5,7,30,45,7,0,29,36,81,0,215
2120913,59,0,13,0,44,57,6,10,19,35,92,0,6,0,34,40,0,4,18,22,62,5,218
2120914,26,0,6,0,26,32,0,0,17,17,49,0,5,6,10,21,0,3,7,10,31,0,106
2120915,36,0,3,0,19,22,3,6,8,17,39,0,5,0,22,27,0,0,17,17,44,7,126
2120916,41,0,0,0,10,10,3,0,9,12,22,3,0,0,4,7,0,0,9,9,16,4,83
2120917,55,0,0,0,0,0,0,0,0,0,0,0,0,0,0,0,0,0,0,0,0,0,55
2120918,68,0,9,0,66,75,12,4,16,32,107,0,6,0,10,16,0,4,7,11,27,3,205
2121001,65,0,10,4,42,56,7,9,41,57,113,0,0,4,29,33,3,3,16,22,55,3,236
2121002,49,3,9,0,56,68,0,0,10,10,78,0,3,0,28,31,0,5,8,13,44,3,174
2121003,66,6,12,0,37,55,5,8,27,40,95,0,5,5,19,29,0,4,26,30,59,3,223
2121004,71,0,0,5,33,38,13,15,31,59,97,0,3,4,7,14,3,5,10,18,32,0,200
2121005,34,3,0,3,26,32,0,3,9,12,44,4,3,0,13,20,0,0,16,16,36,6,120
2121006,68,0,7,0,19,26,0,0,16,16,42,0,0,5,24,29,3,3,6,12,41,8,159
2121007,42,0,9,3,20,32,4,5,7,16,48,0,0,0,11,11,4,3,10,17,28,3,121
2121008,12,0,5,3,7,15,0,0,0,0,15,0,0,0,0,0,0,0,0,0,0,0,27
2121009,55,0,10,0,17,27,0,7,16,23,50,0,3,0,10,13,0,4,10,14,27,0,132
2121010,3,0,0,0,0,0,0,0,0,0,0,0,0,0,0,0,0,0,0,0,0,0,3
2121011,93,3,5,8,74,90,9,8,27,44,134,0,5,0,29,34,3,6,12,21,55,4,286
2121012,54,0,6,0,14,20,0,0,9,9,29,0,0,0,18,18,0,0,11,11,29,6,118
2121013,56,3,9,0,50,62,10,13,20,43,105,0,0,3,19,22,5,5,8,18,40,3,204
2121014,52,4,13,0,26,43,10,14,18,42,85,0,0,3,3,6,0,0,10,10,16,5,158
2121101,50,6,11,5,27,49,7,8,22,37,86,0,0,0,5,5,0,0,3,3,8,0,144
2121102,29,0,6,0,20,26,9,0,26,35,61,0,0,0,0,0,0,0,7,7,7,0,97
2121103,42,0,5,0,10,15,3,4,19,26,41,0,4,0,0,4,0,0,6,6,10,0,93
2121104,58,0,3,0,19,22,4,5,12,21,43,3,0,0,13,16,3,0,4,7,23,3,127
2121105,64,0,7,3,43,53,5,5,14,24,77,0,6,0,8,14,0,5,11,16,30,5,176
2121106,58,0,11,0,27,38,5,9,21,35,73,0,0,0,22,22,6,0,15,21,43,0,174
2121107,61,0,16,0,34,50,5,6,32,43,93,0,3,0,19,22,4,5,14,23,45,4,203
2121108,47,0,9,0,30,39,8,6,25,39,78,0,0,4,9,13,4,0,14,18,31,5,161
2121109,30,0,0,0,26,26,9,0,13,22,48,0,7,0,7,14,0,4,11,15,29,0,107
2121110,34,0,3,0,14,17,0,6,8,14,31,0,0,0,8,8,0,0,9,9,17,4,86
2121111,51,0,0,0,33,33,3,3,23,29,62,0,0,4,9,13,5,0,8,13,26,4,143
2121112,62,0,11,6,31,48,5,8,32,45,93,0,3,3,12,18,0,3,6,9,27,5,187
2121113,49,0,12,5,53,70,10,12,29,51,121,0,0,0,6,6,3,0,4,7,13,0,183
2121114,11,0,9,0,23,32,0,0,0,0,32,0,0,0,0,0,0,4,0,4,4,0,47
2121115,31,4,8,0,30,42,4,6,8,18,60,0,0,0,7,7,0,0,3,3,10,0,101
2121116,50,0,24,6,108,138,10,13,23,46,184,0,3,0,6,9,0,3,5,8,17,0,251
2121117,49,4,11,4,39,58,6,14,25,45,103,0,0,0,6,6,0,8,8,16,22,0,174
2121118,88,0,5,4,36,45,3,4,31,38,83,0,0,0,4,4,0,0,15,15,19,0,190
2121119,0,0,0,0,0,0,0,0,0,0,0,0,0,0,0,0,0,0,0,0,0,0,0
2121201,47,0,9,0,62,71,4,5,20,29,100,0,0,5,18,23,0,5,19,24,47,0,194
2121202,64,0,11,10,45,66,6,9,29,44,110,0,3,0,3,6,3,0,4,7,13,0,187
2121203,44,3,4,7,27,41,4,4,23,31,72,0,0,0,3,3,3,0,9,12,15,0,131
2121204,65,0,24,4,98,126,10,12,31,53,179,0,9,3,15,27,0,8,7,15,42,0,286
2121205,36,10,45,13,92,160,26,8,38,72,232,0,0,0,6,6,3,0,3,6,12,0,280
2121206,51,4,17,0,106,127,12,8,25,45,172,0,7,0,8,15,0,0,4,4,19,0,242
2121207,59,0,10,4,33,47,9,5,26,40,87,0,0,0,3,3,3,0,4,7,10,0,156
2121208,69,3,20,10,57,90,10,11,34,55,145,0,4,4,20,28,0,5,13,18,46,0,260
2121209,23,0,6,0,17,23,0,0,15,15,38,0,0,0,4,4,0,0,0,0,4,0,65
2121210,29,0,11,5,56,72,8,0,6,14,86,0,8,0,0,8,0,0,0,0,8,0,123
2121211,44,0,10,3,100,113,5,7,19,31,144,0,3,0,14,17,3,3,8,14,31,0,219
2121212,39,5,14,5,77,101,10,5,16,31,132,0,0,0,11,11,0,0,0,0,11,0,182
2121213,38,4,15,3,92,114,15,7,28,50,164,0,5,3,8,16,0,5,5,10,26,3,231
2121214,54,0,16,8,96,120,6,6,18,30,150,0,3,0,7,10,0,0,0,0,10,0,214
2121215,34,0,3,5,49,57,0,0,10,10,67,0,0,0,10,10,0,3,6,9,19,0,120
2121216,46,0,15,3,125,143,3,9,16,28,171,0,3,5,19,27,0,5,11,16,43,3,263
2121217,72,4,0,6,95,105,0,0,16,16,121,0,4,5,23,32,0,3,10,13,45,4,242
2121218,52,0,10,3,79,92,12,10,22,44,136,0,0,3,10,13,0,3,4,7,20,0,208
2121219,39,0,4,5,48,57,3,8,16,27,84,0,6,3,8,17,0,0,4,4,21,3,147
2121220,66,0,15,0,102,117,7,13,16,36,153,0,4,0,13,17,0,3,8,11,28,3,250
2121221,48,6,17,3,95,121,5,11,19,35,156,0,3,3,15,21,0,9,8,17,38,3,245
2121222,38,0,9,3,55,67,4,7,16,27,94,3,0,0,7,10,0,3,5,8,18,0,150
2121223,90,0,17,4,164,185,12,4,24,40,225,0,5,0,15,20,0,0,13,13,33,6,354
2121224,89,0,10,0,131,141,6,6,21,33,174,0,0,5,16,21,0,0,11,11,32,3,298
2121225,67,0,9,5,83,97,7,5,16,28,125,0,5,0,10,15,0,0,9,9,24,0,216
2121226,73,6,27,8,99,140,14,7,18,39,179,0,6,0,20,26,6,0,10,16,42,5,299
2121227,14,0,8,0,21,29,0,0,7,7,36,0,0,0,0,0,0,0,0,0,0,0,50
2121228,26,4,14,6,62,86,8,10,22,40,126,0,4,3,6,13,0,0,4,4,17,0,169
2121230,71,0,3,0,75,78,3,3,7,13,91,0,0,3,9,12,0,3,3,6,18,0,180
2121231,61,0,9,4,96,109,3,3,12,18,127,0,4,0,8,12,3,3,0,6,18,0,206
2121232,58,0,13,0,74,87,7,8,10,25,112,0,3,0,22,25,0,5,12,17,42,7,219
2121233,39,4,21,5,103,133,12,7,14,33,166,0,4,0,6,10,4,0,0,4,14,6,225
2121234,46,0,7,6,56,69,12,12,26,50,119,0,8,0,3,11,0,0,9,9,20,3,188
2121235,86,0,0,0,0,0,0,0,0,0,0,0,0,0,0,0,0,0,0,0,0,0,86
2121236,45,0,10,5,46,61,3,0,11,14,75,0,6,0,14,20,0,9,0,9,29,8,157
2121237,51,0,11,0,85,96,7,4,15,26,122,0,0,0,10,10,3,3,8,14,24,5,202
2121238,68,0,17,10,159,186,14,11,18,43,229,0,0,0,8,8,0,4,6,10,18,0,315
2121239,52,0,19,3,92,114,8,10,24,42,156,3,4,0,12,19,0,4,8,12,31,0,239
2121240,23,0,17,0,41,58,0,8,13,21,79,0,3,0,8,11,0,0,6,6,17,0,119
2121241,33,0,7,9,87,103,4,3,14,21,124,0,5,0,17,22,0,0,5,5,27,0,184
2121242,32,0,13,0,73,86,0,8,8,16,102,0,0,5,8,13,0,0,5,5,18,4,156
2121243,48,3,7,0,76,86,0,0,6,6,92,0,4,0,20,24,0,0,0,0,24,0,164
2121244,102,3,8,3,128,142,5,4,16,25,167,0,3,0,22,25,0,0,4,4,29,3,301
2121245,60,0,4,0,53,57,0,4,5,9,66,0,0,0,5,5,0,5,0,5,10,0,136
2121246,42,0,6,0,60,66,0,8,4,12,78,0,0,0,11,11,0,0,5,5,16,0,136
2121247,6,0,0,0,0,0,0,0,0,0,0,0,0,0,0,0,0,0,0,0,0,0,6
2121248,62,0,12,0,63,75,0,3,5,8,83,0,0,0,26,26,0,0,8,8,34,3,182
2121249,22,0,0,0,17,17,0,0,0,0,17,3,0,0,4,7,5,0,0,5,12,0,51
2121250,77,6,7,4,112,129,5,8,27,40,169,0,0,0,9,9,0,0,6,6,15,3,264
2121251,58,8,16,6,119,149,4,11,14,29,178,0,0,0,11,11,0,0,5,5,16,7,259
2121253,55,0,6,3,69,78,3,4,14,21,99,0,0,3,3,6,0,0,0,0,6,3,163
2121254,22,0,3,3,23,29,3,3,5,11,40,0,0,0,4,4,0,3,0,3,7,3,72
2121255,50,0,13,0,39,52,0,4,12,16,68,0,0,0,12,12,5,5,0,10,22,0,140
2121256,47,4,4,4,50,62,4,3,9,16,78,0,0,0,7,7,0,0,0,0,7,0,132
2121257,57,5,9,3,69,86,3,4,17,24,110,0,0,3,16,19,0,5,6,11,30,7,204
2121258,78,3,14,9,105,131,3,10,21,34,165,0,0,0,19,19,0,0,11,11,30,3,276
2121259,42,0,11,0,24,35,0,3,7,10,45,0,0,0,9,9,0,0,6,6,15,0,102
2121260,56,3,21,7,91,122,9,8,20,37,159,0,0,0,19,19,5,0,10,15,34,9,258
2121261,0,0,0,0,0,0,0,0,0,0,0,0,0,0,0,0,0,0,0,0,0,0,0
2121301,53,0,14,0,71,85,7,9,19,35,120,0,0,0,22,22,0,4,14,18,40,6,219
2121302,48,0,19,5,74,98,5,3,15,23,121,0,11,0,18,29,0,0,10,10,39,3,211
2121303,48,5,17,0,50,72,0,10,12,22,94,0,7,0,28,35,0,6,13,19,54,0,196
2121304,40,0,5,5,44,54,0,4,9,13,67,0,0,5,20,25,6,0,10,16,41,5,153
2121305,68,5,19,0,106,130,3,9,11,23,153,0,5,0,21,26,4,4,6,14,40,0,261
2121306,32,0,17,6,56,79,3,3,15,21,100,3,3,3,16,25,0,0,6,6,31,3,166
2121307,35,5,31,4,80,120,15,9,16,40,160,0,0,0,9,9,0,0,8,8,17,0,212
2121308,17,0,3,0,5,8,3,0,7,10,18,0,0,0,0,0,0,0,4,4,4,0,39
2121309,46,0,3,0,15,18,0,0,7,7,25,0,0,0,6,6,0,0,3,3,9,0,80
2121310,55,0,18,5,73,96,0,3,21,24,120,0,6,7,45,58,0,9,20,29,87,9,271
2121311,42,3,7,4,54,68,5,6,15,26,94,0,0,0,42,42,0,0,15,15,57,3,196
2121312,35,0,11,0,46,57,0,3,17,20,77,3,4,0,21,28,0,5,9,14,42,4,158
2121313,15,3,3,6,22,34,3,0,12,15,49,0,5,0,7,12,0,0,7,7,19,0,83
2121314,29,4,5,5,35,49,0,4,10,14,63,0,3,4,15,22,0,3,4,7,29,5,126
2121315,46,4,13,4,68,89,6,4,4,14,103,0,0,0,19,19,0,0,8,8,27,0,176
2121316,23,4,8,4,44,60,0,7,0,7,67,0,3,3,16,22,3,0,3,6,28,0,118
2121317,67,0,13,3,70,86,3,5,6,14,100,0,3,3,9,15,0,0,0,0,15,0,182
2121318,41,5,16,0,73,94,5,5,16,26,120,0,0,0,11,11,0,0,5,5,16,0,177
2121319,23,0,18,6,77,101,5,4,14,23,124,0,5,0,14,19,0,0,7,7,26,5,178
2121320,55,3,15,4,97,119,13,3,17,33,152,0,3,0,14,17,0,0,4,4,21,0,228
2121321,67,4,8,0,29,41,0,0,7,7,48,0,4,0,5,9,0,0,9,9,18,4,137
2121322,45,4,6,3,71,84,8,0,16,24,108,0,0,0,8,8,0,0,5,5,13,4,170
2121323,48,0,15,3,71,89,3,7,11,21,110,0,0,0,11,11,0,0,9,9,20,0,178
2121324,57,0,8,0,67,75,5,3,4,12,87,0,0,0,21,21,0,0,7,7,28,4,176
2121325,26,0,0,0,28,28,0,0,3,3,31,0,0,0,3,3,0,4,4,8,11,0,68
2121326,28,4,13,4,35,56,6,0,8,14,70,0,3,6,14,23,0,3,10,13,36,0,134
2121327,73,0,13,4,82,99,4,7,11,22,121,0,0,5,24,29,0,0,9,9,38,4,236
2121328,80,3,8,0,58,69,0,0,0,0,69,0,9,0,0,9,0,0,0,0,9,0,158
2121329,42,0,20,0,92,112,5,13,9,27,139,0,0,0,14,14,0,0,5,5,19,7,207
2121330,60,0,3,0,62,65,3,7,13,23,88,0,3,3,13,19,0,0,0,0,19,3,170
2130101,16,0,6,0,11,17,0,0,9,9,26,0,0,0,0,0,3,0,0,3,3,0,45
2130102,68,3,13,3,47,66,20,15,39,74,140,4,0,0,7,11,5,0,4,9,20,0,228
2130103,45,3,10,5,48,66,17,21,31,69,135,0,0,0,10,10,0,6,11,17,27,0,207
2130104,40,6,8,0,31,45,8,16,20,44,89,0,3,0,6,9,0,0,17,17,26,0,155
2130105,73,6,11,8,44,69,15,16,27,58,127,0,4,5,0,9,0,0,14,14,23,0,223
2130106,88,0,10,6,53,69,18,8,30,56,125,0,5,0,3,8,0,0,4,4,12,0,225
2130107,93,6,20,3,65,94,10,16,41,67,161,0,0,0,12,12,0,0,10,10,22,0,276
2130108,54,4,34,6,58,102,23,22,39,84,186,3,3,0,6,12,3,5,6,14,26,8,274
2130109,48,5,35,3,71,114,11,18,37,66,180,0,0,3,9,12,5,0,12,17,29,0,257
2130110,35,6,34,6,101,147,17,29,32,78,225,0,5,0,6,11,3,4,4,11,22,0,282
2130111,33,0,12,4,60,76,9,9,16,34,110,0,0,0,9,9,0,0,3,3,12,4,159
2130112,33,3,19,0,73,95,10,15,23,48,143,4,0,0,4,8,3,3,0,6,14,0,190
2130113,37,0,14,0,42,56,8,24,22,54,110,3,0,0,7,10,0,3,3,6,16,0,163
2130114,28,4,12,5,51,72,23,10,29,62,134,0,3,0,6,9,0,6,4,10,19,0,181
2130115,34,0,24,7,51,82,13,7,29,49,131,4,0,0,4,8,0,4,5,9,17,3,185
2130116,44,4,29,5,98,136,12,20,25,57,193,3,3,0,3,9,3,3,3,9,18,3,258
2130117,51,0,20,6,52,78,12,21,28,61,139,0,3,0,5,8,0,0,12,12,20,0,210
2130118,60,3,22,8,125,158,8,20,36,64,222,0,0,0,12,12,4,0,4,8,20,0,302
2130119,54,4,22,3,83,112,5,11,31,47,159,0,0,4,10,14,4,3,4,11,25,0,238
2130120,29,4,22,10,80,116,12,14,29,55,171,0,0,0,4,4,6,0,6,12,16,0,216
2130121,30,8,18,0,97,123,8,15,21,44,167,0,0,0,6,6,0,0,0,0,6,4,207
2130122,44,8,22,4,104,138,9,11,16,36,174,0,0,0,10,10,5,0,4,9,19,0,237
2130123,34,4,11,5,26,46,5,8,17,30,76,0,6,0,9,15,0,5,15,20,35,0,145
2130124,23,0,14,3,26,43,4,5,10,19,62,0,4,0,0,4,0,0,3,3,7,0,92
2130125,20,7,13,5,25,50,6,11,23,40,90,0,4,0,3,7,4,0,4,8,15,0,125
2130126,27,3,5,0,33,41,10,4,20,34,75,0,4,4,0,8,0,0,0,0,8,0,110
2130127,18,0,0,0,18,18,9,4,10,23,41,0,0,5,4,9,0,0,5,5,14,5,78
2130128,30,0,14,4,53,71,7,11,17,35,106,5,0,0,11,16,3,3,3,9,25,3,164
2130201,52,3,22,7,76,108,12,11,45,68,176,3,8,3,11,25,0,6,8,14,39,5,272
2130202,25,4,18,4,43,69,11,22,17,50,119,0,4,0,13,17,0,6,11,17,34,4,182
2130203,45,4,6,8,39,57,20,11,53,84,141,0,4,0,9,13,4,3,17,24,37,3,226
2130204,69,6,11,0,50,67,13,20,31,64,131,0,4,7,7,18,4,3,12,19,37,4,241
2130205,73,7,14,0,44,65,16,16,49,81,146,0,3,0,3,6,5,5,17,27,33,9,261
2130206,60,3,12,8,41,64,9,4,31,44,108,0,0,3,4,7,0,3,12,15,22,3,193
2130207,74,7,6,5,42,60,15,12,41,68,128,0,3,5,12,20,6,4,7,17,37,0,239
2130208,60,0,20,5,41,66,12,10,39,61,127,3,5,3,12,23,5,4,9,18,41,3,231
2130209,57,8,12,3,31,54,12,13,47,72,126,0,3,5,4,12,6,0,12,18,30,3,216
2130210,71,4,16,6,48,74,8,14,31,53,127,0,8,6,17,31,0,0,16,16,47,8,253
2130211,46,4,9,0,38,51,14,18,29,61,112,0,0,7,4,11,4,7,8,19,30,3,191
2130212,39,4,12,0,44,60,13,8,28,49,109,0,5,4,9,18,4,0,8,12,30,0,178
2130213,56,0,13,8,69,90,18,13,37,68,158,3,6,0,22,31,4,5,7,16,47,3,264
2130301,64,0,0,13,38,51,5,8,40,53,104,0,4,4,27,35,0,0,26,26,61,3,232
2130302,36,0,12,3,33,48,12,5,33,50,98,3,3,3,8,17,0,7,3,10,27,3,164
2130303,56,0,6,5,45,56,10,5,31,46,102,0,3,3,17,23,0,7,23,30,53,5,216
2130304,44,0,8,0,25,33,0,8,18,26,59,3,3,3,9,18,0,0,11,11,29,4,136
2130305,65,0,13,5,41,59,0,5,40,45,104,0,6,10,28,44,6,0,25,31,75,4,248
2130306,61,0,15,5,44,64,8,12,54,74,138,0,3,3,24,30,7,7,11,25,55,4,258
2130307,85,5,18,8,57,88,12,9,53,74,162,0,6,3,24,33,3,7,20,30,63,0,310
2130308,36,4,10,3,26,43,7,6,33,46,89,0,0,5,17,22,0,3,11,14,36,3,164
2130309,22,0,0,4,38,42,3,3,25,31,73,0,0,0,9,9,0,0,5,5,14,4,113
2130310,60,8,22,11,58,99,10,12,37,59,158,3,11,3,30,47,6,0,19,25,72,5,295
2130311,41,0,7,4,25,36,4,7,19,30,66,3,4,3,11,21,0,3,11,14,35,3,145
2130312,43,3,8,3,33,47,3,8,34,45,92,0,6,4,17,27,4,4,15,23,50,6,191
2130313,52,0,21,0,66,87,6,17,29,52,139,0,8,0,33,41,0,5,26,31,72,6,269
2130314,39,0,8,4,46,58,7,15,20,42,100,0,5,0,21,26,3,3,8,14,40,4,183
2130315,50,0,17,8,46,71,7,10,23,40,111,0,6,4,17,27,0,0,12,12,39,0,200
2130316,48,3,4,4,31,42,0,0,23,23,65,0,3,3,10,16,0,5,7,12,28,4,145
2130401,41,5,6,0,23,34,3,0,15,18,52,0,8,0,13,21,0,5,14,19,40,0,133
2130402,44,0,11,0,19,30,0,7,22,29,59,0,5,0,12,17,0,0,7,7,24,8,135
2130403,62,3,7,0,44,54,5,5,33,43,97,0,5,0,22,27,4,7,19,30,57,11,227
2130404,79,0,10,5,27,42,0,7,22,29,71,0,3,0,23,26,3,7,21,31,57,5,212
2130405,30,0,4,0,18,22,0,4,9,13,35,0,3,0,13,16,3,3,18,24,40,0,105
2130406,74,4,4,0,34,42,5,5,32,42,84,0,5,0,27,32,0,6,21,27,59,7,224
2130407,69,3,6,3,38,50,6,7,27,40,90,0,0,6,26,32,0,5,17,22,54,14,227
2130408,84,0,12,0,39,51,9,11,36,56,107,0,8,0,14,22,0,5,25,30,52,3,246
2130409,53,0,8,4,23,35,3,3,27,33,68,0,7,0,10,17,0,3,16,19,36,0,157
2130410,47,0,7,0,21,28,4,0,11,15,43,0,0,3,12,15,0,4,9,13,28,4,122
2130411,55,5,11,0,31,47,6,10,19,35,82,0,0,0,18,18,0,0,35,35,53,10,200
2130412,45,0,4,0,18,22,5,3,20,28,50,0,6,0,16,22,0,0,16,16,38,4,137
2130413,32,0,4,0,25,29,3,3,6,12,41,0,0,0,13,13,3,3,9,15,28,8,109
2130501,58,0,10,0,42,52,0,10,30,40,92,0,11,0,14,25,0,4,26,30,55,5,210
2130502,45,0,7,5,26,38,4,5,23,32,70,0,0,0,30,30,3,0,18,21,51,6,172
2130503,59,7,12,3,50,72,14,17,28,59,131,0,0,0,16,16,0,5,13,18,34,10,234
2130504,44,3,0,4,21,28,4,0,22,26,54,0,3,3,18,24,0,7,14,21,45,7,150
2130505,47,5,4,0,39,48,6,0,19,25,73,0,0,0,25,25,0,5,9,14,39,4,163
2130506,81,5,12,5,47,69,10,11,34,55,124,0,5,0,35,40,6,5,15,26,66,8,279
2130507,56,0,13,6,38,57,3,5,43,51,108,0,0,5,8,13,0,3,19,22,35,0,199
2130508,54,0,12,9,38,59,8,5,26,39,98,0,7,4,23,34,4,0,14,18,52,0,204
2130509,48,3,7,9,35,54,6,6,36,48,102,3,3,3,19,28,7,5,14,26,54,6,210
2130510,75,6,15,3,38,62,9,11,41,61,123,0,3,5,20,28,0,0,23,23,51,6,255
2130511,65,0,16,10,34,60,11,14,24,49,109,0,0,0,16,16,0,0,10,10,26,0,200
2130512,44,0,8,4,24,36,7,5,24,36,72,0,0,4,13,17,0,0,10,10,27,0,143
2130513,38,0,6,5,25,36,6,7,27,40,76,0,3,0,10,13,0,6,13,19,32,4,150
2130601,56,0,6,5,21,32,8,3,45,56,88,0,0,0,14,14,0,3,11,14,28,0,172
2130602,72,4,9,3,39,55,7,6,42,55,110,0,3,4,10,17,0,8,12,20,37,0,219
2130603,55,0,7,3,31,41,5,4,20,29,70,0,0,3,4,7,0,3,6,9,16,3,144
2130604,62,5,10,3,35,53,7,9,28,44,97,0,4,0,3,7,0,4,4,8,15,0,174
2130605,71,0,6,3,29,38,0,0,38,38,76,3,0,3,8,14,0,3,10,13,27,3,177
2130606,103,0,12,3,24,39,5,3,41,49,88,0,0,0,7,7,8,0,18,26,33,4,228
2130607,80,0,20,5,46,71,16,19,46,81,152,0,0,0,6,6,4,3,4,11,17,0,249
2130608,53,4,4,3,32,43,10,9,12,31,74,3,0,0,10,13,0,3,3,6,19,0,146
2130609,32,0,3,0,36,39,0,8,9,17,56,0,3,0,5,8,0,3,8,11,19,0,107
2130610,80,0,10,5,58,73,6,17,34,57,130,0,3,0,9,12,8,4,7,19,31,0,241
2130611,0,0,0,0,0,0,0,0,0,0,0,0,0,0,0,0,0,0,0,0,0,0,0
2130612,0,0,0,0,0,0,0,0,0,0,0,0,0,0,0,0,0,0,0,0,0,0,0
2130613,46,3,16,0,27,46,0,11,24,35,81,0,4,0,4,8,3,3,0,6,14,0,141
2130701,38,0,14,4,65,83,7,9,11,27,110,0,8,5,14,27,0,3,11,14,41,5,194
2130702,84,0,21,3,123,147,9,19,25,53,200,0,5,9,22,36,0,3,18,21,57,8,349
2130703,52,5,13,6,74,98,7,7,20,34,132,0,0,3,22,25,7,3,5,15,40,3,227
2130704,48,8,9,4,35,56,8,8,19,35,91,0,0,0,18,18,3,5,9,17,35,5,179
2130705,53,4,13,4,58,79,3,9,16,28,107,7,0,0,19,26,0,7,6,13,39,3,202
2130706,24,4,10,4,46,64,6,3,15,24,88,0,5,0,17,22,3,0,6,9,31,3,146
2130707,54,7,13,8,80,108,12,11,36,59,167,0,4,4,18,26,3,3,16,22,48,0,269
2130708,46,0,16,8,72,96,6,9,21,36,132,0,0,0,32,32,4,4,9,17,49,0,227
2130709,17,3,4,6,46,59,5,7,8,20,79,0,7,0,11,18,0,0,5,5,23,0,119
2130710,74,6,18,7,125,156,9,8,25,42,198,0,3,4,25,32,0,3,12,15,47,0,319
2130711,62,0,32,0,54,86,16,14,30,60,146,0,5,0,16,21,0,3,10,13,34,4,246
2130712,44,0,20,9,102,131,9,8,15,32,163,0,5,7,15,27,3,6,7,16,43,0,250
2130713,43,3,14,9,61,87,9,10,29,48,135,0,3,0,16,19,0,5,20,25,44,11,233
2130714,44,0,8,5,59,72,5,3,6,14,86,3,0,0,15,18,4,0,0,4,22,0,152
2130715,35,5,7,0,62,74,3,3,10,16,90,3,0,0,17,20,0,0,6,6,26,0,151
2130716,23,0,11,5,77,93,8,9,17,34,127,0,0,0,6,6,0,6,0,6,12,0,162
2130717,40,4,10,0,74,88,0,6,9,15,103,0,0,0,10,10,0,0,5,5,15,3,161
2130718,44,0,4,4,62,70,4,5,10,19,89,0,9,0,34,43,0,7,8,15,58,8,199
2130719,28,5,15,5,78,103,8,8,8,24,127,0,0,0,7,7,3,3,4,10,17,3,175
2130720,45,3,3,5,51,62,10,9,27,46,108,0,0,0,7,7,0,0,4,4,11,5,169
2130721,0,0,0,0,0,0,0,0,0,0,0,0,0,0,0,0,0,0,0,0,0,0,0
2130722,28,4,13,4,53,74,3,4,14,21,95,0,4,5,11,20,0,0,5,5,25,3,151
2130723,32,4,20,4,66,94,11,5,26,42,136,0,3,4,11,18,3,0,11,14,32,6,206
2130724,35,0,13,4,73,90,3,8,16,27,117,0,0,0,13,13,0,6,9,15,28,0,180
2130725,24,0,8,3,61,72,5,8,15,28,100,0,6,0,18,24,0,5,4,9,33,4,161
2130726,41,0,11,0,72,83,4,11,16,31,114,0,0,3,19,22,0,7,4,11,33,5,193
2130801,21,0,0,0,20,20,0,0,14,14,34,0,0,4,13,17,4,5,6,15,32,8,95
2130802,65,3,5,3,33,44,4,6,29,39,83,0,9,0,18,27,3,4,24,31,58,7,213
2130803,46,0,7,3,22,32,0,0,16,16,48,0,0,0,13,13,0,4,14,18,31,6,131
2130804,41,0,3,4,31,38,0,0,22,22,60,0,0,5,13,18,0,3,15,18,36,7,144
2130805,61,3,5,3,42,53,0,0,8,8,61,3,3,3,10,19,0,3,18,21,40,11,173
2130806,31,0,0,0,16,16,0,0,7,7,23,0,0,0,10,10,0,0,6,6,16,0,70
2130807,62,4,3,5,35,47,4,9,26,39,86,3,0,4,31,38,0,6,21,27,65,3,216
2130808,61,0,9,8,36,53,7,10,19,36,89,3,5,5,26,39,0,12,24,36,75,0,225
2130809,58,3,6,0,27,36,3,3,11,17,53,0,0,0,0,0,0,6,12,18,18,4,133
2130810,0,0,0,0,0,0,0,0,0,0,0,0,0,0,0,0,0,0,0,0,0,0,0
2130811,0,0,0,0,0,0,0,0,0,0,0,0,0,0,0,0,0,0,0,0,0,0,0
2130901,17,0,0,0,18,18,0,6,7,13,31,0,0,0,8,8,0,3,4,7,15,7,70
2130902,12,0,0,0,13,13,0,0,0,0,13,0,0,0,5,5,0,3,3,6,11,6,42
2130903,59,3,6,0,26,35,0,5,4,9,44,0,0,0,15,15,0,0,13,13,28,6,137
2130904,74,5,6,0,38,49,0,4,21,25,74,0,0,0,23,23,0,5,20,25,48,5,201
2130905,34,0,0,0,22,22,5,0,0,5,27,0,7,4,13,24,0,0,15,15,39,5,105
2130906,39,4,10,3,26,43,4,6,14,24,67,3,0,0,12,15,6,0,14,20,35,5,146
2130907,42,5,3,3,17,28,3,7,13,23,51,3,0,3,7,13,3,3,14,20,33,3,129
2130908,46,0,9,3,29,41,3,4,16,23,64,0,5,4,12,21,0,3,12,15,36,4,150
2130909,37,0,8,3,22,33,8,8,22,38,71,0,0,0,14,14,0,0,9,9,23,4,135
2130910,34,0,11,0,31,42,4,5,7,16,58,0,0,0,10,10,4,3,11,18,28,7,127
2130911,29,5,0,5,23,33,0,3,12,15,48,4,6,0,18,28,0,0,14,14,42,12,131
2130912,50,0,10,0,31,41,8,4,12,24,65,0,0,0,23,23,0,10,18,28,51,8,174
2130913,59,5,10,0,36,51,5,8,18,31,82,0,0,0,15,15,7,0,13,20,35,3,179
2130914,49,0,8,5,38,51,0,3,19,22,73,4,0,5,9,18,0,0,8,8,26,0,148
2131001,51,3,0,3,32,38,0,6,11,17,55,0,9,0,19,28,6,0,17,23,51,7,164
2131002,58,3,10,6,19,38,3,4,21,28,66,3,5,0,9,17,0,6,21,27,44,11,179
2131003,16,0,0,0,12,12,0,7,3,10,22,5,0,0,6,11,0,0,3,3,14,4,56
2131004,63,4,7,4,37,52,0,5,23,28,80,0,6,0,12,18,0,5,11,16,34,4,181
2131005,27,0,0,0,23,23,6,5,4,15,38,0,0,0,8,8,3,0,8,11,19,4,88
2131006,72,0,7,3,32,42,5,5,50,60,102,0,4,0,13,17,0,0,15,15,32,7,213
2131007,94,3,4,9,37,53,10,7,42,59,112,3,3,3,19,28,3,0,23,26,54,0,260
2131008,67,0,0,5,23,28,7,3,23,33,61,0,0,0,20,20,0,3,16,19,39,3,170
2131009,49,4,3,4,15,26,4,3,17,24,50,0,0,0,10,10,4,0,10,14,24,4,127
2131010,18,0,3,3,4,10,5,0,4,9,19,0,0,0,0,0,0,0,9,9,9,6,52
2131011,45,0,3,3,14,20,5,0,16,21,41,0,0,0,14,14,0,0,12,12,26,0,112
2131101,56,4,5,0,25,34,7,5,41,53,87,0,0,6,8,14,0,0,24,24,38,3,184
2131102,43,0,5,0,4,9,4,5,13,22,31,0,0,0,6,6,0,0,9,9,15,0,89
2131103,51,0,7,5,24,36,6,4,21,31,67,0,0,0,10,10,7,0,19,26,36,6,160
2131104,53,0,6,0,20,26,0,0,19,19,45,0,6,0,10,16,0,0,8,8,24,3,125
2131105,52,0,8,0,25,33,9,4,26,39,72,3,3,3,14,23,5,3,9,17,40,3,167
2131106,59,0,15,0,51,66,9,8,13,30,96,0,6,7,32,45,5,4,14,23,68,0,223
2131107,61,0,12,0,33,45,0,7,26,33,78,3,11,3,20,37,4,7,25,36,73,9,221
2131108,77,0,10,3,35,48,8,8,36,52,100,0,4,0,16,20,3,3,11,17,37,10,224
2131109,98,5,3,8,41,57,14,10,43,67,124,0,0,0,17,17,0,0,19,19,36,8,266
2131110,40,0,7,0,44,51,7,4,40,51,102,0,7,0,23,30,0,7,32,39,69,8,219
2131111,43,3,5,0,23,31,7,0,31,38,69,0,3,0,10,13,3,3,7,13,26,3,141
2131112,40,0,7,5,26,38,6,11,17,34,72,0,0,4,9,13,0,5,7,12,25,0,137
2131113,56,3,26,6,78,113,10,14,33,57,170,0,7,0,18,25,0,5,6,11,36,0,262
2131114,69,6,19,3,95,123,10,11,36,57,180,0,7,0,30,37,7,0,8,15,52,11,312
2131115,0,0,0,0,0,0,0,0,0,0,0,0,0,0,0,0,0,0,0,0,0,0,0
2131116,8,0,5,0,0,5,6,0,0,6,11,0,0,0,4,4,0,0,0,0,4,0,23
2131117,51,4,3,3,64,74,8,5,12,25,99,0,3,0,13,16,0,3,3,6,22,0,172
2131118,79,0,16,4,82,102,5,6,13,24,126,4,3,3,16,26,0,3,3,6,32,6,243
2131201,49,0,12,10,23,45,0,9,26,35,80,0,3,0,12,15,3,3,17,23,38,3,170
2131202,61,5,10,8,34,57,14,6,27,47,104,4,4,0,17,25,3,0,19,22,47,4,216
2131203,83,0,8,0,38,46,6,5,39,50,96,0,7,0,22,29,3,4,19,26,55,9,243
2131204,42,4,7,4,24,39,3,6,26,35,74,0,0,4,9,13,0,5,16,21,34,0,150
2131205,63,0,11,5,37,53,3,8,39,50,103,0,3,4,31,38,0,0,10,10,48,8,222
2131206,74,0,7,0,37,44,7,4,34,45,89,0,5,0,23,28,8,0,16,24,52,0,215
2131207,64,0,7,4,18,29,6,3,32,41,70,0,4,0,14,18,7,0,5,12,30,8,172
2131208,31,0,7,3,22,32,3,0,20,23,55,0,0,0,15,15,5,0,10,15,30,4,120
2131209,59,3,3,5,36,47,3,6,18,27,74,0,0,5,12,17,0,0,19,19,36,0,169
2131210,31,3,14,3,38,58,0,9,23,32,90,0,5,3,26,34,3,3,6,12,46,4,171
2131211,38,0,6,8,40,54,3,12,12,27,81,0,0,5,14,19,0,0,10,10,29,0,148
2131212,61,3,16,5,59,83,14,12,23,49,132,0,6,6,26,38,0,5,24,29,67,3,263
2131213,42,6,5,4,46,61,6,4,16,26,87,0,0,4,19,23,0,5,4,9,32,3,164
2131301,43,0,8,5,39,52,0,6,30,36,88,0,0,3,10,13,3,3,10,16,29,3,163
2131302,76,0,9,7,42,58,7,8,33,48,106,0,4,8,22,34,0,0,28,28,62,5,249
2131303,26,8,15,7,33,63,10,0,30,40,103,0,0,0,22,22,8,0,20,28,50,4,183
2131304,52,5,7,0,26,38,6,12,33,51,89,0,6,0,12,18,3,6,18,27,45,5,191
2131305,50,4,8,11,43,66,14,8,43,65,131,3,5,3,30,41,5,6,15,26,67,10,258
2131306,45,0,9,0,24,33,8,5,27,40,73,0,0,0,17,17,4,4,11,19,36,0,154
2131307,29,0,10,4,26,40,6,3,23,32,72,0,5,3,7,15,4,4,18,26,41,3,145
2131308,56,4,18,11,51,84,19,8,44,71,155,0,3,3,29,35,3,5,23,31,66,4,281
2131309,33,0,9,4,18,31,7,0,27,34,65,0,0,0,14,14,0,3,14,17,31,0,129
2131310,30,3,9,3,38,53,11,7,19,37,90,0,6,0,15,21,0,3,15,18,39,5,164
2131311,48,4,13,6,49,72,14,6,51,71,143,5,3,3,19,30,0,8,22,30,60,7,258
2131312,30,4,10,0,38,52,6,9,22,37,89,0,5,0,26,31,3,3,11,17,48,0,167
2131401,59,3,3,3,39,48,3,5,19,27,75,0,3,3,13,19,0,0,25,25,44,8,186
2131402,73,0,12,0,36,48,0,3,28,31,79,3,4,0,21,28,3,7,17,27,55,4,211
2131403,49,0,4,4,30,38,7,4,19,30,68,0,3,3,17,23,3,0,22,25,48,9,174
2131404,51,0,8,8,34,50,5,4,26,35,85,0,3,4,18,25,0,0,20,20,45,6,187
2131405,13,0,8,0,4,12,0,4,12,16,28,3,3,3,4,13,0,0,4,4,17,0,58
2131406,67,0,24,10,90,124,6,10,26,42,166,3,3,5,18,29,5,3,14,22,51,8,292
2131407,78,3,13,10,39,65,10,13,30,53,118,0,7,0,24,31,0,6,30,36,67,4,267
2131408,53,0,21,3,24,48,7,10,19,36,84,0,5,3,12,20,3,0,13,16,36,3,176
2131409,53,0,6,4,34,44,3,3,18,24,68,0,0,7,14,21,5,4,19,28,49,0,170
2131410,39,0,9,3,41,53,3,6,10,19,72,0,0,3,21,24,0,3,10,13,37,3,151
2131411,30,0,0,6,22,28,3,3,12,18,46,0,6,0,4,10,0,0,17,17,27,0,103
2131412,13,0,0,0,8,8,5,0,4,9,17,0,0,0,6,6,0,0,5,5,11,4,45
2131501,27,0,0,0,14,14,0,0,5,5,19,0,0,0,9,9,0,0,9,9,18,5,69
2131502,68,0,6,5,41,52,5,9,19,33,85,0,5,6,18,29,0,6,20,26,55,3,211
2131503,65,0,10,4,43,57,4,6,14,24,81,0,6,0,21,27,0,8,15,23,50,4,200
2131504,61,0,15,6,34,55,5,7,22,34,89,0,6,0,18,24,0,3,16,19,43,6,199
2131505,55,4,13,4,52,73,5,12,42,59,132,3,8,0,19,30,6,0,16,22,52,5,244
2131506,43,0,15,7,47,69,5,8,32,45,114,0,0,0,23,23,0,0,13,13,36,0,193
2131507,52,3,21,7,73,104,19,13,33,65,169,0,3,3,20,26,0,3,18,21,47,3,271
2131508,82,5,7,5,44,61,10,8,39,57,118,0,7,0,25,32,0,4,25,29,61,0,261
2131509,88,0,11,7,63,81,10,10,30,50,131,0,0,0,25,25,5,5,21,31,56,5,280
2131510,27,0,6,6,20,32,4,0,20,24,56,0,4,0,5,9,0,0,10,10,19,6,108
2131511,53,3,14,7,50,74,7,10,34,51,125,3,5,3,38,49,9,10,19,38,87,4,269
2131512,72,0,15,9,58,82,12,8,48,68,150,0,0,0,29,29,0,6,23,29,58,7,287
2131513,36,3,10,3,49,65,7,3,26,36,101,0,4,0,23,27,3,4,10,17,44,0,181
2131514,0,0,0,0,0,0,0,0,0,0,0,0,0,0,0,0,0,0,0,0,0,0,0
2131515,19,0,0,0,10,10,4,5,4,13,23,0,5,0,7,12,0,0,3,3,15,0,57
2131516,32,0,21,9,72,102,8,11,24,43,145,0,9,9,35,53,6,3,20,29,82,3,262
2131601,46,3,8,3,15,29,4,4,28,36,65,5,0,0,15,20,0,7,10,17,37,0,148
2131602,41,0,0,0,20,20,3,5,19,27,47,0,0,0,13,13,0,4,10,14,27,0,115
2131603,38,0,4,3,25,32,6,0,13,19,51,0,5,7,12,24,3,0,16,19,43,4,136
2131604,11,0,4,0,12,16,4,0,12,16,32,0,4,0,8,12,0,0,5,5,17,0,60
2131605,60,4,0,4,24,32,6,3,19,28,60,0,0,0,14,14,0,0,14,14,28,3,151
2131606,38,0,6,0,21,27,6,3,21,30,57,0,0,3,15,18,3,0,17,20,38,3,136
2131607,85,4,4,4,46,58,7,9,32,48,106,0,0,0,24,24,0,0,25,25,49,9,249
2131608,24,0,0,0,19,19,0,4,8,12,31,0,0,0,14,14,0,0,9,9,23,0,78
2131609,56,0,6,0,32,38,8,8,15,31,69,0,4,0,11,15,3,0,15,18,33,6,164
2131610,53,3,8,10,61,82,12,10,49,71,153,0,4,6,18,28,0,3,25,28,56,7,269
2131611,31,0,14,0,27,41,11,7,38,56,97,0,0,0,17,17,3,4,12,19,36,3,167
2131612,51,10,6,4,26,46,11,3,27,41,87,0,0,5,24,29,0,3,9,12,41,6,185
2131613,37,0,6,7,32,45,6,9,26,41,86,0,5,0,26,31,7,0,16,23,54,5,182
2131614,43,0,0,5,23,28,6,3,28,37,65,0,0,4,8,12,6,4,14,24,36,5,149
2131615,0,0,0,0,0,0,0,0,0,0,0,0,0,0,0,0,0,0,0,0,0,0,0
2131616,29,0,10,11,50,71,3,5,16,24,95,0,0,0,16,16,0,0,0,0,16,7,147
2131617,49,6,18,7,55,86,10,8,11,29,115,4,8,0,12,24,0,0,10,10,34,3,201
2131618,0,0,0,0,0,0,0,0,0,0,0,0,0,0,0,0,0,0,0,0,0,0,0
2131619,20,0,7,6,50,63,6,4,13,23,86,0,7,5,7,19,0,0,9,9,28,0,134
2131620,54,6,11,4,84,105,14,9,18,41,146,0,6,0,17,23,0,3,7,10,33,8,241
2131621,43,5,15,3,83,106,13,5,28,46,152,3,6,3,12,24,0,0,8,8,32,0,227
2131622,33,3,23,8,81,115,15,9,31,55,170,0,7,0,16,23,0,0,10,10,33,4,240
2131623,57,0,16,6,56,78,10,6,15,31,109,0,0,0,13,13,0,4,6,10,23,3,192
2131624,53,0,9,0,48,57,6,12,18,36,93,0,0,3,13,16,0,3,4,7,23,5,174
2140101,39,3,30,6,92,131,11,7,18,36,167,3,7,3,21,34,5,0,4,9,43,6,255
2140102,47,4,15,4,72,95,0,0,41,41,136,0,7,5,24,36,0,6,25,31,67,5,255
2140103,45,5,24,10,79,118,11,11,16,38,156,0,11,3,21,35,6,4,10,20,55,7,263
2140104,25,6,22,4,71,103,3,8,18,29,132,3,4,4,18,29,0,0,10,10,39,5,201
2140105,39,11,31,3,91,136,10,5,16,31,167,0,5,6,34,45,4,0,7,11,56,7,269
2140106,45,3,21,3,100,127,8,9,16,33,160,0,7,3,18,28,0,5,7,12,40,4,249
2140107,35,7,15,3,75,100,0,12,17,29,129,3,3,3,13,22,0,8,13,21,43,0,207
2140108,33,5,16,7,50,78,3,6,11,20,98,0,0,0,11,11,0,3,7,10,21,0,152
2140109,43,0,10,6,95,111,12,5,5,22,133,3,6,4,14,27,0,0,14,14,41,6,223
2140110,46,3,14,10,47,74,10,0,30,40,114,0,9,10,31,50,0,6,24,30,80,0,240
2140201,48,3,20,10,78,111,8,14,26,48,159,0,15,4,26,45,3,4,10,17,62,3,272
2140202,66,5,4,3,53,65,0,0,31,31,96,0,4,6,21,31,3,3,20,26,57,3,222
2140203,54,4,11,10,44,69,4,6,26,36,105,0,7,7,12,26,3,5,37,45,71,5,235
2140204,43,5,12,3,35,55,0,5,16,21,76,0,8,4,11,23,4,0,15,19,42,0,161
2140205,61,7,7,0,44,58,3,0,34,37,95,0,6,4,14,24,3,3,24,30,54,0,210
2140206,48,0,5,10,45,60,8,7,23,38,98,7,3,3,7,20,0,0,16,16,36,0,182
2140207,33,0,8,8,40,56,0,0,30,30,86,3,7,4,20,34,0,0,11,11,45,4,168
2140208,39,3,10,7,45,65,7,12,30,49,114,0,3,3,23,29,0,5,7,12,41,3,197
2140209,25,4,22,4,70,100,3,9,19,31,131,0,3,5,15,23,0,7,6,13,36,6,198
2140210,22,10,10,4,48,72,5,9,12,26,98,0,5,4,15,24,0,4,9,13,37,8,165
2140211,21,0,18,8,34,60,5,5,14,24,84,0,6,3,13,22,3,3,3,9,31,0,136
2140212,0,0,0,0,0,0,0,0,0,0,0,0,0,0,0,0,0,0,0,0,0,0,0
2140213,0,0,0,0,0,0,0,0,0,0,0,0,0,0,0,0,0,0,0,0,0,0,0
2140301,89,7,17,4,49,77,13,7,33,53,130,0,0,4,23,27,0,7,14,21,48,7,274
2140302,71,0,14,8,41,63,13,13,51,77,140,0,4,4,9,17,0,4,9,13,30,5,246
2140303,84,0,12,5,43,60,10,11,32,53,113,4,4,0,14,22,0,0,25,25,47,4,248
2140304,98,6,12,4,31,53,9,8,40,57,110,0,0,4,7,11,0,5,12,17,28,6,242
2140305,22,0,6,4,14,24,0,3,11,14,38,0,0,3,3,6,0,0,5,5,11,3,74
2140306,58,3,4,0,32,39,9,4,32,45,84,0,0,5,12,17,0,0,16,16,33,0,175
2140307,31,0,6,3,14,23,0,4,17,21,44,0,3,0,13,16,4,0,12,16,32,6,113
2140308,68,5,17,3,40,65,17,11,35,63,128,0,5,0,17,22,4,5,15,24,46,7,249
2140309,43,0,8,3,32,43,3,12,32,47,90,0,5,3,3,11,3,3,13,19,30,3,166
2140401,87,3,8,4,37,52,16,7,40,63,115,0,4,4,17,25,0,3,18,21,46,0,248
2140402,72,0,17,9,42,68,11,11,36,58,126,0,3,3,22,28,0,3,18,21,49,4,251
2140403,49,0,21,0,25,46,6,5,23,34,80,0,3,0,7,10,3,3,6,12,22,0,151
2140404,64,0,6,0,30,36,0,6,15,21,57,0,0,0,27,27,0,0,19,19,46,4,171
2140405,20,0,0,4,12,16,0,0,5,5,21,0,0,0,4,4,0,3,5,8,12,4,57
2140406,75,4,11,3,28,46,10,4,36,50,96,0,3,3,19,25,0,6,22,28,53,5,229
2140407,73,5,7,3,31,46,6,4,29,39,85,0,4,3,6,13,7,3,22,32,45,3,206
2140408,48,3,16,4,45,68,8,12,32,52,120,0,6,5,17,28,0,5,18,23,51,4,223
2140409,54,0,3,3,23,29,6,9,24,39,68,0,0,3,7,10,0,3,16,19,29,3,154
2140410,48,3,7,3,23,36,3,4,22,29,65,0,3,0,8,11,6,0,17,23,34,0,147
2140411,40,0,3,3,22,28,11,3,15,29,57,0,0,3,10,13,0,0,8,8,21,0,118
2140501,31,0,7,0,24,31,0,5,10,15,46,6,0,5,13,24,0,5,17,22,46,5,128
2140502,31,5,11,8,22,46,0,5,9,14,60,3,8,3,19,33,0,7,18,25,58,6,155
2140503,44,0,4,0,39,43,4,0,25,29,72,3,4,0,23,30,0,4,20,24,54,3,173
2140504,87,3,9,6,36,54,4,6,39,49,103,5,0,6,21,32,5,0,24,29,61,3,254
2140505,32,4,4,3,24,35,7,0,22,29,64,0,8,0,11,19,3,4,20,27,46,0,142
2140506,42,0,0,7,23,30,0,4,16,20,50,4,0,0,7,11,0,0,14,14,25,4,121
2140507,43,0,7,7,38,52,9,0,6,15,67,0,3,0,12,15,0,5,19,24,39,6,155
2140508,32,5,0,5,25,35,4,0,11,15,50,5,0,0,14,19,0,5,24,29,48,6,136
2140509,31,5,7,6,27,45,0,4,10,14,59,3,3,0,13,19,0,0,16,16,35,3,128
2140601,70,5,16,6,52,79,8,0,24,32,111,0,4,5,15,24,0,4,16,20,44,0,225
2140602,38,3,11,7,43,64,4,4,18,26,90,4,3,8,10,25,0,4,18,22,47,0,175
2140603,29,0,7,6,24,37,0,0,18,18,55,0,0,0,12,12,0,0,16,16,28,0,112
2140604,30,4,4,3,21,32,3,3,10,16,48,0,3,0,9,12,4,0,6,10,22,0,100
2140605,47,0,12,0,27,39,3,6,18,27,66,3,3,3,11,20,0,5,9,14,34,3,150
2140606,41,3,10,8,47,68,9,8,16,33,101,0,7,0,17,24,6,0,18,24,48,4,194
2140607,36,6,7,4,42,59,3,0,21,24,83,0,3,3,20,26,0,4,23,27,53,3,175
2140608,48,0,10,13,50,73,4,4,27,35,108,5,4,4,21,34,0,5,22,27,61,3,220
2140609,0,0,0,0,0,0,0,0,0,0,0,0,0,0,0,0,0,0,0,0,0,0,0
2140610,36,8,11,0,27,46,6,0,14,20,66,0,8,0,0,8,0,3,14,17,25,7,134
2140612,67,7,11,7,51,76,6,7,24,37,113,0,4,5,11,20,4,3,9,16,36,6,222
2140613,26,9,23,11,69,112,11,12,16,39,151,4,0,7,17,28,0,0,15,15,43,0,220
2140701,53,7,7,6,45,65,4,0,20,24,89,3,3,3,6,15,0,4,34,38,53,5,200
2140702,36,0,9,0,30,39,3,0,9,12,51,0,0,0,15,15,0,6,17,23,38,4,129
2140703,34,7,10,12,34,63,6,6,25,37,100,3,4,0,6,13,5,4,8,17,30,0,164
2140704,79,3,12,4,45,64,9,0,44,53,117,0,3,0,4,7,0,0,11,11,18,4,218
2140705,39,3,10,3,41,57,5,5,27,37,94,3,6,0,9,18,0,0,13,13,31,3,167
2140706,88,9,22,4,82,117,4,7,53,64,181,0,3,4,6,13,3,4,24,31,44,0,313
2140707,41,6,6,4,24,40,5,4,22,31,71,0,0,0,10,10,3,0,10,13,23,5,140
2140708,73,5,19,11,58,93,8,10,46,64,157,0,3,4,11,18,4,0,30,34,52,6,288
2140709,0,0,0,0,0,0,0,0,0,0,0,0,0,0,0,0,0,0,0,0,0,0,0
2140710,16,0,0,3,10,13,6,0,7,13,26,0,3,3,3,9,0,0,6,6,15,0,57
2140711,11,0,0,0,7,7,0,3,3,6,13,0,0,0,10,10,0,0,3,3,13,0,37
2140801,4,0,5,0,6,11,0,3,0,3,14,0,0,0,0,0,0,0,5,5,5,0,23
2140802,79,4,5,8,40,57,11,0,57,68,125,0,3,3,15,21,0,6,26,32,53,3,260
2140803,49,0,0,0,21,21,0,5,13,18,39,0,0,0,10,10,3,5,7,15,25,5,118
2140804,62,0,0,0,19,19,0,7,8,15,34,0,0,0,11,11,3,4,9,16,27,4,127
2140805,59,0,9,5,27,41,3,5,22,30,71,0,0,0,26,26,3,4,18,25,51,4,185
2140806,63,0,8,0,33,41,0,0,41,41,82,0,4,0,3,7,0,7,8,15,22,5,172
2140807,96,3,15,6,42,66,8,11,34,53,119,0,5,3,7,15,5,3,27,35,50,3,268
2140808,53,3,0,3,32,38,6,3,19,28,66,0,3,0,3,6,0,0,12,12,18,0,137
2140809,101,9,24,3,53,89,19,16,46,81,170,0,4,0,5,9,5,8,10,23,32,6,309
2140810,34,4,6,0,29,39,9,3,13,25,64,0,0,0,4,4,0,0,8,8,12,5,115
2140811,45,0,7,9,26,42,7,0,14,21,63,0,0,6,9,15,0,0,5,5,20,3,131
2140812,0,0,0,0,0,0,0,0,0,0,0,0,0,0,0,0,0,0,0,0,0,0,0
2140901,71,4,9,3,30,46,7,7,32,46,92,6,0,0,7,13,0,0,8,8,21,0,184
2140902,44,0,0,0,13,13,3,3,10,16,29,0,0,3,12,15,0,0,12,12,27,3,103
2140903,53,0,5,3,5,13,0,0,6,6,19,0,5,0,9,14,0,0,13,13,27,6,105
2140904,51,0,6,6,70,82,9,7,23,39,121,0,3,0,12,15,3,3,12,18,33,0,205
2140905,56,0,9,0,28,37,5,0,13,18,55,0,4,0,17,21,0,0,14,14,35,4,150
2140906,33,0,6,0,30,36,0,5,14,19,55,0,0,0,17,17,3,4,12,19,36,4,128
2140907,62,5,12,3,67,87,6,13,22,41,128,0,4,3,25,32,0,6,25,31,63,7,260
2140908,83,0,13,0,71,84,4,13,23,40,124,0,8,4,26,38,0,4,18,22,60,10,277
2140909,72,0,9,0,15,24,4,8,11,23,47,0,0,3,10,13,0,3,9,12,25,4,148
2140910,52,0,6,5,23,34,4,9,16,29,63,0,3,0,9,12,0,0,15,15,27,5,147
2140911,56,7,9,8,75,99,7,5,11,23,122,0,0,0,6,6,5,0,11,16,22,0,200
2140912,93,3,14,4,111,132,11,15,14,40,172,0,3,0,11,14,0,0,10,10,24,0,289
2141001,24,4,13,9,63,89,0,5,11,16,105,0,0,0,14,14,0,0,11,11,25,0,154
2141002,23,7,14,5,42,68,0,5,13,18,86,0,4,3,13,20,0,4,5,9,29,0,138
2141003,42,3,8,6,71,88,5,6,7,18,106,0,0,3,13,16,5,0,6,11,27,3,178
2141004,51,4,15,4,69,92,4,4,21,29,121,0,5,0,16,21,0,4,16,20,41,0,213
2141005,62,4,12,12,93,121,17,6,35,58,179,0,3,7,22,32,4,0,20,24,56,5,302
2141006,64,5,28,6,84,123,14,12,35,61,184,0,8,9,29,46,4,5,25,34,80,3,331
2141007,56,0,9,10,33,52,7,9,28,44,96,0,6,3,14,23,9,0,11,20,43,5,200
2141008,45,4,8,7,23,42,9,6,23,38,80,0,0,0,21,21,0,0,14,14,35,5,165
2141101,81,8,36,6,120,170,12,22,27,61,231,0,0,0,19,19,0,0,7,7,26,4,342
2141102,66,5,31,6,111,153,16,17,22,55,208,4,3,0,6,13,3,4,9,16,29,5,308
2141103,45,4,11,0,50,65,9,4,10,23,88,0,6,7,11,24,3,0,10,13,37,0,170
2141104,84,3,23,6,107,139,8,11,21,40,179,0,5,3,20,28,3,8,5,16,44,3,310
2141105,54,0,12,4,40,56,7,13,22,42,98,0,5,0,18,23,0,0,14,14,37,0,189
2141106,51,3,3,4,25,35,5,4,16,25,60,0,0,0,18,18,5,0,9,14,32,0,143
2141107,43,0,6,3,41,50,0,3,15,18,68,4,0,0,16,20,4,3,3,10,30,0,141
2141108,79,0,4,4,27,35,5,3,17,25,60,4,3,4,6,17,0,0,19,19,36,4,179
2141109,27,0,7,3,19,29,4,5,5,14,43,0,0,0,6,6,0,0,7,7,13,3,86
2141110,69,0,0,0,51,51,3,4,23,30,81,0,5,0,20,25,3,12,6,21,46,0,196
2141111,54,0,35,0,75,110,10,13,18,41,151,0,3,3,3,9,0,0,0,0,9,6,220
2141112,48,0,16,4,37,57,12,9,13,34,91,0,3,0,6,9,0,0,7,7,16,0,155
2141201,18,0,0,0,19,19,0,0,13,13,32,0,0,0,10,10,5,3,3,11,21,0,71
2141202,40,7,14,6,81,108,11,17,30,58,166,0,0,0,8,8,0,0,3,3,11,3,220
2141203,49,3,12,0,27,42,5,0,30,35,77,0,4,4,23,31,0,4,19,23,54,0,180
2141204,56,3,7,3,40,53,0,6,38,44,97,0,0,5,30,35,7,4,22,33,68,7,228
2141205,41,0,15,9,51,75,6,5,23,34,109,0,3,0,17,20,5,0,9,14,34,4,188
2141206,44,0,30,8,68,106,11,20,38,69,175,0,6,0,4,10,0,0,6,6,16,3,238
2141207,29,0,5,6,25,36,0,0,13,13,49,0,5,8,44,57,0,7,26,33,90,3,171
2141208,59,3,6,4,35,48,7,4,17,28,76,0,0,6,13,19,3,3,14,20,39,5,179
2141209,50,0,8,0,21,29,3,3,14,20,49,0,0,0,12,12,0,3,19,22,34,0,133
2141210,54,3,24,6,109,142,13,18,22,53,195,0,4,0,9,13,4,3,9,16,29,6,284
2141211,28,7,22,13,74,116,13,11,26,50,166,0,0,3,8,11,0,0,4,4,15,0,209
2141212,17,0,18,6,39,63,10,8,28,46,109,0,0,0,0,0,0,0,3,3,3,0,129
2141213,42,3,19,3,64,89,10,11,24,45,134,3,4,0,16,23,3,3,21,27,50,0,226
2141214,42,4,14,4,77,99,7,11,25,43,142,0,0,0,0,0,0,8,5,13,13,0,197
2141301,49,4,6,4,65,79,3,8,15,26,105,0,0,3,5,8,0,0,5,5,13,3,170
2141302,48,0,13,0,43,56,0,5,11,16,72,0,5,3,17,25,4,3,8,15,40,5,165
2141303,77,3,14,8,58,83,9,15,17,41,124,0,10,5,19,34,0,7,16,23,57,0,258
2141304,62,0,8,4,29,41,7,10,17,34,75,0,5,0,7,12,0,5,12,17,29,4,170
2141305,62,5,0,0,17,22,0,0,11,11,33,0,5,3,22,30,0,8,16,24,54,4,153
2141306,53,3,9,7,66,85,0,3,17,20,105,0,6,0,14,20,3,5,7,15,35,4,197
2141307,29,0,7,0,29,36,0,3,12,15,51,3,0,4,15,22,3,4,10,17,39,0,119
2141308,39,0,16,5,104,125,0,4,12,16,141,0,0,0,4,4,0,0,0,0,4,0,184
2141309,45,0,3,4,52,59,3,0,4,7,66,0,0,0,21,21,0,5,7,12,33,4,148
2141310,58,0,6,0,101,107,5,7,12,24,131,0,6,0,0,6,0,0,5,5,11,0,200
2141401,51,3,21,3,102,129,5,9,18,32,161,0,4,0,17,21,0,5,12,17,38,3,253
2141402,40,0,13,6,77,96,0,12,14,26,122,0,5,0,22,27,0,10,4,14,41,0,203
2141403,59,3,24,10,115,152,5,8,14,27,179,0,7,3,29,39,3,0,16,19,58,0,296
2141404,67,0,13,0,37,50,18,10,35,63,113,0,0,0,8,8,0,5,10,15,23,6,209
2141405,59,3,25,11,60,99,16,19,55,90,189,0,0,0,5,5,4,0,10,14,19,0,267
2141406,36,3,13,3,64,83,3,9,16,28,111,0,4,4,11,19,0,5,9,14,33,4,184
2141407,29,0,19,4,47,70,8,7,32,47,117,0,0,0,10,10,0,0,8,8,18,0,164
2141408,68,3,34,7,84,128,32,10,66,108,236,0,0,0,10,10,5,4,8,17,27,4,335
2141409,65,10,30,7,72,119,23,30,50,103,222,0,6,0,5,11,0,0,12,12,23,0,310
2141410,33,0,18,0,64,82,3,4,10,17,99,0,7,3,18,28,0,0,8,8,36,3,171
2141411,31,3,30,6,96,135,8,11,31,50,185,0,0,0,8,8,3,0,5,8,16,0,232
2141412,57,8,14,8,68,98,4,0,10,14,112,0,6,3,9,18,0,5,11,16,34,3,206
2141413,27,0,19,8,82,109,3,3,18,24,133,0,5,0,11,16,0,4,7,11,27,4,191
2141414,62,0,31,12,128,171,16,8,23,47,218,0,0,6,18,24,0,3,9,12,36,5,321
2141415,58,6,19,9,126,160,8,9,20,37,197,0,4,7,24,35,6,7,13,26,61,5,321
2141416,33,3,33,3,70,109,11,6,26,43,152,0,4,0,19,23,0,0,14,14,37,0,222
2141417,40,3,8,3,81,95,7,9,14,30,125,0,3,0,25,28,0,0,8,8,36,3,204
2141418,0,0,0,0,0,0,0,0,0,0,0,0,0,0,0,0,0,0,0,0,0,0,0
2141419,31,5,15,7,100,127,12,3,7,22,149,0,3,0,17,20,0,0,4,4,24,4,208
2141420,33,3,18,10,72,103,4,6,7,17,120,0,3,0,14,17,0,0,5,5,22,0,175
2141421,22,8,29,7,77,121,12,12,14,38,159,4,5,0,10,19,6,0,0,6,25,0,206
2141422,58,6,32,4,73,115,11,21,38,70,185,0,3,0,13,16,0,0,11,11,27,0,270
2141423,34,5,15,3,91,114,11,10,17,38,152,0,0,0,6,6,0,5,0,5,11,6,203
2141424,17,0,9,11,56,76,0,4,15,19,95,4,4,0,15,23,0,0,4,4,27,0,139
2141425,47,0,30,3,86,119,10,6,21,37,156,0,0,0,7,7,0,3,0,3,10,0,213
2141426,46,8,10,11,91,120,6,8,7,21,141,0,4,5,11,20,0,4,6,10,30,0,217
2141427,41,10,7,4,85,106,5,4,12,21,127,0,5,5,14,24,3,3,11,17,41,4,213
2141428,29,0,4,5,30,39,5,0,3,8,47,0,0,0,5,5,0,0,7,7,12,0,88
2141429,8,0,5,0,31,36,7,4,7,18,54,0,0,0,0,0,3,0,0,3,3,0,65
2141430,30,8,12,10,60,90,8,3,7,18,108,0,5,0,12,17,0,0,9,9,26,0,164
2141431,56,11,28,7,127,173,10,3,11,24,197,0,0,0,23,23,0,3,10,13,36,0,289
2141432,25,5,10,4,74,93,3,3,6,12,105,3,6,0,7,16,0,0,4,4,20,0,150
2141433,33,4,5,0,53,62,0,3,4,7,69,0,5,3,3,11,5,3,0,8,19,0,121
2141434,52,0,8,3,79,90,5,4,5,14,104,0,3,0,13,16,0,0,7,7,23,0,179
2141435,46,6,14,7,93,120,13,0,18,31,151,0,6,0,12,18,0,4,6,10,28,0,225
2141436,24,3,9,6,37,55,0,0,8,8,63,0,6,3,10,19,0,0,6,6,25,3,115
2141501,56,0,7,5,40,52,0,10,21,31,83,0,0,0,7,7,0,0,7,7,14,6,159
2141502,35,5,16,13,75,109,4,8,19,31,140,0,7,0,12,19,0,6,12,18,37,3,215
2141503,42,3,11,5,37,56,9,7,19,35,91,0,5,0,12,17,4,3,10,17,34,3,170
2141504,42,3,8,4,55,70,8,5,47,60,130,0,3,5,19,27,7,0,8,15,42,5,219
2141505,61,4,4,0,43,51,5,4,28,37,88,0,3,3,24,30,0,5,12,17,47,5,201
2141506,63,3,18,4,56,81,16,7,32,55,136,0,0,7,24,31,4,6,12,22,53,4,256
2141507,41,0,17,10,58,85,5,7,10,22,107,0,5,4,17,26,0,4,4,8,34,3,185
2141508,30,0,21,5,67,93,7,12,17,36,129,0,7,0,19,26,0,7,10,17,43,0,202
2141509,71,11,25,5,140,181,11,10,16,37,218,0,4,4,30,38,0,4,9,13,51,0,340
2141510,68,5,25,5,88,123,8,8,12,28,151,0,0,0,14,14,0,0,6,6,20,0,239
2141511,37,0,8,7,64,79,9,4,18,31,110,0,0,8,14,22,3,4,6,13,35,0,182
2141512,51,0,16,0,71,87,6,6,20,32,119,0,0,0,17,17,0,0,12,12,29,4,203
2141513,45,0,8,7,62,77,0,6,4,10,87,0,3,0,14,17,0,0,0,0,17,7,156
2141514,41,4,4,4,70,82,3,9,9,21,103,0,0,5,14,19,0,0,7,7,26,0,170
2141515,53,0,11,0,68,79,0,0,6,6,85,0,6,0,15,21,0,3,7,10,31,4,173
2141516,48,0,11,6,57,74,5,3,8,16,90,0,3,3,5,11,0,0,3,3,14,0,152
2141517,12,0,0,0,0,0,0,0,5,5,5,3,0,0,0,3,0,0,3,3,6,0,23
2141518,36,9,18,7,65,99,10,11,21,42,141,0,0,0,9,9,0,0,0,0,9,0,186
2141601,59,3,10,0,38,51,6,15,22,43,94,0,0,0,5,5,0,5,8,13,18,3,174
2141602,49,4,7,6,44,61,11,11,24,46,107,0,0,4,18,22,0,7,18,25,47,0,203
2141603,65,0,18,0,46,64,6,17,24,47,111,0,7,0,3,10,3,3,7,13,23,6,205
2141604,57,7,4,0,32,43,5,9,26,40,83,0,4,3,15,22,3,0,13,16,38,0,178
2141605,30,4,27,5,60,96,17,22,20,59,155,3,0,0,8,11,0,0,4,4,15,0,200
2141606,49,5,16,0,26,47,10,12,18,40,87,0,4,0,0,4,0,5,3,8,12,0,148
2141607,43,4,20,4,54,82,7,13,13,33,115,0,6,0,5,11,0,3,9,12,23,7,188
2141608,45,5,6,0,34,45,8,14,26,48,93,3,0,0,13,16,0,3,9,12,28,5,171
2141609,57,3,13,8,113,137,6,4,21,31,168,0,0,0,21,21,4,0,12,16,37,3,265
2141610,70,0,20,5,58,83,11,24,24,59,142,0,3,0,9,12,0,3,3,6,18,4,234
2141611,15,4,9,7,47,67,8,3,5,16,83,0,0,0,6,6,0,0,0,0,6,5,109
2141612,109,0,12,3,64,79,3,0,14,17,96,0,0,6,7,13,0,4,6,10,23,0,228
2150101,100,0,12,4,58,74,14,9,24,47,121,0,0,0,17,17,5,7,17,29,46,4,271
2150102,61,0,10,5,34,49,0,6,15,21,70,0,4,4,19,27,0,7,17,24,51,4,186
2150103,61,0,5,0,17,22,0,6,9,15,37,0,0,3,9,12,3,5,9,17,29,0,127
2150104,75,3,3,0,56,62,6,11,26,43,105,5,0,0,11,16,0,3,12,15,31,5,216
2150105,75,0,9,0,43,52,0,9,15,24,76,0,3,0,9,12,3,3,11,17,29,3,183
2150106,39,0,5,0,26,31,5,8,10,23,54,0,3,0,9,12,3,0,8,11,23,0,116
2150107,59,0,7,0,49,56,7,16,23,46,102,0,0,0,9,9,3,3,9,15,24,7,192
2150108,64,4,5,4,42,55,10,8,15,33,88,0,0,3,5,8,3,3,17,23,31,0,183
2150109,91,0,9,0,44,53,3,8,19,30,83,4,0,0,12,16,0,4,18,22,38,4,216
2150110,44,0,8,0,21,29,4,6,11,21,50,3,0,0,4,7,0,3,7,10,17,0,111
2150111,28,5,9,0,27,41,4,5,15,24,65,0,0,0,5,5,3,3,5,11,16,0,109
2150112,46,0,0,0,30,30,0,3,12,15,45,0,0,0,3,3,3,3,4,10,13,3,107
2150201,67,0,8,0,17,25,4,3,12,19,44,0,4,0,5,9,0,3,10,13,22,0,133
2150202,25,0,0,0,20,20,0,0,4,4,24,0,0,0,0,0,0,0,8,8,8,0,57
2150203,37,0,4,0,25,29,7,6,9,22,51,0,0,0,0,0,0,5,0,5,5,4,97
2150204,53,0,12,0,42,54,16,9,21,46,100,3,0,0,9,12,0,5,11,16,28,4,185
2150205,49,0,14,7,32,53,9,10,19,38,91,0,3,0,3,6,0,0,7,7,13,0,153
2150206,60,0,18,4,43,65,12,9,18,39,104,0,0,0,8,8,4,6,6,16,24,4,192
2150207,44,0,10,3,41,54,7,11,10,28,82,0,4,0,7,11,3,0,10,13,24,0,150
2150208,101,0,15,3,53,71,18,17,37,72,143,0,0,0,10,10,3,3,13,19,29,3,276
2150209,45,0,11,4,42,57,4,7,17,28,85,0,0,0,5,5,0,0,9,9,14,3,147
2150210,78,0,4,0,32,36,0,9,8,17,53,0,0,0,23,23,4,0,16,20,43,8,182
2150211,52,0,17,0,54,71,7,20,22,49,120,0,8,0,0,8,0,3,4,7,15,0,187
2150301,54,4,22,0,79,105,24,16,27,67,172,0,0,0,13,13,0,0,9,9,22,0,248
2150302,35,0,12,0,44,56,10,15,17,42,98,0,8,0,0,8,3,3,4,10,18,0,151
2150303,47,7,14,5,57,83,14,16,29,59,142,0,0,0,7,7,3,10,7,20,27,5,221
2150304,90,6,6,4,59,75,18,11,40,69,144,0,0,0,11,11,0,7,12,19,30,0,264
2150305,72,0,9,4,46,59,0,3,9,12,71,0,3,0,8,11,0,4,10,14,25,3,171
2150306,53,8,19,3,49,79,21,17,40,78,157,0,4,0,10,14,3,3,4,10,24,0,234
2150307,48,0,6,4,26,36,7,7,17,31,67,0,3,0,3,6,0,0,5,5,11,0,126
2150308,67,4,25,4,60,93,24,12,22,58,151,0,3,0,10,13,0,5,6,11,24,3,245
2150309,23,0,10,3,28,41,9,8,8,25,66,0,3,0,3,6,4,6,0,10,16,0,105
2150310,18,0,10,0,34,44,13,8,12,33,77,0,0,0,6,6,0,3,4,7,13,0,108
2150311,46,0,10,3,39,52,7,11,16,34,86,3,3,0,3,9,4,4,4,12,21,0,153
2150312,29,3,10,3,34,50,9,7,18,34,84,0,4,0,3,7,0,6,4,10,17,4,134
2150313,33,7,18,3,51,79,17,21,8,46,125,0,0,0,3,3,3,4,4,11,14,3,175
2150314,48,3,5,0,31,39,4,11,26,41,80,0,0,4,0,4,0,0,11,11,15,0,143
2150315,23,0,9,6,31,46,10,13,18,41,87,0,3,0,3,6,3,0,3,6,12,0,122
2150401,71,0,17,4,37,58,7,8,27,42,100,0,3,3,5,11,0,6,3,9,20,0,191
2150402,29,0,3,0,22,25,4,3,4,11,36,0,0,0,5,5,0,0,6,6,11,3,79
2150403,46,0,4,5,31,40,0,8,5,13,53,0,0,0,10,10,0,3,7,10,20,0,119
2150404,101,3,15,0,73,91,7,14,37,58,149,0,5,0,14,19,4,0,14,18,37,0,287
2150405,78,0,17,0,55,72,13,13,47,73,145,0,0,0,7,7,7,4,11,22,29,5,257
2150406,55,0,5,0,34,39,6,6,19,31,70,0,0,0,13,13,0,5,20,25,38,3,166
2150407,58,0,9,0,34,43,5,8,10,23,66,0,0,3,17,20,0,3,16,19,39,4,167
2150408,89,4,4,0,69,77,6,7,40,53,130,0,6,0,6,12,0,4,26,30,42,0,261
2150409,36,0,0,0,25,25,0,3,14,17,42,0,3,0,3,6,6,5,12,23,29,0,107
2150501,28,5,16,0,54,75,10,0,12,22,97,0,0,0,0,0,0,0,0,0,0,0,125
2150502,63,4,24,0,47,75,12,13,42,67,142,0,3,0,3,6,4,0,3,7,13,3,221
2150503,71,4,9,0,54,67,5,13,22,40,107,4,0,0,10,14,0,4,12,16,30,0,208
2150504,87,0,10,3,38,51,5,6,20,31,82,0,0,0,10,10,0,0,17,17,27,5,201
2150505,92,0,8,0,44,52,4,3,33,40,92,0,0,0,13,13,0,3,20,23,36,0,220
2150506,103,6,9,0,29,44,8,0,42,50,94,0,0,0,9,9,0,0,18,18,27,0,224
2150507,56,3,8,0,34,45,8,9,20,37,82,0,0,0,10,10,0,3,10,13,23,0,161
2150508,78,0,10,0,22,32,6,0,26,32,64,0,4,0,6,10,0,0,17,17,27,5,174
2150509,72,6,0,0,34,40,0,7,33,40,80,0,4,3,9,16,0,4,14,18,34,0,186
2150510,43,0,7,0,15,22,0,7,14,21,43,0,0,0,5,5,0,3,4,7,12,0,98
2150511,23,3,15,0,29,47,12,14,15,41,88,0,4,0,3,7,3,4,5,12,19,0,130
2150512,41,0,11,0,32,43,11,5,30,46,89,0,0,3,3,6,0,0,0,0,6,0,136
2150513,42,4,3,4,23,34,4,3,25,32,66,0,0,0,6,6,0,0,6,6,12,4,124
2150514,70,0,9,4,58,71,7,6,21,34,105,0,3,3,8,14,0,3,12,15,29,3,207
2150601,77,0,6,5,33,44,0,0,23,23,67,0,0,4,14,18,0,0,12,12,30,8,182
2150602,94,0,8,3,39,50,5,8,22,35,85,0,0,5,13,18,5,4,22,31,49,5,233
2150603,69,0,8,0,33,41,3,12,27,42,83,0,0,0,13,13,0,0,17,17,30,5,187
2150604,60,3,9,0,39,51,0,8,19,27,78,0,0,0,6,6,3,3,3,9,15,3,156
2150605,95,4,5,0,31,40,7,11,28,46,86,0,0,0,21,21,0,5,18,23,44,0,225
2150606,55,0,0,5,34,39,3,8,9,20,59,0,0,3,9,12,6,5,16,27,39,6,159
2150607,58,0,5,0,19,24,6,3,16,25,49,4,3,0,3,10,0,0,10,10,20,4,131
2150608,90,0,10,3,55,68,8,4,21,33,101,0,0,0,15,15,5,0,11,16,31,4,226
2150609,47,4,0,0,27,31,0,3,13,16,47,0,3,5,7,15,0,0,9,9,24,3,121
2150610,26,0,4,5,13,22,6,0,10,16,38,0,3,3,3,9,4,0,4,8,17,0,81
2150611,62,4,8,0,25,37,4,4,8,16,53,3,0,3,3,9,0,0,4,4,13,0,128
2150701,71,0,7,4,47,58,8,10,19,37,95,0,7,0,10,17,4,10,22,36,53,4,223
2150702,18,0,0,0,11,11,3,0,0,3,14,0,0,0,0,0,0,6,5,11,11,0,43
2150703,71,0,3,0,56,59,4,3,12,19,78,0,0,0,14,14,0,3,19,22,36,0,185
2150704,75,3,4,3,51,61,8,13,15,36,97,0,0,0,9,9,3,0,15,18,27,4,203
2150705,107,0,3,4,69,76,3,13,28,44,120,0,0,0,10,10,6,7,13,26,36,0,263
2150706,58,0,9,4,31,44,5,3,18,26,70,0,4,0,5,9,3,0,7,10,19,0,147
2150707,53,0,8,0,30,38,3,4,13,20,58,0,0,0,9,9,0,8,10,18,27,0,138
2150708,110,0,13,5,47,65,7,13,23,43,108,4,0,0,19,23,0,7,21,28,51,5,274
2150709,70,0,8,0,35,43,3,5,14,22,65,0,0,0,11,11,0,6,12,18,29,3,167
2150710,19,0,5,0,14,19,0,0,0,0,19,0,0,0,5,5,0,0,5,5,10,0,48
2150801,52,6,11,0,38,55,9,10,21,40,95,0,0,0,13,13,3,4,3,10,23,3,173
2150802,21,0,0,0,16,16,0,0,8,8,24,0,3,0,3,6,3,0,0,3,9,3,57
2150803,96,3,19,3,55,80,11,9,41,61,141,0,3,0,7,10,5,0,3,8,18,0,255
2150804,67,3,10,0,29,42,6,8,12,26,68,0,4,0,7,11,0,8,3,11,22,0,157
2150805,62,0,6,3,41,50,7,6,21,34,84,0,3,5,3,11,0,3,16,19,30,3,179
2150806,66,0,15,0,48,63,3,9,22,34,97,0,0,0,10,10,3,4,13,20,30,0,193
2150807,120,0,27,0,83,110,19,16,48,83,193,0,0,0,12,12,7,4,22,33,45,3,361
2150808,23,0,5,0,8,13,0,7,5,12,25,0,0,0,0,0,0,0,0,0,0,6,54
2150809,70,5,5,0,58,68,7,14,26,47,115,0,0,0,10,10,0,0,13,13,23,3,211
2150810,102,3,11,5,48,67,4,10,31,45,112,0,3,0,9,12,0,6,7,13,25,0,239
2150811,41,0,4,0,12,16,4,8,11,23,39,0,0,0,15,15,0,4,7,11,26,5,111
2150812,64,0,0,0,26,26,0,11,9,20,46,0,0,3,5,8,0,3,0,3,11,5,126
2150901,78,0,11,0,42,53,3,9,24,36,89,0,0,0,14,14,0,4,11,15,29,8,204
2150902,87,0,7,0,56,63,5,10,16,31,94,0,3,0,6,9,4,3,26,33,42,3,226
2150903,61,0,3,3,30,36,3,4,4,11,47,0,0,0,6,6,0,5,10,15,21,3,132
2150904,112,0,7,0,50,57,4,6,30,40,97,0,0,0,12,12,0,0,17,17,29,0,238
2150905,60,3,4,4,22,33,6,4,10,20,53,0,3,0,3,6,0,6,0,6,12,3,128
2150906,54,4,3,0,36,43,0,8,8,16,59,0,3,0,3,6,0,7,3,10,16,4,133
2150907,74,0,11,4,39,54,6,10,21,37,91,0,0,0,9,9,5,0,10,15,24,4,193
2150908,29,0,0,0,15,15,3,7,7,17,32,0,0,0,3,3,0,7,0,7,10,0,71
2150909,73,3,0,0,47,50,6,4,12,22,72,0,0,0,11,11,4,5,16,25,36,9,190
2150910,69,0,9,0,45,54,3,7,6,16,70,0,0,0,12,12,0,0,13,13,25,6,170
2150911,34,0,6,0,11,17,0,10,7,17,34,0,0,0,0,0,0,0,5,5,5,0,73
2150912,56,3,3,0,28,34,3,10,9,22,56,0,3,0,6,9,0,4,7,11,20,6,138
2150913,49,0,6,0,21,27,0,6,6,12,39,0,0,0,6,6,0,0,9,9,15,3,106
2150914,46,3,3,0,16,22,0,6,9,15,37,0,0,0,3,3,0,0,0,0,3,0,86
2151001,48,0,5,8,28,41,5,3,18,26,67,0,3,4,19,26,0,0,19,19,45,4,164
2151002,56,0,6,5,27,38,8,5,14,27,65,0,3,4,19,26,0,8,22,30,56,4,181
2151003,73,0,6,0,44,50,4,0,9,13,63,3,5,0,19,27,5,3,17,25,52,9,197
2151004,29,0,7,0,11,18,6,0,16,22,40,0,0,0,5,5,0,5,4,9,14,7,90
2151005,63,6,11,0,21,38,11,9,36,56,94,0,3,0,3,6,3,4,9,16,22,0,179
2151006,98,3,13,0,26,42,10,6,20,36,78,0,0,0,5,5,0,0,10,10,15,3,194
2151007,42,0,4,0,28,32,3,3,7,13,45,0,0,0,0,0,0,0,8,8,8,0,95
2151008,73,4,8,0,37,49,0,16,10,26,75,0,4,0,12,16,0,10,8,18,34,4,186
2151009,75,4,4,4,31,43,7,14,7,28,71,0,6,0,17,23,0,0,12,12,35,7,188
2151010,47,0,8,0,23,31,0,8,14,22,53,0,0,0,9,9,0,0,6,6,15,3,118
2151011,56,0,11,0,31,42,4,15,20,39,81,0,0,0,4,4,3,0,4,7,11,0,148
2151012,39,0,4,0,25,29,0,4,12,16,45,0,0,0,8,8,3,4,9,16,24,4,112
2151013,80,0,11,5,49,65,6,6,22,34,99,3,0,3,13,19,3,8,14,25,44,6,229
2151014,52,0,9,0,22,31,5,7,6,18,49,0,7,0,5,12,0,0,14,14,26,5,132
2151015,0,0,0,0,0,0,0,0,0,0,0,0,0,0,0,0,0,0,0,0,0,0,0
2151101,14,0,0,0,12,12,0,3,4,7,19,0,0,0,10,10,0,0,12,12,22,0,55
2151102,35,4,4,0,20,28,0,3,4,7,35,0,0,0,15,15,0,3,13,16,31,3,104
2151103,15,0,0,0,26,26,0,5,5,10,36,0,5,4,29,38,0,0,9,9,47,3,101
2151104,24,0,4,0,19,23,0,0,12,12,35,0,8,0,14,22,0,7,9,16,38,0,97
2151105,32,3,0,0,20,23,0,0,14,14,37,0,7,5,10,22,0,0,7,7,29,6,104
2151201,44,0,7,0,25,32,0,11,12,23,55,0,4,4,18,26,0,6,22,28,54,8,161
2151202,16,0,3,0,11,14,0,3,7,10,24,0,0,0,18,18,0,3,13,16,34,3,77
2151203,43,0,11,0,26,37,3,8,8,19,56,8,0,3,28,39,0,5,25,30,69,7,175
2151204,31,4,0,0,15,19,0,0,8,8,27,0,3,3,19,25,0,0,10,10,35,5,98
2151205,52,3,8,5,42,58,4,3,20,27,85,3,3,8,28,42,5,3,31,39,81,8,226
2151206,32,0,10,0,15,25,0,5,12,17,42,0,3,4,12,19,3,0,13,16,35,7,116
2151207,0,0,0,0,0,0,0,0,0,0,0,0,0,0,0,0,0,0,0,0,0,0,0
2151208,20,0,0,0,18,18,0,5,4,9,27,0,0,0,6,6,0,0,7,7,13,0,60
2151209,36,0,7,4,25,36,3,3,8,14,50,0,5,0,13,18,0,0,14,14,32,3,121
2151210,25,0,3,5,19,27,0,0,7,7,34,0,8,0,17,25,4,3,20,27,52,3,114
2151211,39,0,7,3,13,23,3,3,10,16,39,0,0,0,18,18,0,4,14,18,36,5,119
2151212,23,0,5,0,19,24,0,0,13,13,37,0,0,0,13,13,0,0,16,16,29,9,98
2151301,78,0,4,0,43,47,0,9,21,30,77,0,0,0,5,5,0,0,15,15,20,7,182
2151302,53,0,8,0,30,38,0,9,0,9,47,0,3,0,6,9,0,3,8,11,20,8,128
2151303,91,0,6,0,38,44,5,4,21,30,74,0,3,0,15,18,0,6,7,13,31,5,201
2151304,65,0,11,0,48,59,3,13,13,29,88,0,0,0,11,11,5,4,14,23,34,0,187
2151305,75,0,7,4,28,39,7,0,4,11,50,0,0,0,9,9,3,4,5,12,21,0,146
2151306,39,0,3,0,23,26,0,0,4,4,30,0,0,0,8,8,0,0,10,10,18,4,91
2151307,66,0,11,6,57,74,0,7,24,31,105,0,0,0,13,13,3,3,11,17,30,8,209
2151308,49,0,6,0,49,55,5,4,3,12,67,0,3,0,3,6,0,0,12,12,18,10,144
2151309,23,0,0,0,9,9,0,3,3,6,15,0,0,0,3,3,0,0,8,8,11,0,49
2151310,53,6,5,0,39,50,0,11,15,26,76,0,0,0,3,3,0,0,8,8,11,0,140
2151311,32,0,7,0,17,24,0,0,5,5,29,0,0,0,0,0,0,3,12,15,15,5,81
2151312,80,0,9,0,50,59,3,9,16,28,87,0,0,0,5,5,3,3,12,18,23,7,197
2151313,65,0,6,3,36,45,5,0,16,21,66,0,0,0,0,0,0,0,9,9,9,3,143
2151314,39,0,7,0,21,28,5,0,8,13,41,0,0,0,0,0,0,0,8,8,8,0,88
2151315,0,0,0,0,0,0,0,0,0,0,0,0,0,0,0,0,0,0,0,0,0,0,0
2151401,38,0,3,0,30,33,4,11,3,18,51,0,0,0,0,0,0,0,3,3,3,0,92
2151402,38,0,0,0,44,44,0,11,9,20,64,0,0,0,0,0,0,0,7,7,7,0,109
2151403,20,3,8,0,23,34,3,5,5,13,47,0,0,0,3,3,0,0,8,8,11,4,82
2151404,45,3,4,0,53,60,7,10,7,24,84,0,3,0,4,7,0,5,0,5,12,0,141
2151405,68,0,32,0,62,94,18,25,14,57,151,0,0,0,3,3,4,3,6,13,16,0,235
2151406,59,0,8,4,35,47,13,12,23,48,95,0,0,0,0,0,3,5,6,14,14,5,173
2151407,40,0,9,0,21,30,9,8,19,36,66,0,0,0,0,0,3,0,4,7,7,3,116
2151408,36,0,4,0,9,13,4,4,5,13,26,0,0,0,3,3,0,6,0,6,9,3,74
2151409,45,4,10,0,37,51,7,12,16,35,86,0,0,0,3,3,0,3,3,6,9,0,140
2151410,43,7,13,0,31,51,15,18,9,42,93,0,0,0,0,0,0,7,8,15,15,0,151
2151411,29,0,9,0,26,35,0,11,15,26,61,0,0,0,3,3,0,5,10,15,18,0,108
2151412,20,0,0,0,21,21,0,8,9,17,38,0,0,0,0,0,3,0,0,3,3,6,67
2151413,30,0,12,0,15,27,8,11,7,26,53,0,0,0,0,0,6,0,0,6,6,0,89
2151414,34,0,10,5,45,60,6,12,13,31,91,0,0,0,3,3,0,3,3,6,9,0,134
2151415,39,0,5,0,14,19,5,3,4,12,31,0,0,0,0,0,3,0,4,7,7,0,77
2151416,21,0,5,0,8,13,3,3,5,11,24,0,0,0,0,0,0,0,3,3,3,0,48
2151501,18,0,0,3,32,35,0,7,4,11,46,0,0,0,5,5,0,3,10,13,18,7,89
2151502,54,0,10,0,69,79,4,16,10,30,109,0,0,0,9,9,0,7,10,17,26,10,199
2151503,54,0,11,0,37,48,14,13,4,31,79,0,3,3,4,10,0,8,11,19,29,8,170
2151504,52,0,14,0,41,55,8,0,6,14,69,0,6,0,4,10,0,0,18,18,28,4,153
2151505,24,0,4,0,13,17,3,4,3,10,27,0,0,0,8,8,0,0,8,8,16,5,72
2151506,44,0,6,0,39,45,4,13,19,36,81,0,0,0,20,20,3,3,21,27,47,6,178
2151507,74,0,14,0,66,80,4,10,12,26,106,0,3,4,9,16,4,4,18,26,42,9,231
2151508,27,0,3,0,19,22,0,6,6,12,34,0,0,0,3,3,3,0,4,7,10,0,71
2151509,32,0,12,0,74,86,3,10,4,17,103,0,0,0,5,5,0,6,6,12,17,3,155
2151510,44,0,13,0,37,50,4,7,14,25,75,0,0,0,0,0,0,0,4,4,4,6,129
2151601,66,4,5,0,46,55,4,8,16,28,83,0,0,0,4,4,4,0,6,10,14,0,163
2151602,34,0,13,0,32,45,5,9,12,26,71,0,0,0,4,4,0,0,13,13,17,10,132
2151603,21,0,0,0,7,7,3,3,3,9,16,0,0,0,4,4,0,3,0,3,7,7,51
2151604,78,0,10,0,38,48,3,14,19,36,84,0,4,0,11,15,5,4,4,13,28,5,195
2151605,39,0,10,3,30,43,6,13,11,30,73,0,0,0,9,9,0,4,4,8,17,0,129
2151606,48,0,19,0,44,63,6,13,12,31,94,0,0,0,6,6,5,0,5,10,16,0,158
2151607,58,0,16,0,44,60,7,17,9,33,93,0,4,0,4,8,6,0,7,13,21,0,172
2151608,61,4,14,3,59,80,4,18,14,36,116,0,5,0,9,14,0,4,9,13,27,11,215
2151609,49,3,13,0,43,59,7,13,9,29,88,0,0,0,0,0,5,3,0,8,8,0,145
2151610,19,0,6,0,20,26,4,9,8,21,47,0,0,0,3,3,0,0,5,5,8,0,74
2151701,63,0,8,3,86,97,0,4,14,18,115,0,3,0,19,22,4,6,9,19,41,0,219
2151702,71,0,11,5,102,118,8,0,11,19,137,0,0,0,5,5,0,9,0,9,14,0,222
2151703,108,0,6,0,72,78,5,13,37,55,133,0,5,0,8,13,0,0,15,15,28,3,272
2151704,91,0,5,0,62,67,6,3,18,27,94,0,3,0,10,13,3,3,12,18,31,3,219
2151705,63,0,11,4,53,68,5,4,25,34,102,3,0,0,8,11,0,5,3,8,19,3,187
2151706,77,0,4,5,34,43,0,5,14,19,62,0,8,0,13,21,4,0,17,21,42,3,184
2151707,19,3,8,3,28,42,0,3,10,13,55,3,0,3,15,21,0,5,17,22,43,9,126
2151708,89,0,20,3,41,64,7,9,26,42,106,0,0,0,13,13,0,6,24,30,43,0,238
2151709,77,0,16,9,78,103,11,12,19,42,145,0,0,0,21,21,4,7,20,31,52,0,274
2151710,58,0,0,0,51,51,8,14,26,48,99,0,0,0,8,8,4,5,14,23,31,0,188
2151711,56,0,5,0,52,57,0,0,10,10,67,0,3,0,10,13,3,3,15,21,34,0,157
2151712,0,0,0,0,0,0,0,0,0,0,0,0,0,0,0,0,0,0,0,0,0,0,0
2160101,58,4,21,0,47,72,5,14,28,47,119,0,0,0,6,6,0,3,0,3,9,0,186
2160102,48,4,3,0,31,38,5,11,15,31,69,4,0,0,19,23,0,3,12,15,38,6,161
2160103,64,0,7,4,52,63,8,5,21,34,97,0,4,0,4,8,0,0,8,8,16,0,177
2160104,47,0,7,0,29,36,7,7,16,30,66,0,0,0,6,6,0,0,11,11,17,0,130
2160105,55,3,7,6,47,63,9,4,30,43,106,0,0,0,0,0,0,6,10,16,16,0,177
2160106,52,0,6,3,24,33,3,7,17,27,60,0,3,0,25,28,3,0,13,16,44,4,160
2160107,34,6,6,4,9,25,4,4,23,31,56,3,3,0,0,6,0,3,3,6,12,3,105
2160108,34,3,15,0,40,58,4,8,33,45,103,0,6,0,10,16,0,0,15,15,31,4,172
2160109,84,0,7,5,37,49,6,9,32,47,96,0,0,0,11,11,0,0,5,5,16,0,196
2160110,66,3,9,8,62,82,6,6,18,30,112,3,0,4,13,20,0,7,3,10,30,0,208
2160111,47,0,9,5,86,100,6,0,18,24,124,3,0,0,10,13,0,0,7,7,20,0,191
2160112,63,3,22,0,178,203,0,8,8,16,219,0,0,0,8,8,3,3,0,6,14,0,296
2160113,24,0,4,3,10,17,4,0,5,9,26,0,0,0,0,0,0,0,3,3,3,0,53
2160114,24,3,3,0,12,18,4,0,8,12,30,0,0,0,4,4,0,0,5,5,9,0,63
2160115,61,0,13,4,67,84,4,0,9,13,97,0,0,0,22,22,0,0,9,9,31,0,189
2160116,39,0,6,0,80,86,0,0,11,11,97,0,3,0,3,6,0,0,0,0,6,0,142
2160117,48,5,6,3,108,122,3,0,15,18,140,0,0,0,8,8,3,0,3,6,14,0,202
2160118,21,0,5,3,12,20,3,0,6,9,29,0,3,0,0,3,0,0,0,0,3,0,53
2160201,33,0,16,4,100,120,16,10,18,44,164,0,0,4,17,21,0,0,7,7,28,0,225
2160202,74,0,9,0,37,46,5,5,17,27,73,0,4,5,17,26,0,0,20,20,46,0,193
2160203,55,5,21,7,92,125,13,14,18,45,170,3,5,3,24,35,6,7,18,31,66,3,294
2160204,78,3,4,3,41,51,3,12,30,45,96,0,0,5,11,16,0,7,20,27,43,4,221
2160205,40,5,4,3,20,32,3,8,8,19,51,0,0,5,7,12,0,0,11,11,23,9,123
2160206,62,4,3,0,36,43,5,9,21,35,78,3,3,0,6,12,0,8,21,29,41,6,187
2160207,70,0,5,0,33,38,10,3,32,45,83,3,5,0,5,13,5,0,10,15,28,3,184
2160208,54,0,3,4,40,47,0,8,22,30,77,0,3,0,7,10,0,0,7,7,17,0,148
2160209,89,3,16,8,60,87,13,13,55,81,168,0,6,0,17,23,0,7,11,18,41,7,305
2160210,46,4,9,4,53,70,10,11,21,42,112,0,3,4,10,17,0,9,8,17,34,0,192
2160211,64,0,0,0,23,23,11,8,29,48,71,0,0,0,4,4,0,0,17,17,21,4,160
2160212,58,3,16,5,44,68,9,13,65,87,155,0,6,0,12,18,0,4,10,14,32,5,250
2160213,48,4,0,4,37,45,12,6,32,50,95,0,0,0,11,11,0,0,20,20,31,5,179
2160214,43,0,13,0,72,85,3,11,24,38,123,0,6,0,5,11,0,0,6,6,17,7,190
2160215,4,0,0,0,0,0,0,0,0,0,0,0,0,0,0,0,0,0,0,0,0,0,4
2160216,51,0,6,0,16,22,3,6,22,31,53,0,0,0,4,4,3,3,13,19,23,4,131
2160217,17,4,13,6,76,99,7,20,15,42,141,0,0,0,6,6,4,4,0,8,14,0,172
2160218,49,4,9,7,78,98,10,9,10,29,127,0,0,0,7,7,0,3,3,6,13,4,193
2160219,48,0,22,4,67,93,8,5,18,31,124,0,3,0,3,6,0,0,3,3,9,0,181
2160302,90,0,18,5,56,79,11,11,49,71,150,0,0,5,30,35,3,3,22,28,63,3,306
2160303,23,0,15,5,46,66,8,9,24,41,107,0,5,0,5,10,3,0,10,13,23,0,153
2160304,69,3,16,4,61,84,13,15,49,77,161,6,0,0,16,22,0,3,11,14,36,9,275
2160305,48,3,9,6,59,77,14,6,34,54,131,3,3,3,4,13,0,0,5,5,18,0,197
2160306,44,3,14,5,55,77,12,13,29,54,131,0,4,0,11,15,6,0,17,23,38,3,216
2160307,41,0,15,3,57,75,0,0,9,9,84,0,0,0,25,25,0,0,11,11,36,0,161
2160308,39,5,5,3,74,87,3,8,10,21,108,0,5,3,14,22,0,8,13,21,43,3,193
2160309,43,4,16,5,54,79,11,11,26,48,127,0,7,3,15,25,3,3,7,13,38,0,208
2160310,40,0,11,0,42,53,7,0,25,32,85,3,4,0,19,26,0,0,15,15,41,3,169
2160311,35,0,5,6,47,58,10,16,21,47,105,3,0,3,12,18,7,4,9,20,38,0,178
2160312,57,0,14,11,105,130,10,16,21,47,177,0,5,0,25,30,0,5,13,18,48,3,285
2160313,9,3,3,5,21,32,3,0,10,13,45,0,0,0,8,8,0,0,6,6,14,0,68
2160314,51,0,12,3,65,80,3,6,16,25,105,0,0,0,14,14,0,0,12,12,26,4,186
2160315,53,0,8,3,63,74,4,6,9,19,93,0,0,0,7,7,4,0,4,8,15,5,166
2160316,32,0,0,0,28,28,0,0,7,7,35,0,5,0,8,13,0,4,7,11,24,4,95
2160317,97,0,12,4,115,131,5,13,16,34,165,0,4,0,21,25,3,7,11,21,46,6,314
2160318,62,0,16,4,75,95,4,3,16,23,118,0,0,0,9,9,0,0,0,0,9,0,189
2160319,61,0,14,6,98,118,5,4,19,28,146,3,0,0,3,6,0,0,3,3,9,0,216
2160320,64,0,24,6,109,139,11,15,12,38,177,0,0,4,15,19,5,0,6,11,30,7,278
2160321,46,4,13,3,76,96,6,10,12,28,124,3,4,0,7,14,0,0,4,4,18,3,191
2160322,61,3,18,3,89,113,9,11,14,34,147,0,0,0,15,15,0,6,7,13,28,4,240
2160323,22,0,0,0,54,54,0,0,6,6,60,0,0,0,0,0,0,0,5,5,5,0,87
2160324,77,3,15,3,122,143,6,13,18,37,180,0,4,0,18,22,3,5,11,19,41,0,298
2160325,43,0,18,10,68,96,5,6,19,30,126,0,0,0,11,11,0,0,7,7,18,7,194
2160401,46,7,15,3,37,62,13,9,29,51,113,0,0,0,7,7,0,6,3,9,16,0,175
2160402,34,9,16,0,43,68,7,18,20,45,113,0,0,0,0,0,0,5,5,10,10,0,157
2160403,78,0,20,0,64,84,12,21,22,55,139,0,0,0,11,11,3,0,8,11,22,0,239
2160404,42,0,11,9,49,69,12,9,12,33,102,0,3,0,8,11,0,4,4,8,19,4,167
2160405,66,5,18,0,54,77,7,13,20,40,117,0,0,0,0,0,3,5,5,13,13,0,196
2160406,67,0,23,0,67,90,7,19,12,38,128,0,0,0,9,9,5,6,0,11,20,3,218
2160407,28,3,6,0,24,33,4,4,10,18,51,0,0,0,0,0,0,3,3,6,6,0,85
2160408,40,0,3,3,47,53,11,9,15,35,88,3,0,0,3,6,0,3,4,7,13,0,141
2160409,52,5,21,0,46,72,19,16,21,56,128,0,3,3,4,10,0,4,10,14,24,0,204
2160410,54,3,24,3,55,85,11,16,24,51,136,0,0,0,4,4,0,0,5,5,9,4,203
2160501,47,3,6,0,46,55,6,8,13,27,82,0,3,3,5,11,3,3,6,12,23,0,152
2160502,57,0,19,0,51,70,4,16,19,39,109,0,5,0,9,14,3,5,4,12,26,0,192
2160503,102,4,19,3,61,87,12,20,31,63,150,0,0,4,8,12,3,3,7,13,25,3,280
2160504,32,0,8,0,37,45,0,6,17,23,68,0,0,0,8,8,0,0,0,0,8,0,108
2160505,39,0,0,0,20,20,3,14,14,31,51,0,0,0,0,0,0,0,0,0,0,6,96
2160506,67,4,14,0,39,57,15,15,32,62,119,4,0,0,3,7,5,0,0,5,12,3,201
2160507,57,0,11,4,39,54,6,9,16,31,85,0,4,0,6,10,0,0,7,7,17,4,163
2160508,27,3,8,3,37,51,7,9,10,26,77,0,0,0,4,4,0,0,6,6,10,0,114
2160509,36,0,9,5,49,63,9,5,14,28,91,0,0,0,0,0,0,0,8,8,8,0,135
2160510,53,6,11,5,58,80,12,16,31,59,139,0,0,0,9,9,0,5,7,12,21,0,213
2160511,36,3,6,3,36,48,0,9,15,24,72,0,0,0,7,7,0,0,0,0,7,0,115
2160601,89,5,4,6,44,59,0,5,38,43,102,0,0,3,16,19,0,0,27,27,46,6,243
2160602,40,0,0,3,15,18,0,0,8,8,26,0,0,5,8,13,0,0,5,5,18,3,87
2160603,43,0,0,5,30,35,3,3,16,22,57,0,6,0,7,13,0,4,12,16,29,0,129
2160604,49,0,3,5,32,40,5,0,16,21,61,4,0,0,11,15,0,0,20,20,35,0,145
2160605,64,0,14,0,39,53,3,3,33,39,92,0,0,0,11,11,0,5,15,20,31,4,191
2160606,47,0,9,6,42,57,6,6,34,46,103,0,3,6,11,20,0,3,11,14,34,5,189
2160607,38,0,3,4,20,27,7,3,45,55,82,0,0,0,19,19,0,0,8,8,27,0,147
2160608,97,0,17,6,67,90,9,13,57,79,169,0,10,8,28,46,5,5,19,29,75,9,350
2160609,72,0,11,0,38,49,3,5,31,39,88,0,4,0,11,15,3,6,6,15,30,4,194
2160610,53,5,0,3,22,30,3,0,11,14,44,0,0,0,15,15,3,0,17,20,35,5,137
2160611,38,5,4,6,19,34,7,3,32,42,76,0,0,0,6,6,3,3,15,21,27,4,145
2160612,53,0,7,0,21,28,5,0,30,35,63,5,0,0,7,12,0,0,16,16,28,0,144
2160613,44,3,9,6,22,40,3,3,7,13,53,0,0,0,11,11,4,0,10,14,25,3,125
2160614,33,0,5,3,9,17,3,0,8,11,28,0,0,0,5,5,0,0,10,10,15,5,81
2160701,47,0,8,6,30,44,4,3,27,34,78,0,0,0,16,16,0,0,12,12,28,0,153
2160702,93,3,6,0,49,58,12,9,66,87,145,0,4,0,11,15,0,0,16,16,31,5,274
2160703,76,4,14,6,36,60,16,3,43,62,122,0,3,0,16,19,0,0,15,15,34,3,235
2160704,84,5,10,7,43,65,11,3,59,73,138,0,4,0,16,20,4,5,21,30,50,3,275
2160705,73,5,12,8,39,64,19,6,46,71,135,0,9,0,8,17,5,0,16,21,38,3,249
2160706,31,8,15,5,36,64,10,7,25,42,106,3,0,6,8,17,3,3,10,16,33,0,170
2160707,38,0,15,4,36,55,4,10,34,48,103,0,3,0,16,19,4,3,7,14,33,0,174
2160708,59,5,11,7,32,55,14,10,54,78,133,0,3,0,14,17,3,0,11,14,31,5,228
2160709,19,0,0,3,22,25,6,6,22,34,59,0,0,0,0,0,0,0,8,8,8,0,86
2160710,57,8,6,7,32,53,10,10,43,63,116,4,0,0,10,14,0,4,6,10,24,0,197
2160711,48,0,12,3,37,52,8,7,30,45,97,0,0,4,9,13,0,0,13,13,26,0,171
2160712,9,0,7,0,6,13,0,0,19,19,32,0,0,0,0,0,0,0,7,7,7,3,51
2160713,45,3,7,0,30,40,6,7,41,54,94,0,0,0,8,8,0,3,16,19,27,4,170
2160801,98,3,8,0,47,58,5,14,31,50,108,3,4,0,15,22,3,3,29,35,57,6,269
2160802,103,5,5,4,29,43,6,0,45,51,94,0,3,3,9,15,0,3,21,24,39,5,241
2160803,81,0,3,0,35,38,9,0,18,27,65,0,0,0,18,18,0,3,8,11,29,3,178
2160804,32,0,0,0,18,18,4,4,11,19,37,0,0,0,3,3,0,0,4,4,7,5,81
2160805,86,4,12,0,43,59,3,3,32,38,97,0,0,0,18,18,0,0,20,20,38,7,228
2160806,75,0,6,5,46,57,7,7,38,52,109,3,0,3,14,20,0,0,21,21,41,4,229
2160807,92,4,4,7,51,66,0,0,37,37,103,3,3,0,16,22,0,5,19,24,46,0,241
2160808,65,0,8,0,37,45,6,0,26,32,77,6,0,0,11,17,3,0,9,12,29,0,171
2160809,13,0,3,0,8,11,0,0,9,9,20,0,3,3,0,6,0,0,3,3,9,0,42
2160810,63,0,8,0,18,26,0,4,26,30,56,0,0,4,13,17,0,3,9,12,29,4,152
2160901,48,0,3,0,34,37,4,4,20,28,65,0,0,7,15,22,0,4,19,23,45,0,158
2160902,63,0,11,4,46,61,7,3,16,26,87,0,5,7,16,28,0,3,21,24,52,5,207
2160903,51,3,3,0,32,38,4,7,22,33,71,0,4,0,13,17,3,3,16,22,39,5,166
2160904,43,6,0,7,27,40,3,3,20,26,66,0,3,3,11,17,3,4,9,16,33,0,142
2160905,78,7,16,8,53,84,13,5,65,83,167,0,0,3,23,26,0,0,20,20,46,7,298
2160906,81,8,5,5,33,51,9,8,55,72,123,0,4,4,8,16,3,0,25,28,44,3,251
2160907,46,6,5,0,21,32,3,3,12,18,50,0,0,0,0,0,0,0,14,14,14,0,110
2160908,92,0,10,0,33,43,11,7,51,69,112,0,0,0,5,5,3,0,30,33,38,4,246
2160909,45,3,6,3,40,52,7,6,27,40,92,0,5,0,6,11,0,0,18,18,29,0,166
2160910,0,0,0,0,0,0,0,0,0,0,0,0,0,0,0,0,0,0,0,0,0,0,0
2161001,41,0,3,0,26,29,0,0,9,9,38,0,3,3,12,18,5,3,7,15,33,4,116
2161002,46,0,4,4,56,64,5,8,13,26,90,0,0,3,11,14,0,5,16,21,35,0,171
2161003,49,5,6,0,38,49,6,17,18,41,90,0,0,0,14,14,0,5,10,15,29,0,168
2161004,79,5,27,4,92,128,15,20,41,76,204,0,0,0,7,7,0,5,7,12,19,5,307
2161005,29,0,14,0,39,53,6,11,20,37,90,0,4,0,3,7,0,0,6,6,13,0,132
2161006,69,0,10,4,45,59,11,3,31,45,104,0,3,0,13,16,0,7,11,18,34,5,212
2161007,65,0,24,0,74,98,15,28,35,78,176,0,0,0,12,12,5,0,5,10,22,0,263
2161008,93,3,14,5,73,95,10,13,27,50,145,0,4,0,19,23,3,7,15,25,48,3,289
2161009,55,0,14,0,81,95,11,14,20,45,140,0,0,0,4,4,5,5,5,15,19,0,214
2161010,58,0,28,9,87,124,21,21,24,66,190,0,0,0,4,4,4,3,4,11,15,3,266
2161011,101,3,14,0,63,80,20,21,40,81,161,0,3,3,4,10,4,9,5,18,28,4,294
2161012,15,4,3,0,13,20,4,10,6,20,40,0,0,0,0,0,0,0,0,0,0,0,55
2161101,51,8,6,0,56,70,4,18,14,36,106,0,7,0,10,17,0,6,4,10,27,0,184
2161102,81,8,20,3,57,88,9,16,35,60,148,3,3,0,5,11,0,0,7,7,18,6,253
2161103,20,0,7,0,18,25,3,9,9,21,46,0,0,0,0,0,0,3,3,6,6,0,72
2161104,62,4,20,0,16,40,11,15,19,45,85,0,0,0,8,8,0,0,13,13,21,0,168
2161105,53,4,32,7,83,126,17,5,23,45,171,0,5,0,7,12,0,6,14,20,32,3,259
2161106,49,4,9,3,68,84,6,9,13,28,112,0,3,0,9,12,0,6,14,20,32,4,197
2161107,27,0,0,3,16,19,6,0,10,16,35,0,8,0,0,8,0,0,0,0,8,0,70
2161108,28,0,6,3,35,44,5,7,10,22,66,0,0,0,7,7,0,0,8,8,15,0,109
2161109,46,0,4,4,42,50,11,9,18,38,88,0,0,0,10,10,0,0,11,11,21,0,155
2161110,78,9,26,5,110,150,22,25,40,87,237,0,4,4,15,23,0,7,13,20,43,3,361
2161111,50,0,8,0,53,61,6,9,20,35,96,0,0,5,5,10,0,0,4,4,14,0,160
2161201,56,3,40,5,149,197,20,27,29,76,273,0,0,0,11,11,0,6,8,14,25,0,354
2161202,50,0,9,3,61,73,8,3,15,26,99,0,3,3,8,14,3,8,12,23,37,0,186
2161203,36,0,12,0,47,59,12,11,19,42,101,0,3,0,8,11,0,0,0,0,11,0,148
2161204,50,5,14,5,58,82,16,12,23,51,133,0,3,3,5,11,0,0,11,11,22,4,209
2161205,67,0,12,5,59,76,8,8,24,40,116,5,6,0,25,36,0,11,17,28,64,3,250
2161206,12,5,0,5,16,26,6,5,6,17,43,0,0,0,9,9,0,0,4,4,13,0,68
2161207,51,6,22,0,93,121,29,17,38,84,205,0,4,0,7,11,0,0,5,5,16,0,272
2161208,54,5,20,6,78,109,17,6,15,38,147,0,6,0,10,16,0,0,13,13,29,0,230
2161209,50,5,7,5,51,68,15,17,32,64,132,0,3,0,11,14,3,4,4,11,25,4,211
2161210,80,0,13,3,118,134,16,19,35,70,204,0,8,0,19,27,4,0,15,19,46,0,330
2161211,42,4,9,4,47,64,15,11,42,68,132,0,0,0,0,0,0,3,13,16,16,4,194
2161212,37,0,7,0,35,42,21,9,17,47,89,0,0,0,6,6,0,0,0,0,6,0,132
2161213,17,3,11,0,23,37,0,0,10,10,47,0,3,0,0,3,0,0,3,3,6,4,74
2161214,22,3,14,3,51,71,7,0,15,22,93,0,0,0,4,4,0,0,0,0,4,0,119
2161215,10,0,14,0,13,27,7,6,17,30,57,0,0,0,5,5,0,0,0,0,5,5,77
2161216,53,5,28,6,99,138,9,11,33,53,191,0,7,0,4,11,0,0,0,0,11,0,255
2161217,40,0,10,6,23,39,12,0,23,35,74,0,0,0,0,0,3,0,3,6,6,0,120
2161301,47,5,18,5,49,77,18,11,32,61,138,0,6,0,12,18,5,3,22,30,48,3,236
2161302,42,3,7,8,36,54,20,7,24,51,105,0,7,0,10,17,0,4,15,19,36,4,187
2161303,33,0,20,3,61,84,16,15,33,64,148,0,0,0,4,4,0,3,7,10,14,0,195
2161304,69,4,18,5,63,90,16,9,30,55,145,0,8,0,10,18,10,3,11,24,42,0,256
2161305,31,0,11,0,29,40,12,9,27,48,88,5,0,0,9,14,3,6,11,20,34,3,156
2161306,38,3,8,4,43,58,7,8,30,45,103,0,3,0,7,10,0,4,11,15,25,3,169
2161307,64,0,16,9,42,67,12,9,40,61,128,0,3,3,10,16,5,0,13,18,34,6,232
2161308,12,0,6,0,12,18,3,3,10,16,34,0,0,0,4,4,0,0,0,0,4,5,55
2161309,50,4,39,6,82,131,14,28,42,84,215,0,0,5,8,13,3,3,12,18,31,3,299
2161310,69,0,22,5,97,124,11,7,26,44,168,0,8,4,30,42,0,10,26,36,78,11,326
2161311,44,4,22,7,76,109,11,11,22,44,153,0,6,0,19,25,0,0,18,18,43,6,246
2161312,51,0,17,3,66,86,9,9,22,40,126,0,4,0,19,23,6,4,13,23,46,3,226
2161313,23,4,19,4,69,96,20,12,26,58,154,0,0,0,3,3,0,0,3,3,6,0,183
2161314,56,7,40,6,123,176,21,14,49,84,260,3,3,0,8,14,0,3,7,10,24,3,343
2161315,19,0,3,3,9,15,3,5,21,29,44,0,0,0,0,0,0,0,5,5,5,0,68
2161316,31,3,35,5,72,115,28,20,39,87,202,0,3,0,5,8,4,0,3,7,15,6,254
2161317,41,3,31,4,109,147,10,9,26,45,192,0,0,0,8,8,0,3,4,7,15,0,248
2161318,72,0,0,0,0,0,0,0,0,0,0,0,0,0,0,0,0,0,3,3,3,0,75
2161401,14,0,0,0,6,6,6,5,11,22,28,0,0,3,0,3,0,3,5,8,11,0,53
2161402,68,0,13,5,54,72,15,12,41,68,140,0,3,3,9,15,0,0,15,15,30,3,241
2161403,97,0,14,7,42,63,6,11,55,72,135,0,3,4,24,31,5,3,24,32,63,3,298
2161404,93,6,10,0,50,66,4,6,60,70,136,0,4,4,8,16,0,0,19,19,35,0,264
2161405,101,4,10,8,42,64,3,5,56,64,128,4,4,0,11,19,0,0,24,24,43,0,272
2161406,87,0,10,5,31,46,6,4,43,53,99,0,4,0,12,16,3,0,24,27,43,4,233
2161407,81,0,4,0,29,33,6,9,32,47,80,0,0,0,16,16,0,4,15,19,35,0,196
2161408,57,0,5,5,24,34,0,3,29,32,66,0,6,4,7,17,3,3,9,15,32,4,159
2161409,64,6,8,3,28,45,5,7,35,47,92,0,0,0,16,16,0,0,18,18,34,4,194
2161410,50,6,13,4,58,81,13,11,42,66,147,0,3,4,17,24,0,3,13,16,40,3,240
2161411,82,4,9,8,40,61,11,10,57,78,139,0,0,5,19,24,4,0,23,27,51,3,275
2161412,24,3,0,6,10,19,3,4,10,17,36,0,0,0,6,6,0,0,3,3,9,0,69
2161413,61,4,15,9,86,114,21,13,39,73,187,5,7,0,17,29,5,6,7,18,47,6,301
2161501,52,5,14,3,70,92,12,11,17,40,132,3,4,0,13,20,0,4,17,21,41,6,231
2161502,45,0,18,7,102,127,0,9,19,28,155,0,3,3,15,21,0,5,5,10,31,3,234
2161503,66,3,10,10,69,92,9,8,30,47,139,0,0,0,24,24,4,8,17,29,53,3,261
2161504,67,4,17,8,37,66,12,22,55,89,155,0,0,0,10,10,6,0,14,20,30,0,252
2161505,43,5,13,3,41,62,11,7,29,47,109,0,0,0,9,9,0,0,10,10,19,0,171
2161506,52,3,13,0,68,84,4,5,20,29,113,0,4,3,9,16,0,5,10,15,31,0,196
2161507,66,3,16,5,90,114,6,9,19,34,148,0,4,0,9,13,0,4,9,13,26,4,244
2161508,41,0,19,3,61,83,15,10,34,59,142,0,3,0,15,18,3,5,17,25,43,3,229
2161509,57,3,22,4,73,102,14,14,32,60,162,3,9,0,9,21,5,0,14,19,40,7,266
2161510,59,5,23,6,89,123,12,15,29,56,179,0,5,6,21,32,0,0,12,12,44,4,286
2161511,57,9,16,3,68,96,5,20,36,61,157,5,0,0,10,15,0,6,16,22,37,3,254
2161512,45,7,24,8,139,178,11,14,22,47,225,0,3,0,16,19,0,7,5,12,31,0,301
2161513,33,3,0,0,20,23,0,4,13,17,40,0,3,0,8,11,0,3,8,11,22,3,98
2161514,32,3,9,9,56,77,10,7,19,36,113,0,5,0,9,14,0,0,5,5,19,4,168
2161515,34,0,7,3,42,52,0,6,12,18,70,0,6,0,16,22,3,3,0,6,28,0,132
2161601,37,0,8,0,60,68,7,8,6,21,89,3,3,0,10,16,0,3,7,10,26,3,155
2161602,38,0,33,3,99,135,5,11,27,43,178,0,3,0,13,16,0,0,14,14,30,4,250
2161603,36,3,12,3,66,84,8,6,17,31,115,0,0,0,12,12,3,3,3,9,21,0,172
2161604,62,0,16,10,92,118,15,8,52,75,193,0,3,6,17,26,3,5,11,19,45,4,304
2161605,74,4,14,5,100,123,12,7,32,51,174,0,0,0,28,28,0,8,10,18,46,5,299
2161606,42,4,9,3,54,70,7,7,30,44,114,0,0,5,9,14,0,5,6,11,25,3,184
2161607,68,0,20,4,100,124,9,6,48,63,187,0,0,0,25,25,5,6,12,23,48,3,306
2161608,61,5,13,6,50,74,7,9,41,57,131,0,3,3,13,19,3,4,19,26,45,4,241
2161609,65,5,29,9,94,137,10,17,44,71,208,0,4,0,18,22,3,8,9,20,42,0,315
2161610,73,0,29,9,92,130,8,15,30,53,183,3,12,4,30,49,6,5,20,31,80,5,341
2161701,66,0,7,0,54,61,10,5,33,48,109,0,4,3,25,32,0,5,13,18,50,6,231
2161702,58,0,6,0,30,36,0,4,16,20,56,0,3,0,19,22,0,5,17,22,44,5,163
2161703,45,5,8,7,20,40,4,6,21,31,71,0,5,0,10,15,0,4,18,22,37,0,153
2161704,71,3,9,4,46,62,4,3,33,40,102,0,8,3,16,27,0,0,21,21,48,6,227
2161705,74,6,22,12,112,152,12,12,24,48,200,0,5,5,23,33,4,0,19,23,56,8,338
2161706,56,3,3,9,28,43,12,9,21,42,85,0,5,0,10,15,0,0,18,18,33,5,179
2161707,30,0,11,5,39,55,8,3,21,32,87,3,0,0,11,14,0,3,14,17,31,3,151
2161708,42,0,0,3,31,34,5,4,22,31,65,0,4,5,20,29,3,3,21,27,56,3,166
2161709,71,4,21,6,75,106,13,26,62,101,207,0,0,0,24,24,0,7,16,23,47,4,329
2161710,43,0,12,4,36,52,11,9,25,45,97,0,0,0,19,19,0,3,9,12,31,5,176
2161711,35,0,10,0,44,54,6,6,16,28,82,0,0,6,11,17,0,0,20,20,37,0,154
2161712,47,0,12,4,50,66,8,0,14,22,88,0,4,0,17,21,3,4,14,21,42,0,177
2161801,76,4,12,5,56,77,8,18,17,43,120,0,0,3,12,15,10,0,10,20,35,0,231
2161802,87,5,22,5,73,105,10,28,34,72,177,0,3,0,9,12,3,4,13,20,32,3,299
2161803,54,0,8,4,51,63,5,11,14,30,93,0,0,0,11,11,4,0,8,12,23,0,170
2161804,46,0,5,0,44,49,4,12,13,29,78,4,0,0,4,8,0,0,16,16,24,0,148
2161805,14,0,7,0,11,18,0,3,7,10,28,0,0,0,7,7,0,0,5,5,12,0,54
2161806,88,0,14,3,101,118,12,18,24,54,172,0,5,4,5,14,3,3,16,22,36,3,299
2161807,51,4,4,4,36,48,0,6,7,13,61,0,3,4,3,10,0,4,17,21,31,0,143
2161808,41,0,0,0,40,40,0,10,8,18,58,0,0,0,17,17,0,5,16,21,38,0,137
2161809,61,0,21,5,39,65,9,19,24,52,117,0,0,0,8,8,0,0,11,11,19,5,202
2161810,38,0,15,0,31,46,10,12,7,29,75,0,5,0,4,9,4,3,3,10,19,0,132
2161811,0,0,0,0,0,0,0,0,0,0,0,0,0,0,0,0,0,0,0,0,0,0,0
2161901,30,3,26,4,95,128,12,16,19,47,175,0,0,0,7,7,0,4,7,11,18,0,223
2161902,35,3,16,3,61,83,6,8,20,34,117,0,4,0,13,17,0,5,0,5,22,3,177
2161903,78,6,38,3,92,139,21,41,52,114,253,0,3,0,8,11,6,0,10,16,27,6,364
2161904,46,5,36,0,67,108,13,14,28,55,163,0,6,0,4,10,0,4,12,16,26,3,238
2161905,45,7,16,0,70,93,21,13,30,64,157,0,0,0,5,5,0,0,8,8,13,0,215
2161906,69,0,29,3,87,119,14,21,22,57,176,0,6,0,12,18,0,3,7,10,28,4,277
2161907,62,0,15,5,38,58,6,11,26,43,101,3,3,0,6,12,6,4,9,19,31,3,197
2161908,55,0,4,4,45,53,0,11,20,31,84,0,0,4,18,22,0,4,10,14,36,0,175
2161909,56,3,20,9,85,117,14,14,35,63,180,0,0,0,13,13,0,0,13,13,26,5,267
2161910,68,0,15,5,76,96,13,13,32,58,154,4,0,0,12,16,6,3,10,19,35,0,257
2161911,49,0,18,0,64,82,14,13,23,50,132,0,5,0,6,11,3,4,7,14,25,3,209
2161912,38,3,25,0,75,103,12,11,18,41,144,0,0,0,9,9,0,0,5,5,14,4,200
2161913,10,0,7,0,12,19,0,4,7,11,30,0,0,0,0,0,0,0,3,3,3,0,43
2161914,26,0,14,3,31,48,12,6,22,40,88,0,0,0,4,4,3,0,4,7,11,3,128
2161915,19,3,16,5,49,73,12,21,17,50,123,0,0,0,4,4,0,4,5,9,13,0,155
2161916,13,0,7,0,17,24,4,5,6,15,39,0,0,0,0,0,0,0,0,0,0,0,52
2170101,67,6,24,5,106,141,10,20,20,50,191,0,0,0,8,8,7,3,3,13,21,0,279
2170102,72,4,22,5,65,96,14,16,27,57,153,3,7,4,5,19,4,0,13,17,36,3,264
2170103,58,0,15,6,83,104,9,8,13,30,134,0,0,0,11,11,0,4,4,8,19,0,211
2170104,66,3,27,9,76,115,14,16,26,56,171,3,3,0,6,12,3,3,3,9,21,0,258
2170105,76,0,23,5,71,99,12,12,17,41,140,0,0,0,8,8,3,7,5,15,23,0,239
2170106,30,0,16,0,57,73,12,11,10,33,106,0,4,0,8,12,5,0,0,5,17,7,160
2170107,45,3,4,3,25,35,10,5,6,21,56,0,4,0,3,7,0,4,0,4,11,0,112
2170108,58,4,21,6,80,111,8,12,23,43,154,0,7,0,10,17,3,5,13,21,38,0,250
2170109,66,3,22,0,152,177,10,16,21,47,224,0,5,0,10,15,4,0,5,9,24,0,314
2170110,33,6,10,0,32,48,6,10,22,38,86,0,3,0,4,7,0,0,7,7,14,0,133
2170111,16,7,12,0,26,45,3,11,13,27,72,3,3,0,3,9,0,0,3,3,12,0,100
2170112,76,3,22,3,134,162,10,22,21,53,215,3,6,3,9,21,8,6,13,27,48,0,339
2170113,58,0,21,3,89,113,10,14,25,49,162,0,6,0,12,18,0,0,3,3,21,0,241
2170114,67,3,19,7,55,84,13,19,20,52,136,0,4,0,6,10,0,5,9,14,24,4,231
2170115,16,0,7,5,38,50,0,7,10,17,67,0,0,0,5,5,0,0,0,0,5,0,88
2170116,14,5,11,0,17,33,4,5,17,26,59,0,0,0,3,3,0,0,3,3,6,0,79
2170201,89,0,9,9,53,71,16,5,29,50,121,0,4,0,14,18,4,5,20,29,47,0,257
2170202,60,0,9,0,42,51,5,13,15,33,84,0,0,5,27,32,4,7,16,27,59,0,203
2170203,89,3,7,0,53,63,9,9,28,46,109,0,6,3,13,22,4,6,17,27,49,5,252
2170204,56,0,6,0,14,20,3,4,9,16,36,0,4,0,8,12,0,3,9,12,24,6,122
2170205,64,0,3,0,38,41,6,3,3,12,53,0,3,0,19,22,0,0,13,13,35,5,157
2170206,66,7,14,0,88,109,14,23,31,68,177,0,9,0,0,9,3,6,7,16,25,0,268
2170207,59,0,3,3,43,49,0,4,8,12,61,0,0,0,22,22,0,6,15,21,43,4,167
2170208,84,3,9,0,40,52,9,6,28,43,95,0,4,0,23,27,4,3,17,24,51,3,233
2170209,28,0,5,0,19,24,3,0,4,7,31,4,0,0,5,9,0,4,6,10,19,5,83
2170210,83,0,11,0,45,56,4,12,22,38,94,0,0,0,21,21,0,6,26,32,53,4,234
2170211,63,0,4,0,23,27,4,0,6,10,37,0,3,0,6,9,0,6,10,16,25,7,132
2170212,77,3,26,5,65,99,17,20,38,75,174,0,5,0,13,18,3,3,6,12,30,5,286
2170213,51,0,26,0,77,103,13,14,20,47,150,0,0,0,5,5,0,4,5,9,14,0,215
2170214,43,0,7,0,32,39,5,4,17,26,65,0,0,0,16,16,0,4,3,7,23,0,131
2170301,62,0,12,0,36,48,6,9,19,34,82,0,0,0,7,7,0,0,10,10,17,0,161
2170302,94,0,5,4,62,71,5,7,19,31,102,3,0,3,16,22,0,4,18,22,44,3,243
2170303,37,4,8,0,18,30,4,3,9,16,46,0,0,3,7,10,0,8,12,20,30,0,113
2170304,77,0,9,0,42,51,11,9,13,33,84,3,0,0,13,16,3,3,9,15,31,0,192
2170305,59,5,7,0,56,68,3,8,25,36,104,6,0,0,12,18,4,5,9,18,36,3,202
2170306,64,0,7,0,31,38,0,6,9,15,53,0,4,0,8,12,7,7,9,23,35,3,155
2170307,83,0,14,3,47,64,3,12,17,32,96,0,6,0,13,19,0,7,14,21,40,3,222
2170308,29,0,3,3,10,16,0,0,0,0,16,0,3,0,3,6,0,0,7,7,13,3,61
2170309,40,0,6,0,23,29,4,5,15,24,53,0,4,3,3,10,0,4,7,11,21,0,114
2170310,99,0,5,3,20,28,0,4,4,8,36,0,0,3,20,23,0,5,13,18,41,4,180
2170311,79,0,0,0,39,39,3,3,9,15,54,3,3,0,14,20,4,3,22,29,49,3,185
2170312,8,0,3,0,6,9,4,3,4,11,20,0,0,0,4,4,0,0,0,0,4,0,32
2170313,23,3,5,0,25,33,4,7,3,14,47,0,0,0,4,4,3,0,4,7,11,5,86
2170314,74,0,10,0,28,38,5,12,17,34,72,0,0,0,7,7,0,0,7,7,14,0,160
2170315,37,0,11,5,57,73,8,7,17,32,105,0,0,0,5,5,0,0,12,12,17,6,165
2170316,92,0,0,0,0,0,0,0,0,0,0,0,0,0,0,0,0,0,0,0,0,0,92
2170401,75,0,4,3,38,45,0,6,11,17,62,0,0,0,27,27,0,5,14,19,46,9,192
2170402,58,0,8,5,61,74,3,12,21,36,110,4,4,5,10,23,0,9,4,13,36,0,204
2170403,75,0,9,4,44,57,6,5,18,29,86,0,6,0,13,19,0,4,10,14,33,0,194
2170404,65,0,3,0,31,34,0,3,17,20,54,0,0,0,17,17,0,0,7,7,24,0,143
2170405,69,0,4,0,31,35,3,4,25,32,67,0,3,4,11,18,0,6,8,14,32,0,168
2170406,100,5,7,0,31,43,8,5,26,39,82,0,0,0,18,18,4,8,14,26,44,3,229
2170407,39,0,0,0,15,15,0,0,3,3,18,0,5,0,19,24,0,0,11,11,35,6,98
2170408,52,3,3,3,29,38,7,0,10,17,55,0,3,6,12,21,0,4,12,16,37,0,144
2170409,0,0,0,0,0,0,0,0,0,0,0,0,0,0,0,0,0,0,0,0,0,0,0
2170410,27,0,3,0,24,27,0,0,5,5,32,0,4,0,5,9,3,0,5,8,17,0,76
2170411,76,3,6,0,79,88,4,8,20,32,120,0,5,5,12,22,0,3,16,19,41,5,242
2170412,66,0,5,0,28,33,0,8,14,22,55,0,0,0,6,6,0,5,6,11,17,0,138
2170413,24,3,0,0,13,16,4,0,5,9,25,0,3,0,8,11,0,3,3,6,17,3,69
2170414,86,0,11,3,46,60,8,12,18,38,98,0,0,0,26,26,0,5,18,23,49,4,237
2170501,72,0,5,0,21,26,0,4,12,16,42,0,3,0,14,17,4,8,9,21,38,4,156
2170502,41,0,3,4,13,20,5,3,13,21,41,0,0,0,0,0,0,0,6,6,6,3,91
2170503,71,0,5,0,42,47,12,9,15,36,83,0,6,0,13,19,0,0,9,9,28,0,182
2170504,87,0,9,0,37,46,9,0,19,28,74,0,8,0,12,20,4,3,28,35,55,5,221
2170505,75,4,13,7,65,89,10,9,17,36,125,0,3,0,14,17,0,7,15,22,39,7,246
2170506,47,0,5,0,37,42,5,5,14,24,66,0,4,0,8,12,0,4,16,20,32,6,151
2170507,49,4,3,0,21,28,3,7,16,26,54,3,0,0,5,8,3,0,14,17,25,3,131
2170508,36,0,7,0,20,27,3,6,17,26,53,0,0,4,0,4,0,0,10,10,14,0,103
2170509,60,0,9,3,28,40,6,5,15,26,66,0,0,0,3,3,0,5,6,11,14,0,140
2170510,35,0,4,0,26,30,5,0,12,17,47,0,0,0,3,3,3,4,0,7,10,0,92
2170511,67,5,9,6,53,73,13,10,22,45,118,0,0,0,6,6,0,3,12,15,21,0,206
2170512,56,3,0,3,43,49,0,11,19,30,79,0,4,0,6,10,0,3,16,19,29,3,167
2170513,22,0,4,3,20,27,3,0,3,6,33,0,6,0,0,6,0,0,10,10,16,0,71
2170514,44,0,11,0,38,49,8,4,12,24,73,0,3,0,14,17,6,6,8,20,37,5,159
2170515,45,0,4,0,42,46,0,8,0,8,54,0,0,0,13,13,3,4,9,16,29,0,128
2170601,46,0,6,6,49,61,4,6,6,16,77,0,0,6,10,16,0,5,15,20,36,0,159
2170602,55,0,7,0,51,58,8,4,17,29,87,0,0,0,10,10,3,0,10,13,23,5,170
2170603,65,0,3,3,31,37,0,0,5,5,42,0,0,0,28,28,0,0,11,11,39,5,151
2170604,45,0,5,0,20,25,0,9,13,22,47,0,3,0,12,15,0,0,17,17,32,0,124
2170605,21,0,0,0,0,0,0,0,0,0,0,0,3,0,4,7,0,0,4,4,11,0,32
2170606,47,0,0,0,28,28,0,3,6,9,37,0,0,0,22,22,4,3,15,22,44,6,134
2170607,53,3,31,7,106,147,9,14,8,31,178,0,0,0,8,8,0,0,8,8,16,0,247
2170608,40,3,12,3,72,90,12,4,15,31,121,3,0,0,17,20,5,0,5,10,30,0,191
2170609,37,0,27,9,74,110,13,9,17,39,149,0,3,0,8,11,3,0,3,6,17,3,206
2170610,43,0,11,0,26,37,10,9,16,35,72,0,0,0,7,7,5,7,7,19,26,0,141
2170611,58,4,22,5,77,108,12,18,23,53,161,0,6,0,10,16,4,3,7,14,30,4,253
2170612,40,3,7,0,51,61,6,4,16,26,87,0,3,0,7,10,3,0,10,13,23,0,150
2170613,55,4,15,0,52,71,5,6,21,32,103,3,0,4,9,16,5,4,7,16,32,0,190
2170614,48,0,10,0,69,79,9,9,11,29,108,0,0,0,3,3,0,0,5,5,8,0,164
2170701,27,0,0,0,12,12,6,0,3,9,21,0,0,0,7,7,3,3,0,6,13,4,65
2170702,78,0,5,3,43,51,3,3,18,24,75,0,5,0,18,23,0,3,19,22,45,3,201
2170703,88,3,12,0,66,81,11,15,24,50,131,0,5,0,18,23,0,7,16,23,46,9,274
2170704,69,0,8,0,37,45,6,9,16,31,76,0,7,0,8,15,0,4,16,20,35,4,184
2170705,91,0,11,0,61,72,9,6,24,39,111,0,3,0,11,14,0,6,12,18,32,0,234
2170706,45,0,3,3,34,40,8,7,3,18,58,0,0,0,5,5,3,0,3,6,11,3,117
2170707,82,4,5,8,37,54,8,11,21,40,94,0,3,3,6,12,0,4,8,12,24,0,200
2170708,43,0,3,0,12,15,4,6,7,17,32,0,3,0,3,6,0,0,0,0,6,0,81
2170709,96,3,16,0,51,70,6,12,23,41,111,3,3,0,5,11,3,3,9,15,26,3,236
2170710,35,4,6,3,27,40,0,0,21,21,61,0,6,0,6,12,0,0,0,0,12,0,108
2170711,67,5,8,6,45,64,5,5,20,30,94,0,6,0,30,36,3,13,19,35,71,6,238
2170712,38,0,3,4,29,36,0,5,11,16,52,5,6,0,12,23,3,0,11,14,37,0,127
2170713,53,0,3,4,28,35,5,8,15,28,63,0,3,0,6,9,0,6,0,6,15,3,134
2170714,40,0,10,0,32,42,0,8,11,19,61,0,0,0,3,3,3,3,3,9,12,0,113
2170715,26,0,3,3,19,25,3,3,8,14,39,0,0,0,5,5,0,0,5,5,10,0,75
2170716,0,0,0,0,0,0,0,0,0,0,0,0,0,0,0,0,0,0,0,0,0,0,0
2170801,28,0,0,0,18,18,0,0,0,0,18,0,3,3,15,21,0,0,5,5,26,3,75
2170802,35,0,6,0,14,20,0,0,0,0,20,0,0,0,6,6,0,3,10,13,19,0,74
2170803,27,0,9,3,27,39,3,0,11,14,53,0,0,3,6,9,0,0,10,10,19,4,103
2170804,27,3,0,0,13,16,0,0,5,5,21,0,3,3,5,11,0,0,7,7,18,0,66
2170805,55,0,4,0,22,26,4,3,8,15,41,0,0,0,16,16,0,0,16,16,32,6,134
2170806,34,0,0,3,15,18,0,0,7,7,25,0,0,0,8,8,0,0,8,8,16,3,78
2170807,42,0,16,0,30,46,0,6,17,23,69,0,0,0,12,12,3,3,13,19,31,6,148
2170808,69,0,3,6,35,44,7,3,16,26,70,0,4,0,8,12,0,0,19,19,31,5,175
2170809,54,4,4,0,32,40,3,3,15,21,61,0,0,0,9,9,0,0,0,0,9,0,124
2170810,35,0,0,0,10,10,0,0,8,8,18,0,3,0,8,11,3,3,11,17,28,3,84
2170811,68,0,3,3,42,48,3,3,9,15,63,0,4,0,11,15,0,0,16,16,31,3,165
2170812,13,0,0,0,6,6,3,0,3,6,12,0,0,0,5,5,0,0,0,0,5,0,30
2170901,25,0,0,0,20,20,0,7,0,7,27,0,0,0,5,5,4,3,6,13,18,0,70
2170902,44,0,9,0,17,26,0,0,5,5,31,0,3,0,11,14,0,4,9,13,27,7,109
2170903,53,0,0,3,35,38,3,5,11,19,57,0,0,0,5,5,5,3,8,16,21,3,134
2170904,66,0,3,4,32,39,4,4,17,25,64,0,0,4,13,17,0,3,9,12,29,7,166
2170905,58,0,7,0,31,38,4,16,18,38,76,0,3,0,7,10,0,3,8,11,21,0,155
2170906,44,3,8,0,33,44,4,3,14,21,65,0,0,0,7,7,0,0,8,8,15,0,124
2170907,48,0,5,0,34,39,4,9,5,18,57,0,0,0,12,12,0,3,6,9,21,3,129
2170908,56,3,7,3,47,60,0,5,18,23,83,0,4,0,9,13,0,5,8,13,26,4,169
2170909,43,0,3,3,41,47,0,0,12,12,59,0,0,0,18,18,0,0,13,13,31,0,133
2170910,70,0,7,0,51,58,4,9,10,23,81,0,0,6,14,20,0,4,5,9,29,0,180
2170911,85,0,8,0,62,70,4,8,22,34,104,0,3,0,12,15,3,5,12,20,35,3,227
2170912,22,3,3,0,25,31,0,6,9,15,46,0,0,0,6,6,0,0,6,6,12,0,80
2170913,52,4,7,0,27,38,0,0,6,6,44,0,6,0,3,9,0,0,15,15,24,4,124
2171001,45,0,6,0,23,29,3,3,4,10,39,0,3,0,6,9,0,5,8,13,22,3,109
2171002,50,0,0,0,18,18,0,4,0,4,22,0,3,0,9,12,3,3,9,15,27,4,103
2171003,78,0,3,3,39,45,7,4,27,38,83,0,0,5,17,22,0,9,14,23,45,7,213
2171004,41,0,5,0,19,24,0,0,5,5,29,0,0,0,12,12,3,3,4,10,22,4,96
2171005,76,6,0,0,33,39,7,3,13,23,62,0,0,0,16,16,0,3,15,18,34,0,172
2171006,65,0,9,0,28,37,0,3,5,8,45,0,0,0,10,10,6,0,13,19,29,9,148
2171007,60,0,9,0,40,49,0,4,7,11,60,0,5,0,11,16,0,0,14,14,30,8,158
2171008,62,4,4,0,20,28,0,0,0,0,28,0,0,0,12,12,0,3,12,15,27,3,120
2171009,46,0,0,0,25,25,0,4,3,7,32,0,0,0,12,12,0,3,11,14,26,0,104
2171010,65,0,0,0,32,32,6,5,6,17,49,0,8,0,6,14,0,6,7,13,27,6,147
2171011,18,0,4,3,12,19,0,3,3,6,25,0,3,4,7,14,3,0,5,8,22,3,68
2171012,43,0,5,0,16,21,0,9,6,15,36,0,0,0,7,7,0,3,13,16,23,3,105
2171013,21,0,0,0,7,7,0,0,0,0,7,0,0,0,8,8,0,0,0,0,8,4,40
2171101,76,0,26,0,123,149,11,18,23,52,201,0,3,3,15,21,4,5,10,19,40,3,320
2171102,106,0,23,5,75,103,17,9,42,68,171,0,0,0,12,12,0,6,9,15,27,0,304
2171103,93,0,7,0,59,66,7,10,29,46,112,0,0,0,12,12,3,3,17,23,35,4,244
2171104,64,0,7,0,40,47,3,7,20,30,77,0,0,0,4,4,0,5,12,17,21,3,165
2171105,96,0,7,0,62,69,6,8,15,29,98,0,4,0,17,21,0,9,16,25,46,12,252
2171106,39,3,12,0,22,37,6,3,13,22,59,0,3,0,8,11,0,4,5,9,20,0,118
2171107,77,0,5,0,34,39,3,10,10,23,62,0,3,0,12,15,3,6,17,26,41,4,184
2171108,43,0,3,0,21,24,3,4,3,10,34,0,0,0,5,5,0,0,16,16,21,3,101
2171109,48,0,0,0,20,20,0,3,3,6,26,0,0,0,14,14,3,4,10,17,31,5,110
2171110,60,3,8,0,42,53,4,10,25,39,92,0,0,0,8,8,0,0,6,6,14,7,173
2171111,74,0,18,0,43,61,4,4,26,34,95,0,0,4,6,10,4,6,14,24,34,0,203
2171112,36,0,3,0,23,26,4,0,4,8,34,0,3,0,5,8,0,4,11,15,23,0,93
2171201,58,5,11,0,78,94,21,20,32,73,167,4,0,0,8,12,0,6,5,11,23,0,248
2171202,77,4,13,4,91,112,20,23,27,70,182,0,6,0,14,20,3,5,5,13,33,6,298
2171203,91,3,8,0,53,64,14,9,32,55,119,0,4,5,11,20,0,7,8,15,35,0,245
2171204,80,6,32,5,63,106,26,30,32,88,194,0,0,0,8,8,0,5,15,20,28,3,305
2171205,62,3,12,3,39,57,16,10,33,59,116,0,5,0,12,17,0,0,12,12,29,0,207
2171206,96,0,8,0,47,55,6,10,27,43,98,0,0,0,15,15,0,0,15,15,30,4,228
2171207,53,0,11,0,28,39,9,0,15,24,63,0,0,0,6,6,0,0,10,10,16,3,135
2171208,71,0,14,0,36,50,4,4,24,32,82,0,3,5,6,14,0,3,8,11,25,4,182
2171209,53,0,5,0,32,37,4,3,12,19,56,0,0,0,7,7,5,0,0,5,12,0,121
2171210,80,3,6,0,35,44,4,15,16,35,79,0,0,0,7,7,0,4,11,15,22,0,181
2171211,62,4,13,0,34,51,9,10,19,38,89,0,3,0,7,10,0,0,5,5,15,0,166
2180101,59,0,3,3,10,16,0,0,5,5,21,0,0,0,14,14,3,3,13,19,33,3,116
2180102,33,0,10,0,27,37,0,0,7,7,44,0,0,4,34,38,0,0,20,20,58,0,135
2180103,58,3,0,0,14,17,0,4,13,17,34,0,0,0,13,13,0,0,9,9,22,0,114
2180104,38,0,7,0,20,27,0,9,0,9,36,0,3,0,15,18,0,5,4,9,27,0,101
2180105,57,0,7,3,28,38,6,3,14,23,61,0,0,0,12,12,0,3,4,7,19,0,137
2180106,54,0,5,4,22,31,0,8,7,15,46,0,9,0,21,30,0,3,8,11,41,4,145
2180107,44,0,6,3,21,30,4,0,7,11,41,0,3,0,21,24,3,3,17,23,47,6,138
2180108,61,0,5,4,27,36,0,10,12,22,58,0,0,0,18,18,0,7,10,17,35,5,159
2180109,53,0,4,4,29,37,4,3,5,12,49,0,4,0,17,21,0,3,13,16,37,11,150
2180201,43,3,3,0,18,24,3,3,6,12,36,0,3,0,13,16,3,3,3,9,25,3,107
2180202,63,0,6,0,40,46,3,0,8,11,57,5,4,0,15,24,0,0,0,0,24,0,144
2180203,48,0,4,0,31,35,0,4,10,14,49,0,3,0,4,7,0,0,11,11,18,0,115
2180204,89,0,13,10,59,82,0,12,14,26,108,0,7,0,6,13,5,5,11,21,34,4,235
2180205,65,0,7,3,29,39,3,4,11,18,57,0,0,0,8,8,0,0,4,4,12,3,137
2180206,66,5,5,6,42,58,3,7,8,18,76,0,0,5,19,24,7,3,4,14,38,3,183
2180207,41,3,5,0,15,23,0,4,7,11,34,0,10,4,25,39,0,6,21,27,66,0,141
2180208,55,0,15,3,36,54,0,3,11,14,68,5,0,0,24,29,5,4,11,20,49,0,172
2180209,26,0,6,0,21,27,3,5,6,14,41,0,5,4,7,16,0,6,5,11,27,0,94
2180301,113,4,14,0,69,87,6,12,22,40,127,3,4,0,14,21,3,9,8,20,41,0,281
2180302,61,3,12,3,47,65,8,18,10,36,101,3,4,0,10,17,3,3,7,13,30,0,192
2180303,61,5,3,3,36,47,4,0,13,17,64,0,0,0,23,23,0,0,13,13,36,0,161
2180304,54,0,6,0,32,38,0,7,11,18,56,3,4,0,31,38,0,0,18,18,56,4,170
2180305,51,0,3,3,31,37,0,0,15,15,52,3,3,0,25,31,5,0,3,8,39,4,146
2180306,59,0,6,7,30,43,6,0,9,15,58,5,0,0,7,12,0,4,4,8,20,4,141
2180307,74,4,3,5,48,60,0,8,8,16,76,0,6,0,12,18,0,5,7,12,30,6,186
2180308,73,0,9,0,42,51,0,5,13,18,69,0,6,0,11,17,0,0,9,9,26,3,171
2180309,41,3,9,0,12,24,0,0,12,12,36,0,0,0,6,6,3,3,3,9,15,0,92
2180310,83,3,14,3,52,72,0,14,15,29,101,0,3,0,14,17,0,4,5,9,26,0,210
2180311,65,0,14,0,35,49,3,5,8,16,65,0,0,4,13,17,0,4,6,10,27,0,157
2180312,29,0,13,0,44,57,8,3,3,14,71,0,0,0,9,9,0,0,0,0,9,3,112
2180313,67,0,19,0,33,52,5,7,17,29,81,0,3,3,15,21,0,3,5,8,29,0,177
2180401,16,0,0,0,8,8,0,0,0,0,8,0,0,0,5,5,0,0,0,0,5,0,29
2180402,13,0,3,0,3,6,0,0,4,4,10,0,0,0,0,0,0,0,0,0,0,3,26
2180403,42,0,4,4,19,27,0,0,17,17,44,0,0,0,4,4,0,3,3,6,10,3,99
2180404,44,0,9,0,24,33,9,3,12,24,57,0,0,3,3,6,0,0,0,0,6,0,107
2180405,13,3,0,0,7,10,0,0,3,3,13,0,7,0,0,7,0,0,0,0,7,0,33
2180406,20,0,0,0,11,11,0,4,7,11,22,0,3,3,0,6,0,0,0,0,6,0,48
2180407,13,0,0,0,5,5,0,0,5,5,10,0,0,0,0,0,3,3,0,6,6,0,29
2180408,44,0,13,0,32,45,4,6,24,34,79,0,0,0,3,3,0,0,5,5,8,0,131
2180409,31,0,5,4,16,25,0,0,0,0,25,0,3,0,3,6,0,3,3,6,12,0,68
2180410,51,3,10,0,26,39,3,5,13,21,60,0,0,0,0,0,0,0,4,4,4,0,115
2180411,28,0,8,0,12,20,0,0,0,0,20,0,0,0,8,8,0,0,4,4,12,0,60
2180412,0,0,0,0,0,0,0,0,0,0,0,0,0,0,0,0,0,0,0,0,0,0,0
2180501,62,0,6,0,25,31,3,0,7,10,41,0,6,0,6,12,0,6,7,13,25,0,128
2180502,41,3,0,3,11,17,3,3,4,10,27,0,4,0,0,4,0,0,3,3,7,0,75
2180503,24,0,8,3,27,38,0,5,11,16,54,0,0,4,3,7,0,3,3,6,13,0,91
2180504,36,0,0,4,14,18,0,0,9,9,27,0,0,0,4,4,0,0,5,5,9,5,77
2180505,24,0,8,0,13,21,3,3,3,9,30,0,0,0,3,3,0,0,3,3,6,0,60
2180506,42,0,8,5,21,34,4,4,9,17,51,0,3,6,13,22,0,3,6,9,31,3,127
2180507,65,0,9,0,24,33,0,11,6,17,50,0,0,3,14,17,0,5,5,10,27,6,148
2180508,99,0,16,3,35,54,0,13,21,34,88,0,0,0,21,21,0,5,10,15,36,3,226
2180509,62,0,10,5,20,35,5,5,9,19,54,0,6,0,0,6,0,0,0,0,6,0,122
2180510,80,0,14,0,54,68,3,3,15,21,89,3,3,3,6,15,3,3,3,9,24,3,196
2180511,38,0,3,0,16,19,0,0,7,7,26,0,0,0,8,8,0,0,0,0,8,0,72
2180512,33,0,5,0,12,17,0,3,7,10,27,0,6,0,4,10,0,0,0,0,10,5,75
2180513,16,3,0,4,6,13,3,4,0,7,20,0,0,0,7,7,0,6,0,6,13,3,52
2180601,19,0,6,0,5,11,0,0,0,0,11,0,0,0,0,0,0,0,4,4,4,0,34
2180602,26,0,5,5,10,20,0,0,4,4,24,0,0,0,5,5,3,0,3,6,11,0,61
2180603,14,0,0,0,5,5,0,0,3,3,8,0,0,0,3,3,0,3,0,3,6,3,31
2180604,61,7,14,3,40,64,5,9,17,31,95,0,0,0,13,13,0,4,5,9,22,0,178
2180605,37,0,8,3,16,27,3,3,9,15,42,0,0,0,0,0,0,3,3,6,6,0,85
2180606,66,0,9,0,46,55,0,6,8,14,69,0,9,0,12,21,3,0,10,13,34,0,169
2180607,33,0,5,4,24,33,5,4,3,12,45,0,0,3,4,7,0,0,3,3,10,0,88
2180608,71,4,14,4,30,52,8,0,12,20,72,0,5,0,5,10,0,0,0,0,10,0,153
2180609,70,0,11,3,33,47,0,8,20,28,75,0,0,0,4,4,0,0,8,8,12,3,160
2180610,37,0,11,0,26,37,4,3,11,18,55,0,0,0,6,6,3,3,3,9,15,0,107
2180611,44,0,5,0,20,25,6,0,10,16,41,0,0,0,10,10,0,3,10,13,23,6,114
2180612,53,0,5,5,13,23,5,5,5,15,38,3,0,0,8,11,3,3,3,9,20,3,114
2180613,35,0,4,7,22,33,0,3,13,16,49,0,0,3,3,6,3,0,4,7,13,3,100
2180614,119,3,20,12,81,116,7,17,28,52,168,0,0,0,4,4,0,0,7,7,11,3,301
2180615,80,4,11,3,28,46,7,5,13,25,71,0,0,0,7,7,0,7,6,13,20,5,176
2180701,44,0,12,6,36,54,0,4,15,19,73,0,4,0,21,25,3,3,8,14,39,8,164
2180702,67,4,3,3,48,58,4,0,12,16,74,0,0,0,11,11,0,4,8,12,23,0,164
2180703,70,0,6,0,25,31,4,4,13,21,52,0,11,3,19,33,6,0,6,12,45,3,170
2180704,105,0,6,3,77,86,3,8,20,31,117,3,5,4,24,36,0,3,9,12,48,4,274
2180705,29,4,5,4,21,34,0,0,10,10,44,0,6,3,4,13,0,0,3,3,16,5,94
2180706,74,0,17,0,35,52,4,3,23,30,82,0,4,0,6,10,0,10,10,20,30,4,190
2180707,60,0,9,8,33,50,3,0,17,20,70,0,0,0,0,0,0,0,5,5,5,0,135
2180708,61,0,12,3,28,43,6,4,14,24,67,0,3,3,3,9,0,0,10,10,19,0,147
2180709,26,3,3,0,17,23,5,0,0,5,28,0,0,0,5,5,0,0,0,0,5,0,59
2180710,125,0,19,5,58,82,7,6,18,31,113,0,5,4,13,22,4,6,5,15,37,3,278
2180711,48,5,9,0,35,49,4,0,11,15,64,0,0,0,13,13,3,0,14,17,30,4,146
2180801,88,5,21,10,44,80,4,12,10,26,106,0,3,0,17,20,0,3,5,8,28,3,225
2180802,45,0,15,0,28,43,0,7,18,25,68,0,0,0,0,0,0,4,0,4,4,0,117
2180803,27,0,0,5,26,31,0,9,19,28,59,0,0,0,4,4,0,0,0,0,4,0,90
2180804,64,0,8,0,47,55,5,8,13,26,81,0,5,0,8,13,0,0,0,0,13,4,162
2180805,39,0,4,0,37,41,0,10,11,21,62,0,4,0,4,8,0,4,0,4,12,0,113
2180806,28,0,6,4,13,23,0,0,8,8,31,0,0,0,3,3,0,0,5,5,8,0,67
2180807,36,0,8,4,30,42,0,7,0,7,49,0,0,0,7,7,0,6,4,10,17,0,102
2180808,66,4,10,3,37,54,5,8,7,20,74,0,3,0,6,9,0,3,7,10,19,3,162
2180809,20,0,6,0,5,11,0,6,4,10,21,0,0,0,0,0,0,3,0,3,3,0,44
2180810,42,0,8,0,41,49,5,4,9,18,67,0,3,0,3,6,0,0,0,0,6,0,115
2180811,77,0,19,4,79,102,7,12,18,37,139,0,6,7,6,19,0,0,5,5,24,5,245
2180812,15,0,3,3,17,23,3,0,7,10,33,0,0,0,0,0,0,0,9,9,9,0,57
2180901,65,3,9,0,40,52,0,5,14,19,71,0,0,0,23,23,5,0,12,17,40,4,180
2180902,41,0,0,4,22,26,0,4,7,11,37,0,5,0,12,17,3,0,6,9,26,4,108
2180903,29,4,0,0,17,21,3,3,8,14,35,0,5,0,6,11,3,3,7,13,24,4,92
2180904,24,4,3,0,9,16,0,3,0,3,19,0,0,0,4,4,0,4,6,10,14,0,57
2180905,93,3,11,7,54,75,15,5,20,40,115,0,4,3,14,21,3,5,6,14,35,0,243
2180906,66,4,20,7,50,81,9,10,12,31,112,0,0,0,4,4,0,6,0,6,10,0,188
2180907,18,0,0,0,5,5,0,3,4,7,12,0,3,0,3,6,0,0,0,0,6,0,36
2180908,38,0,4,0,21,25,3,3,3,9,34,0,4,0,12,16,0,0,0,0,16,3,91
2180909,82,4,5,0,40,49,3,6,3,12,61,0,5,0,12,17,0,6,9,15,32,3,178
2180910,24,0,9,0,22,31,0,0,0,0,31,0,0,0,5,5,0,0,7,7,12,0,67
2180911,37,0,5,0,22,27,0,6,0,6,33,0,0,0,8,8,0,0,3,3,11,0,81
2181001,82,0,9,4,51,64,8,8,8,24,88,0,0,0,10,10,3,0,3,6,16,4,190
2181002,43,3,0,3,35,41,0,3,12,15,56,0,0,0,5,5,6,0,0,6,11,0,110
2181003,65,0,5,0,25,30,0,3,9,12,42,0,5,0,13,18,0,0,5,5,23,0,130
2181004,33,0,3,4,35,42,3,6,12,21,63,0,5,0,0,5,4,0,0,4,9,3,108
2181005,33,0,0,0,20,20,0,0,9,9,29,0,3,0,11,14,3,5,3,11,25,0,87
2181006,57,0,4,4,21,29,0,0,10,10,39,0,5,0,4,9,0,0,9,9,18,0,114
2181007,46,0,8,0,39,47,0,0,9,9,56,0,4,5,30,39,0,6,12,18,57,0,159
2181008,39,0,9,3,26,38,3,4,4,11,49,0,8,6,30,44,0,0,12,12,56,5,149
2181009,51,3,5,0,39,47,0,0,12,12,59,0,9,5,75,89,0,9,15,24,113,3,226
2181010,80,3,14,0,60,77,6,4,10,20,97,0,3,3,25,31,0,9,14,23,54,6,237
2181011,34,0,8,0,25,33,6,0,4,10,43,0,0,0,0,0,0,6,0,6,6,0,83
2181101,59,4,12,6,34,56,6,0,18,24,80,0,5,0,8,13,0,0,0,0,13,5,157
2181102,13,0,0,0,19,19,0,0,4,4,23,0,0,0,0,0,0,0,5,5,5,0,41
2181103,29,0,0,3,13,16,0,5,8,13,29,0,0,0,0,0,0,0,0,0,0,0,58
2181104,87,0,10,15,55,80,3,15,27,45,125,0,3,3,3,9,3,3,3,9,18,0,230
2181105,57,0,7,0,38,45,3,7,13,23,68,0,6,0,21,27,0,6,5,11,38,0,163
2181106,39,0,4,3,18,25,0,0,9,9,34,0,0,0,18,18,3,0,13,16,34,3,110
2181107,42,0,0,0,13,13,3,3,5,11,24,0,5,0,3,8,3,0,3,6,14,0,80
2181108,101,0,8,0,54,62,6,13,29,48,110,0,4,3,16,23,3,4,3,10,33,6,250
2181109,53,0,0,0,39,39,3,5,7,15,54,0,0,0,26,26,0,5,7,12,38,0,145
2181110,77,0,0,0,26,26,0,4,11,15,41,0,4,0,16,20,3,0,9,12,32,4,154
2181111,46,0,18,0,40,58,0,6,15,21,79,0,4,0,42,46,4,8,12,24,70,0,195
2181112,42,0,17,0,17,34,7,9,9,25,59,0,0,0,0,0,0,0,0,0,0,0,101
2181201,79,3,3,3,42,51,7,10,13,30,81,0,0,0,4,4,0,0,8,8,12,0,172
2181202,62,0,5,0,40,45,5,4,21,30,75,0,6,0,14,20,0,0,7,7,27,0,164
2181203,73,5,8,3,55,71,7,4,14,25,96,0,3,0,8,11,0,3,3,6,17,0,186
2181204,15,3,4,0,5,12,0,3,3,6,18,0,0,0,0,0,0,0,0,0,0,0,33
2181205,63,4,5,0,29,38,0,9,11,20,58,0,9,0,7,16,0,0,7,7,23,3,147
2181206,46,0,6,0,8,14,3,3,5,11,25,0,0,0,0,0,0,3,3,6,6,0,77
2181207,57,3,10,0,23,36,7,14,11,32,68,0,5,0,0,5,0,3,4,7,12,0,137
2181208,57,4,11,0,32,47,0,12,13,25,72,0,0,7,0,7,0,5,0,5,12,0,141
2181209,51,6,8,0,39,53,9,9,13,31,84,0,0,0,6,6,0,0,7,7,13,0,148
2181301,70,0,10,0,29,39,4,3,13,20,59,0,4,4,15,23,0,6,17,23,46,3,178
2181302,53,0,6,0,14,20,3,7,8,18,38,0,3,0,12,15,5,0,9,14,29,5,125
2181303,14,0,0,4,13,17,0,0,3,3,20,4,3,4,25,36,0,3,10,13,49,0,83
2181304,35,0,3,0,19,22,0,7,8,15,37,0,3,0,12,15,0,4,7,11,26,0,98
2181305,31,0,4,0,11,15,3,0,0,3,18,0,0,0,22,22,0,0,8,8,30,0,79
2181306,47,0,5,4,22,31,10,3,13,26,57,0,3,0,14,17,0,0,5,5,22,6,132
2181307,63,4,11,3,54,72,5,10,19,34,106,0,8,3,9,20,0,7,0,7,27,0,196
2181308,61,0,6,0,27,33,5,3,12,20,53,0,0,0,17,17,4,0,4,8,25,6,145
2181309,33,0,0,0,20,20,3,3,6,12,32,4,0,0,21,25,0,7,6,13,38,5,108
2181310,79,0,6,0,25,31,5,5,26,36,67,0,0,0,10,10,0,3,6,9,19,0,165
2181401,88,5,12,8,62,87,6,8,11,25,112,0,0,0,13,13,0,4,10,14,27,0,227
2181402,50,0,5,0,30,35,0,10,8,18,53,0,5,0,18,23,0,0,10,10,33,5,141
2181403,57,3,7,0,20,30,0,4,6,10,40,0,3,0,11,14,0,4,4,8,22,0,119
2181404,28,7,0,0,10,17,5,0,6,11,28,0,3,0,4,7,0,0,4,4,11,0,67
2181405,74,3,6,0,35,44,8,4,3,15,59,0,8,0,24,32,0,5,14,19,51,0,184
2181407,34,0,0,4,16,20,0,0,5,5,25,0,0,0,10,10,3,5,7,15,25,0,84
2181408,40,0,3,0,14,17,0,0,10,10,27,0,0,0,9,9,0,0,11,11,20,4,91
2181409,49,0,0,0,21,21,5,0,7,12,33,0,3,0,7,10,0,6,5,11,21,4,107
2181601,41,0,6,3,24,33,6,5,8,19,52,0,3,3,18,24,0,5,10,15,39,0,132
2181602,43,3,4,3,27,37,3,3,10,16,53,0,7,3,18,28,4,0,8,12,40,0,136
2181603,58,0,7,0,29,36,0,8,4,12,48,0,4,0,11,15,0,6,7,13,28,0,134
2181604,52,3,10,7,27,47,0,7,5,12,59,0,0,3,5,8,0,0,8,8,16,0,127
2181605,57,0,5,0,19,24,0,0,11,11,35,0,4,0,11,15,0,0,0,0,15,5,112
2181606,38,0,10,3,32,45,0,4,13,17,62,0,7,3,12,22,0,0,10,10,32,6,138
2181607,43,0,3,0,24,27,6,4,0,10,37,3,3,0,3,9,0,4,3,7,16,4,100
2181608,37,0,6,0,14,20,4,0,3,7,27,0,3,3,3,9,0,0,6,6,15,3,82
2181609,62,0,3,5,36,44,0,4,11,15,59,0,8,0,15,23,0,0,9,9,32,3,156
2181610,34,5,0,0,14,19,7,0,9,16,35,0,0,0,5,5,4,0,0,4,9,0,78
2181611,57,0,8,8,36,52,9,4,10,23,75,3,5,0,6,14,3,3,5,11,25,3,160
2181701,30,0,0,0,9,9,0,3,3,6,15,0,0,3,11,14,0,0,5,5,19,0,64
2181702,41,3,3,3,19,28,0,0,15,15,43,0,9,0,11,20,0,3,10,13,33,3,120
2181703,62,0,4,5,26,35,0,8,3,11,46,0,0,0,13,13,0,6,5,11,24,4,136
2181704,22,0,3,0,7,10,0,0,4,4,14,0,0,0,7,7,0,0,3,3,10,4,50
2181705,44,0,6,0,24,30,3,0,3,6,36,0,3,0,4,7,0,3,4,7,14,4,98
2181706,73,0,5,5,51,61,4,3,19,26,87,0,0,0,24,24,3,0,11,14,38,8,206
2181707,32,3,3,0,21,27,0,6,8,14,41,0,0,4,11,15,0,3,4,7,22,3,98
2181708,58,4,14,0,31,49,7,0,12,19,68,3,0,0,4,7,0,3,5,8,15,0,141
2181709,34,0,13,0,31,44,0,0,12,12,56,0,7,7,19,33,0,0,10,10,43,5,138
2181710,41,0,8,4,17,29,0,0,10,10,39,0,0,0,7,7,0,0,8,8,15,4,99
2181711,54,0,10,0,43,53,12,6,9,27,80,0,0,0,20,20,3,3,5,11,31,0,165
2181712,73,0,13,6,31,50,0,10,15,25,75,0,0,0,7,7,0,4,4,8,15,0,163
2181801,68,4,3,5,10,22,4,0,8,12,34,0,0,3,6,9,0,0,14,14,23,0,125
2181802,43,3,4,0,29,36,4,0,3,7,43,0,0,0,21,21,0,5,18,23,44,3,133
2181803,37,4,0,0,24,28,0,3,6,9,37,0,9,0,11,20,0,0,14,14,34,4,112
2181804,32,5,0,0,3,8,0,8,7,15,23,0,0,0,7,7,0,0,9,9,16,3,74
2181805,53,0,0,0,15,15,0,3,10,13,28,0,0,0,5,5,0,3,7,10,15,0,96
2181806,41,0,5,0,22,27,0,3,10,13,40,0,3,0,16,19,0,4,4,8,27,0,108
2181807,49,0,16,0,33,49,3,6,15,24,73,0,0,3,12,15,0,4,15,19,34,0,156
2181808,47,0,5,0,31,36,0,0,11,11,47,0,4,3,35,42,0,6,14,20,62,3,159
2181809,37,4,0,0,16,20,0,0,7,7,27,0,3,4,17,24,3,3,5,11,35,0,99
2181810,22,4,3,0,16,23,3,3,5,11,34,0,3,3,25,31,0,0,16,16,47,3,106
2181811,51,0,13,0,59,72,10,6,12,28,100,0,0,0,21,21,0,4,13,17,38,0,189
2181812,47,0,11,0,23,34,6,0,13,19,53,0,3,4,13,20,0,0,10,10,30,3,133
2181813,50,0,5,3,25,33,5,0,8,13,46,0,7,0,32,39,0,0,8,8,47,0,143
2181814,36,3,5,0,15,23,0,0,9,9,32,0,0,0,13,13,0,0,7,7,20,0,88
2181901,43,0,9,0,32,41,3,5,21,29,70,0,3,0,8,11,0,3,4,7,18,0,131
2181902,16,4,0,0,11,15,9,0,0,9,24,0,0,0,0,0,0,0,0,0,0,5,45
2181903,81,0,8,6,44,58,0,8,20,28,86,3,3,0,6,12,0,3,0,3,15,3,185
2181904,15,0,6,0,23,29,5,4,6,15,44,0,0,0,4,4,0,0,3,3,7,0,66
2181905,44,0,10,0,31,41,7,9,10,26,67,0,0,0,5,5,0,0,3,3,8,3,122
2181907,77,0,10,5,38,53,4,13,22,39,92,0,3,0,6,9,3,0,3,6,15,0,184
2181908,72,0,11,5,44,60,4,21,15,40,100,0,0,0,0,0,0,0,8,8,8,0,180
2181909,35,0,5,3,16,24,0,10,6,16,40,0,0,0,5,5,0,0,0,0,5,0,80
2181910,52,0,13,6,24,43,6,7,8,21,64,0,0,0,4,4,3,0,4,7,11,0,127
2181911,45,0,17,5,61,83,5,6,18,29,112,0,0,0,12,12,0,0,8,8,20,0,177
2181912,33,0,11,6,30,47,4,5,11,20,67,0,5,0,12,17,0,0,8,8,25,0,125
2181913,32,0,10,0,26,36,0,7,4,11,47,0,0,0,3,3,0,0,0,0,3,0,82
2181914,60,3,13,5,44,65,5,3,14,22,87,0,0,0,5,5,0,0,0,0,5,0,152
2181915,19,0,4,3,42,49,0,3,4,7,56,0,0,0,3,3,0,0,3,3,6,0,81
2182001,97,6,15,3,60,84,0,13,14,27,111,0,0,0,29,29,0,10,16,26,55,7,270
2182002,43,0,13,0,62,75,6,4,5,15,90,0,3,0,9,12,0,4,0,4,16,0,149
2182003,59,0,4,0,14,18,0,0,0,0,18,0,0,0,3,3,0,0,4,4,7,0,84
2182004,12,0,0,0,4,4,4,0,0,4,8,0,3,0,3,6,3,3,3,9,15,0,35
2182005,22,3,0,0,9,12,0,0,5,5,17,0,0,0,6,6,0,0,0,0,6,0,45
2182006,55,3,3,4,23,33,0,7,12,19,52,0,3,3,6,12,0,4,3,7,19,4,130
2182007,70,4,9,5,56,74,6,8,19,33,107,0,6,0,18,24,3,7,7,17,41,0,218
2182008,83,0,22,6,101,129,4,15,18,37,166,0,3,0,6,9,0,0,3,3,12,3,264
2182009,62,0,8,6,56,70,4,4,17,25,95,0,3,4,24,31,0,0,10,10,41,0,198
2182010,54,0,0,0,14,14,0,0,7,7,21,0,0,0,11,11,4,0,7,11,22,0,97
2182011,56,0,11,5,32,48,3,3,7,13,61,0,0,0,7,7,0,4,10,14,21,0,138
2182012,78,0,12,4,74,90,0,5,8,13,103,0,0,0,16,16,3,3,9,15,31,0,212
2182013,28,0,5,0,26,31,3,3,11,17,48,0,3,3,3,9,0,0,0,0,9,0,85
2190101,48,0,0,6,29,35,0,6,10,16,51,0,0,0,4,4,4,4,5,13,17,0,116
2190102,38,4,7,0,37,48,0,11,0,11,59,0,3,0,6,9,0,0,5,5,14,4,115
2190103,22,0,3,0,7,10,0,3,0,3,13,0,0,0,0,0,0,0,0,0,0,0,35
2190104,68,3,16,0,46,65,4,7,14,25,90,0,0,0,8,8,4,3,14,21,29,0,187
2190105,60,0,6,0,30,36,5,3,16,24,60,0,6,4,11,21,0,0,16,16,37,3,160
2190106,60,0,14,0,47,61,11,7,14,32,93,0,0,0,0,0,0,0,0,0,0,0,153
2190107,35,0,3,0,8,11,0,0,8,8,19,0,3,0,3,6,3,0,3,6,12,0,66
2190108,81,0,11,0,39,50,9,13,15,37,87,3,4,0,0,7,0,3,9,12,19,0,187
2190109,62,3,4,0,28,35,4,15,13,32,67,3,0,0,10,13,0,0,7,7,20,0,149
2190110,0,0,0,0,0,0,0,0,0,0,0,0,0,0,0,0,0,0,0,0,0,0,0
2190111,26,0,0,0,26,26,0,4,5,9,35,0,0,0,0,0,0,4,3,7,7,0,68
2190112,38,5,11,0,27,43,8,0,7,15,58,0,0,0,9,9,0,3,3,6,15,5,116
2190201,34,5,5,0,16,26,5,5,14,24,50,0,0,0,5,5,0,0,4,4,9,0,93
2190202,10,0,0,0,15,15,3,3,8,14,29,0,0,0,0,0,0,0,0,0,0,0,39
2190203,50,0,5,5,46,56,3,3,11,17,73,0,0,0,5,5,3,3,3,9,14,6,143
2190204,71,5,17,3,42,67,8,5,33,46,113,0,3,3,3,9,0,0,8,8,17,3,204
2190205,17,4,5,0,16,25,0,0,4,4,29,0,0,0,3,3,0,0,0,0,3,3,52
2190206,52,5,10,0,39,54,7,8,18,33,87,0,4,3,19,26,0,3,11,14,40,0,179
2190207,73,0,6,5,62,73,0,3,20,23,96,0,5,3,27,35,4,6,8,18,53,3,225
2190208,31,0,8,0,38,46,3,0,8,11,57,0,3,0,20,23,0,0,11,11,34,0,122
2190209,58,4,9,6,53,72,15,0,13,28,100,4,0,3,14,21,8,0,4,12,33,0,191
2190210,38,6,6,6,37,55,6,0,10,16,71,0,5,4,8,17,3,3,9,15,32,3,144
2190211,32,0,5,4,24,33,0,3,6,9,42,0,0,4,12,16,0,0,6,6,22,0,96
2190212,19,4,5,0,20,29,4,5,5,14,43,4,0,0,5,9,0,0,5,5,14,0,76
2190213,20,4,10,0,16,30,3,3,8,14,44,0,0,0,6,6,0,0,0,0,6,0,70
2190301,20,0,0,4,16,20,0,0,5,5,25,0,0,0,5,5,0,0,4,4,9,0,54
2190302,41,6,5,0,31,42,3,3,12,18,60,0,3,0,27,30,3,6,9,18,48,0,149
2190303,27,0,7,3,11,21,0,4,4,8,29,3,3,3,9,18,5,3,7,15,33,0,89
2190304,62,3,7,3,51,64,0,0,13,13,77,0,0,4,17,21,0,5,4,9,30,3,172
2190305,67,0,12,6,41,59,3,9,23,35,94,0,5,0,14,19,0,4,14,18,37,0,198
2190306,73,6,6,3,38,53,10,4,14,28,81,0,0,0,19,19,3,3,5,11,30,6,190
2190307,47,0,10,3,44,57,0,9,13,22,79,0,0,0,14,14,0,0,5,5,19,0,145
2190308,73,3,10,3,45,61,4,15,26,45,106,0,0,0,9,9,0,0,5,5,14,0,193
2190309,37,0,6,0,28,34,5,0,12,17,51,0,0,0,8,8,0,0,0,0,8,0,96
2190310,29,0,7,5,17,29,0,0,10,10,39,0,0,0,4,4,0,0,0,0,4,0,72
2190401,66,4,11,0,43,58,10,4,10,24,82,0,0,0,14,14,5,0,6,11,25,3,176
2190402,21,0,0,5,23,28,9,0,5,14,42,0,3,0,3,6,0,4,0,4,10,0,73
2190403,41,0,11,3,34,48,0,9,18,27,75,0,3,0,9,12,3,7,3,13,25,3,144
2190404,45,5,5,0,39,49,11,4,13,28,77,0,3,6,8,17,0,7,0,7,24,0,146
2190405,47,5,10,0,49,64,5,7,11,23,87,0,3,0,8,11,0,10,15,25,36,0,170
2190406,34,0,13,0,35,48,9,8,9,26,74,0,0,0,3,3,4,4,6,14,17,3,128
2190407,26,0,3,4,19,26,0,4,18,22,48,0,3,0,4,7,0,3,3,6,13,3,90
2190408,58,0,11,0,44,55,10,6,16,32,87,0,5,0,13,18,3,4,13,20,38,3,186
2190409,0,0,0,0,0,0,0,0,0,0,0,0,0,0,0,0,0,0,0,0,0,0,0
2190410,24,3,6,0,13,22,0,0,11,11,33,0,0,0,6,6,3,0,3,6,12,0,69
2190411,24,0,5,0,21,26,3,3,10,16,42,0,0,0,5,5,0,0,5,5,10,0,76
2190501,70,0,13,3,64,80,7,14,21,42,122,4,8,0,10,22,0,6,8,14,36,3,231
2190502,56,5,6,4,37,52,7,11,19,37,89,0,3,4,6,13,6,5,7,18,31,0,176
2190503,51,4,18,5,59,86,8,10,10,28,114,0,0,5,9,14,0,4,14,18,32,0,197
2190504,36,4,4,0,28,36,3,7,10,20,56,0,5,3,10,18,0,4,12,16,34,5,131
2190505,48,4,11,3,34,52,12,11,11,34,86,0,0,4,7,11,0,9,4,13,24,0,158
2190506,61,4,17,5,56,82,11,15,15,41,123,0,0,0,10,10,3,8,6,17,27,5,216
2190507,41,0,8,0,35,43,3,7,11,21,64,0,6,0,9,15,0,5,14,19,34,0,139
2190508,34,4,14,0,56,74,6,12,20,38,112,0,0,0,16,16,3,3,3,9,25,0,171
2190509,34,3,14,0,40,57,5,5,26,36,93,0,3,0,11,14,4,3,6,13,27,0,154
2190510,41,3,8,4,24,39,3,10,11,24,63,0,0,3,6,9,0,7,0,7,16,0,120
2190601,40,5,8,4,28,45,8,7,17,32,77,0,0,0,4,4,0,0,6,6,10,0,127
2190602,67,3,5,4,47,59,6,6,22,34,93,0,0,0,8,8,0,0,8,8,16,0,176
2190603,83,8,12,7,74,101,9,5,24,38,139,5,0,0,18,23,5,7,10,22,45,4,271
2190604,26,3,10,4,20,37,9,5,11,25,62,0,0,0,10,10,0,0,8,8,18,3,109
2190605,42,0,13,6,42,61,3,8,23,34,95,0,0,0,9,9,0,7,9,16,25,0,162
2190606,39,0,7,0,27,34,5,5,13,23,57,0,0,3,8,11,0,4,10,14,25,5,126
2190607,82,7,14,6,90,117,13,12,32,57,174,0,0,3,11,14,3,5,9,17,31,0,287
2190608,41,3,3,0,26,32,6,7,9,22,54,0,10,0,5,15,0,0,6,6,21,0,116
2190609,23,0,0,3,14,17,4,6,3,13,30,0,0,0,0,0,3,0,0,3,3,4,60
2190610,30,0,4,3,37,44,7,8,7,22,66,0,0,0,15,15,0,0,14,14,29,0,125
2190611,38,3,3,0,25,31,6,5,7,18,49,0,8,3,5,16,0,0,5,5,21,4,112
2190612,32,0,6,5,37,48,4,9,14,27,75,0,0,0,9,9,0,0,10,10,19,0,126
2190613,13,3,7,3,12,25,9,0,4,13,38,0,0,0,4,4,0,0,0,0,4,0,55
2190614,13,0,5,0,8,13,4,4,5,13,26,0,0,0,0,0,0,0,0,0,0,0,39
2190615,35,0,5,4,11,20,3,3,6,12,32,0,0,0,8,8,0,0,0,0,8,0,75
2190701,50,0,8,0,30,38,0,4,5,9,47,0,5,0,21,26,0,4,4,8,34,0,131
2190702,49,0,5,4,9,18,0,6,6,12,30,0,4,0,14,18,0,3,3,6,24,0,103
2190703,77,0,10,3,23,36,4,3,5,12,48,3,3,4,18,28,3,3,5,11,39,0,164
2190704,45,3,3,4,20,30,5,8,8,21,51,0,0,0,10,10,0,0,7,7,17,0,113
2190705,40,4,5,0,24,33,0,5,8,13,46,0,0,3,7,10,0,0,4,4,14,0,100
2190706,45,3,4,4,26,37,0,5,0,5,42,0,5,0,12,17,0,0,9,9,26,3,116
2190707,44,0,9,0,31,40,0,6,28,34,74,0,0,0,7,7,0,0,5,5,12,0,130
2190708,48,0,5,5,40,50,0,9,12,21,71,0,4,5,23,32,3,8,8,19,51,3,173
2190709,40,3,0,0,29,32,0,0,0,0,32,0,0,0,5,5,0,0,6,6,11,0,83
2190710,27,3,0,0,20,23,0,0,6,6,29,0,0,0,6,6,0,3,4,7,13,0,69
2190801,85,0,20,4,39,63,4,9,21,34,97,0,3,0,6,9,0,4,11,15,24,0,206
2190802,51,0,7,6,30,43,0,0,13,13,56,0,4,3,19,26,0,3,10,13,39,4,150
2190803,51,3,3,0,14,20,4,6,7,17,37,0,0,6,8,14,4,3,5,12,26,0,114
2190804,84,6,6,0,33,45,0,0,14,14,59,0,0,3,20,23,3,3,6,12,35,3,181
2190805,90,3,11,0,43,57,8,9,12,29,86,0,0,0,18,18,4,8,17,29,47,0,223
2190806,56,3,8,0,27,38,0,3,14,17,55,0,0,0,15,15,3,6,7,16,31,0,142
2190807,61,0,7,3,47,57,6,0,7,13,70,0,0,0,12,12,0,4,7,11,23,4,158
2190808,62,6,14,4,54,78,4,0,20,24,102,0,4,5,23,32,0,4,10,14,46,7,217
2190809,71,5,8,3,70,86,5,11,22,38,124,0,6,5,28,39,0,0,16,16,55,0,250
2190810,46,3,8,3,26,40,3,4,14,21,61,0,0,0,9,9,0,0,16,16,25,3,135
2190811,17,3,6,3,9,21,0,0,7,7,28,0,0,0,0,0,0,0,8,8,8,0,53
2190901,54,5,15,3,36,59,4,5,17,26,85,0,0,0,16,16,3,3,10,16,32,4,175
2190902,72,5,12,4,86,107,9,0,16,25,132,0,6,4,27,37,3,6,14,23,60,0,264
2190903,29,0,9,3,18,30,5,5,8,18,48,0,0,0,4,4,0,0,0,0,4,0,81
2190904,60,3,4,3,22,32,7,7,14,28,60,0,0,0,8,8,0,3,3,6,14,0,134
2190905,89,0,21,0,41,62,9,8,18,35,97,0,0,0,9,9,0,0,7,7,16,0,202
2190906,33,0,0,5,16,21,0,0,6,6,27,0,0,0,0,0,0,0,0,0,0,3,63
2190907,74,3,17,10,96,126,18,8,22,48,174,0,3,0,17,20,4,0,12,16,36,4,288
2190908,34,0,11,0,46,57,4,9,34,47,104,0,7,0,7,14,0,0,8,8,22,3,163
2190909,64,3,9,0,39,51,7,11,38,56,107,0,3,4,10,17,3,5,12,20,37,3,211
2190910,66,0,9,4,50,63,13,5,30,48,111,3,3,0,9,15,5,3,18,26,41,0,218
2190911,30,3,3,4,35,45,4,3,16,23,68,0,0,0,8,8,0,0,7,7,15,0,113
2190912,82,3,14,4,95,116,4,14,28,46,162,0,3,0,9,12,3,5,6,14,26,0,270
2190913,92,3,20,3,78,104,8,10,30,48,152,0,3,0,14,17,3,5,9,17,34,0,278
2190914,8,0,4,0,6,10,4,4,7,15,25,0,0,0,0,0,0,0,0,0,0,0,33
2190915,36,0,12,10,70,92,10,4,23,37,129,0,3,3,5,11,4,0,4,8,19,0,184
2190916,54,0,6,4,87,97,3,7,20,30,127,0,5,0,7,12,3,5,6,14,26,0,207
2190917,23,0,10,5,50,65,0,0,0,0,65,0,0,0,0,0,0,3,0,3,3,0,91
2190918,52,5,13,0,47,65,4,6,18,28,93,0,4,0,5,9,0,6,0,6,15,0,160
2190919,40,0,3,6,20,29,5,7,18,30,59,0,0,0,0,0,0,0,0,0,0,0,99
2190920,24,4,3,4,20,31,3,7,7,17,48,0,0,0,4,4,0,5,0,5,9,0,81
2190921,42,5,0,0,4,9,0,0,12,12,21,0,0,0,0,0,0,0,3,3,3,0,66
2190922,27,0,3,0,12,15,4,3,12,19,34,0,0,0,0,0,0,0,4,4,4,0,65
2190923,18,0,0,0,13,13,0,3,8,11,24,0,0,0,0,0,5,0,0,5,5,0,47
2191001,89,0,12,0,43,55,9,9,23,41,96,0,3,0,17,20,0,3,8,11,31,4,220
2191002,109,0,7,3,53,63,8,9,34,51,114,0,3,5,6,14,0,4,10,14,28,0,251
2191003,85,0,13,0,46,59,13,7,28,48,107,0,6,0,14,20,0,0,14,14,34,0,226
2191004,112,0,23,0,61,84,12,12,32,56,140,0,3,4,14,21,3,8,11,22,43,0,295
2191005,75,5,12,3,18,38,8,6,19,33,71,3,0,0,10,13,0,0,7,7,20,0,166
2191006,89,3,10,3,34,50,6,8,26,40,90,4,0,0,18,22,3,6,10,19,41,0,220
2191007,59,0,8,3,36,47,3,3,19,25,72,0,4,0,24,28,0,7,13,20,48,7,186
2191008,71,0,0,4,36,40,0,6,15,21,61,0,6,4,18,28,9,0,17,26,54,6,192
2191009,60,3,3,3,45,54,3,6,17,26,80,3,3,3,15,24,0,8,13,21,45,5,190
2191010,36,0,3,3,31,37,6,6,10,22,59,0,0,0,10,10,0,7,6,13,23,4,122
2191101,79,5,14,3,60,82,12,10,22,44,126,3,0,4,15,22,3,0,14,17,39,6,250
2191102,103,4,21,3,69,97,14,15,44,73,170,0,3,0,9,12,5,3,9,17,29,4,306
2191103,66,0,10,7,61,78,6,7,21,34,112,6,0,0,6,12,4,4,12,20,32,0,210
2191104,63,0,11,3,51,65,12,12,23,47,112,0,3,0,14,17,4,0,8,12,29,3,207
2191105,64,3,11,0,48,62,12,7,35,54,116,0,3,3,9,15,6,0,12,18,33,5,218
2191106,72,0,19,7,55,81,9,6,22,37,118,0,0,5,14,19,0,0,14,14,33,5,228
2191107,78,4,11,4,41,60,11,6,29,46,106,3,8,3,18,32,3,3,23,29,61,3,248
2191108,51,4,20,6,66,96,9,9,18,36,132,0,0,4,12,16,0,3,11,14,30,3,216
2191109,65,3,20,9,62,94,12,20,27,59,153,0,0,0,9,9,3,6,3,12,21,0,239
2191201,115,3,7,12,35,57,5,7,21,33,90,3,0,4,4,11,0,3,5,8,19,3,227
2191202,91,7,9,3,60,79,6,9,35,50,129,3,4,0,11,18,0,6,10,16,34,0,254
2191203,43,0,11,8,19,38,8,0,17,25,63,0,6,6,9,21,0,0,8,8,29,3,138
2191204,42,4,10,8,55,77,3,6,19,28,105,0,0,0,6,6,0,0,8,8,14,0,161
2191205,74,3,21,3,63,90,7,16,32,55,145,0,3,3,3,9,0,4,3,7,16,3,238
2191206,72,7,31,0,77,115,26,12,30,68,183,0,4,0,11,15,0,5,10,15,30,0,285
2191207,59,0,7,0,33,40,3,0,27,30,70,3,0,0,12,15,4,0,7,11,26,6,161
2191208,74,0,6,0,32,38,3,3,17,23,61,3,3,3,17,26,0,4,15,19,45,7,187
2191209,41,3,19,0,90,112,6,17,17,40,152,0,5,0,9,14,0,0,6,6,20,0,213
2191210,66,5,10,0,89,104,4,11,15,30,134,0,3,4,9,16,0,3,10,13,29,0,229
2191211,65,4,16,0,79,99,19,11,26,56,155,0,0,5,7,12,0,6,6,12,24,0,244
2191212,33,0,5,4,10,19,8,7,12,27,46,0,0,0,3,3,3,0,4,7,10,0,89
2191213,43,3,7,6,56,72,6,6,20,32,104,0,0,0,0,0,5,4,10,19,19,0,166
2191301,24,0,0,3,25,28,0,0,3,3,31,0,8,0,0,8,0,0,0,0,8,0,63
2191302,22,0,6,0,7,13,3,4,7,14,27,3,0,0,4,7,0,0,0,0,7,0,56
2191303,72,0,15,6,86,107,8,19,26,53,160,0,4,0,17,21,4,4,5,13,34,0,266
2191304,78,0,16,3,95,114,5,10,27,42,156,3,3,3,10,19,3,4,11,18,37,4,275
2191305,76,4,8,8,55,75,4,9,14,27,102,0,3,3,6,12,0,0,5,5,17,0,195
2191306,64,4,9,4,72,89,4,4,23,31,120,5,0,0,10,15,0,0,18,18,33,0,217
2191307,22,0,8,8,31,47,12,11,17,40,87,0,0,0,0,0,0,0,8,8,8,0,117
2191308,45,0,6,4,37,47,7,3,14,24,71,0,3,0,12,15,3,0,3,6,21,0,137
2191309,20,0,8,0,10,18,6,5,6,17,35,0,0,4,8,12,0,0,0,0,12,0,67
2191310,32,3,4,3,18,28,9,3,12,24,52,0,0,0,5,5,0,0,9,9,14,0,98
2191311,31,0,7,0,28,35,6,0,15,21,56,0,0,0,4,4,4,0,7,11,15,0,102
2191312,18,3,7,0,12,22,3,3,6,12,34,0,0,0,5,5,0,0,8,8,13,0,65
2191313,24,5,5,0,27,37,6,0,9,15,52,0,0,0,6,6,0,0,9,9,15,0,91
2191314,28,0,4,3,16,23,3,0,6,9,32,0,0,0,3,3,0,0,4,4,7,0,67
2191401,60,6,12,0,54,72,12,8,24,44,116,0,0,5,6,11,0,5,4,9,20,4,200
2191402,55,5,9,3,46,63,6,8,31,45,108,0,5,0,10,15,0,7,5,12,27,0,190
2191403,55,0,13,4,35,52,10,8,19,37,89,4,5,0,6,15,0,5,3,8,23,0,167
2191404,57,3,11,4,45,63,11,9,30,50,113,0,3,0,5,8,5,3,4,12,20,0,190
2191405,44,0,7,6,21,34,12,0,5,17,51,0,3,3,3,9,0,5,5,10,19,0,114
2191406,61,0,8,3,38,49,8,9,19,36,85,0,3,0,10,13,0,0,10,10,23,5,174
2191407,52,3,8,0,15,26,11,8,7,26,52,0,3,0,4,7,3,0,5,8,15,0,119
2191408,78,6,15,6,56,83,13,6,31,50,133,0,4,0,15,19,0,3,5,8,27,3,241
2191409,54,0,9,4,65,78,10,11,24,45,123,0,0,0,7,7,4,0,15,19,26,4,207
2191410,56,0,6,0,53,59,4,9,23,36,95,3,5,0,5,13,3,3,4,10,23,0,174
2191411,17,0,0,3,8,11,0,6,6,12,23,0,0,0,0,0,0,0,0,0,0,0,40
2191412,14,3,0,4,13,20,0,0,7,7,27,0,0,0,5,5,0,0,3,3,8,0,49
2191501,70,5,0,0,17,22,0,0,0,0,22,0,0,0,20,20,0,5,7,12,32,0,124
2191502,63,0,7,7,51,65,0,7,23,30,95,3,3,3,8,17,0,0,11,11,28,4,190
2191503,69,5,4,3,50,62,5,4,17,26,88,3,3,0,22,28,0,5,17,22,50,0,207
2191504,57,0,6,0,38,44,0,6,23,29,73,0,0,0,12,12,3,3,16,22,34,5,169
2191505,29,0,0,0,24,24,3,0,11,14,38,0,3,3,4,10,0,0,7,7,17,0,84
2191506,86,4,7,0,52,63,3,3,19,25,88,0,3,3,20,26,3,3,16,22,48,4,226
2191507,40,0,0,3,23,26,3,5,15,23,49,0,6,0,7,13,0,0,11,11,24,0,113
2191508,90,3,11,10,29,53,8,3,27,38,91,0,4,3,8,15,3,0,21,24,39,3,223
2191509,38,7,0,6,14,27,4,0,10,14,41,0,4,0,8,12,0,4,4,8,20,0,99
2191510,66,0,4,8,44,56,4,0,21,25,81,0,3,5,20,28,0,0,5,5,33,0,180
2191511,30,0,0,0,15,15,3,0,15,18,33,0,0,0,8,8,0,0,6,6,14,0,77
2191512,19,0,0,0,16,16,0,0,10,10,26,0,0,0,7,7,0,0,5,5,12,4,61
2191513,29,0,5,0,23,28,0,4,10,14,42,0,4,0,9,13,0,0,3,3,16,4,91
2191601,40,0,14,8,42,64,6,8,16,30,94,4,4,0,8,16,0,0,10,10,26,6,166
2191602,40,5,15,0,50,70,7,11,24,42,112,0,0,0,5,5,0,0,5,5,10,0,162
2191603,75,0,10,0,48,58,9,9,14,32,90,0,5,0,7,12,0,5,14,19,31,0,196
2191604,27,0,5,0,22,27,5,0,8,13,40,0,0,0,4,4,0,0,0,0,4,4,75
2191605,35,0,14,3,42,59,3,6,14,23,82,0,0,0,13,13,0,4,4,8,21,0,138
2191606,35,3,3,4,53,63,7,10,13,30,93,0,3,0,6,9,4,0,5,9,18,0,146
2191607,51,0,9,3,25,37,6,7,14,27,64,0,0,0,0,0,0,5,4,9,9,3,127
2191608,22,3,0,0,23,26,3,0,4,7,33,0,0,0,0,0,3,3,3,9,9,3,67
2191609,69,0,6,0,33,39,3,6,9,18,57,0,3,3,3,9,0,0,8,8,17,0,143
2191610,61,0,9,0,43,52,4,9,11,24,76,3,0,0,4,7,0,5,8,13,20,0,157
2191611,50,0,4,0,37,41,7,12,14,33,74,0,0,0,4,4,0,3,4,7,11,0,135
2191612,15,3,6,0,14,23,0,3,13,16,39,0,0,0,3,3,0,0,0,0,3,0,57
2191613,0,0,0,0,0,0,0,0,0,0,0,0,0,0,0,0,0,0,0,0,0,0,0
2191701,55,0,12,7,67,86,4,11,18,33,119,0,4,0,13,17,0,0,7,7,24,6,204
2191702,56,0,9,6,25,40,5,4,8,17,57,0,0,0,0,0,0,0,6,6,6,0,119
2191703,95,6,11,0,66,83,9,3,16,28,111,0,3,0,7,10,0,3,9,12,22,3,231
2191704,32,0,6,0,31,37,8,7,11,26,63,0,0,3,3,6,0,0,0,0,6,0,101
2191705,39,4,8,3,27,42,5,0,12,17,59,0,0,0,0,0,0,0,8,8,8,0,106
2191706,44,0,0,4,15,19,0,7,6,13,32,0,0,0,3,3,0,0,4,4,7,3,86
2191707,70,4,10,8,34,56,3,3,31,37,93,0,3,3,6,12,3,3,4,10,22,0,185
2191708,48,0,3,3,38,44,5,7,15,27,71,0,0,0,3,3,3,0,3,6,9,0,128
2191709,84,5,18,5,45,73,9,8,31,48,121,0,0,6,16,22,7,0,14,21,43,0,248
2191710,73,0,3,4,93,100,9,7,17,33,133,0,6,0,17,23,0,0,8,8,31,0,237
2191711,21,5,0,4,11,20,4,0,14,18,38,0,0,0,4,4,0,5,0,5,9,0,68
2191712,55,6,10,5,48,69,3,5,15,23,92,0,3,3,13,19,3,4,8,15,34,0,181
2191713,0,0,0,0,0,0,0,0,0,0,0,0,0,0,0,0,0,0,0,0,0,0,0
2191801,58,5,10,0,89,104,10,3,7,20,124,0,4,0,4,8,0,0,14,14,22,3,207
2191802,91,0,16,8,91,115,6,4,24,34,149,0,6,3,14,23,0,0,11,11,34,0,274
2191803,62,0,7,3,53,63,12,6,27,45,108,0,3,0,13,16,0,7,7,14,30,0,200
2191804,39,0,8,0,42,50,8,4,13,25,75,3,3,3,9,18,0,3,5,8,26,5,145
2191805,52,0,6,4,31,41,0,7,13,20,61,0,3,0,9,12,0,3,5,8,20,3,136
2191806,91,3,21,7,104,135,6,5,33,44,179,0,5,0,13,18,6,0,9,15,33,3,306
2191807,55,0,15,0,48,63,6,9,15,30,93,0,0,0,10,10,5,4,8,17,27,0,175
2191808,54,4,13,3,58,78,10,7,25,42,120,0,5,5,15,25,0,10,7,17,42,5,221
2191809,24,0,4,0,45,49,5,0,8,13,62,0,3,3,12,18,3,0,4,7,25,0,111
2191901,56,0,0,0,34,34,0,0,8,8,42,0,3,0,7,10,0,7,0,7,17,0,115
2191902,65,0,9,0,19,28,0,7,12,19,47,0,5,0,20,25,0,0,16,16,41,0,153
2191903,38,0,5,0,15,20,3,4,17,24,44,0,5,0,12,17,0,0,11,11,28,0,110
2191904,50,0,0,0,29,29,3,3,10,16,45,3,0,6,8,17,0,0,14,14,31,3,129
2191905,56,0,7,0,45,52,0,5,13,18,70,0,0,0,19,19,4,10,13,27,46,4,176
2191906,57,0,0,5,32,37,4,3,9,16,53,0,3,0,17,20,5,0,9,14,34,0,144
2191907,72,8,10,0,31,49,3,4,17,24,73,0,3,3,16,22,0,0,17,17,39,4,188
2191908,89,3,11,3,72,89,9,9,34,52,141,3,10,0,22,35,7,4,17,28,63,3,296
2191909,65,3,9,3,30,45,10,6,21,37,82,0,0,0,11,11,0,0,9,9,20,3,170
2191910,70,4,6,4,51,65,0,13,18,31,96,0,0,3,10,13,0,6,9,15,28,7,201
2192001,15,3,0,0,4,7,3,3,3,9,16,0,0,0,3,3,0,0,3,3,6,3,40
2192002,47,4,3,0,18,25,4,6,10,20,45,0,3,0,0,3,0,0,0,0,3,0,95
2192003,90,3,12,3,64,82,8,9,17,34,116,0,6,0,10,16,0,8,9,17,33,4,243
2192004,44,0,0,0,16,16,0,0,9,9,25,0,0,0,7,7,0,0,5,5,12,0,81
2192005,42,0,8,0,21,29,3,4,14,21,50,0,0,0,4,4,0,0,0,0,4,0,96
2192006,51,0,12,3,51,66,4,12,18,34,100,0,0,3,12,15,0,5,3,8,23,0,174
2192007,88,0,15,5,93,113,4,18,14,36,149,0,0,0,19,19,0,0,9,9,28,0,265
2192008,38,0,8,0,17,25,6,6,8,20,45,0,3,0,3,6,0,3,5,8,14,0,97
2192009,82,0,17,5,44,66,9,5,14,28,94,0,0,0,10,10,0,0,0,0,10,0,186
2192010,26,0,5,0,14,19,0,10,5,15,34,0,0,0,0,0,0,0,0,0,0,0,60
2192011,26,0,0,6,14,20,0,0,9,9,29,0,3,0,14,17,0,0,5,5,22,3,80
2192012,46,0,5,0,27,32,0,5,15,20,52,0,0,0,4,4,0,3,5,8,12,0,110
2192101,34,0,9,0,24,33,0,6,9,15,48,0,0,0,6,6,5,5,4,14,20,0,102
2192102,52,0,11,0,34,45,6,7,13,26,71,0,3,0,14,17,0,4,7,11,28,0,151
2192103,19,3,3,0,9,15,0,3,8,11,26,0,0,0,5,5,0,0,0,0,5,0,50
2192104,23,0,8,0,19,27,0,0,0,0,27,0,0,0,5,5,0,0,0,0,5,0,55
2192105,24,0,6,0,13,19,5,0,11,16,35,0,0,3,3,6,0,0,6,6,12,0,71
2192106,75,5,9,0,33,47,3,8,14,25,72,0,0,0,0,0,0,4,5,9,9,0,156
2192107,38,0,10,3,55,68,6,10,11,27,95,0,0,0,16,16,4,0,8,12,28,4,165
2192108,31,0,19,0,44,63,4,10,11,25,88,0,5,0,5,10,3,0,4,7,17,0,136
2192109,52,0,16,4,31,51,5,13,19,37,88,0,0,0,6,6,0,0,0,0,6,0,146
2192110,57,7,10,0,32,49,0,5,17,22,71,0,0,0,7,7,5,0,0,5,12,0,140
2192111,19,3,4,0,19,26,0,4,4,8,34,0,3,0,3,6,0,0,3,3,9,0,62
2192112,34,3,8,0,12,23,0,4,9,13,36,0,0,0,4,4,0,0,0,0,4,5,79
2192113,21,4,4,3,9,20,5,4,6,15,35,0,0,0,0,0,0,0,0,0,0,0,56
2192114,34,0,11,3,41,55,4,6,11,21,76,0,4,0,4,8,0,0,7,7,15,0,125
2192115,28,4,0,0,21,25,3,4,7,14,39,0,6,0,0,6,4,0,0,4,10,0,77
2192116,29,0,8,3,49,60,5,10,7,22,82,0,0,4,4,8,0,7,4,11,19,3,133
2200101,18,0,4,0,16,20,0,0,4,4,24,0,3,0,3,6,0,0,0,0,6,0,48
2200102,19,0,0,0,12,12,5,0,0,5,17,0,0,0,0,0,0,0,5,5,5,0,41
2200103,16,0,3,0,5,8,0,0,0,0,8,0,0,0,0,0,0,0,5,5,5,0,29
2200104,30,0,3,0,8,11,3,0,0,3,14,0,0,0,4,4,0,0,4,4,8,0,52
2200105,11,4,0,4,3,11,0,0,0,0,11,0,0,0,0,0,0,0,0,0,0,0,22
2200106,25,0,0,5,14,19,0,4,4,8,27,0,0,0,6,6,4,5,0,9,15,0,67
2200107,30,0,3,0,19,22,0,0,4,4,26,0,5,0,8,13,0,4,3,7,20,0,76
2200108,19,0,6,0,14,20,4,0,4,8,28,0,4,0,3,7,0,0,4,4,11,0,58
2200109,0,0,0,0,0,0,0,0,0,0,0,0,0,0,0,0,0,0,0,0,0,0,0
2200110,38,0,3,0,12,15,0,3,0,3,18,0,0,0,9,9,0,0,3,3,12,0,68
2200111,20,0,3,0,22,25,0,0,3,3,28,0,3,3,3,9,0,0,3,3,12,0,60
2200201,44,0,3,3,23,29,0,3,3,6,35,0,0,0,3,3,0,0,0,0,3,0,82
2200202,32,0,0,0,6,6,0,0,0,0,6,0,0,0,5,5,0,4,0,4,9,0,47
2200203,52,3,7,0,37,47,4,5,10,19,66,0,0,0,4,4,0,4,0,4,8,0,126
2200204,34,3,3,3,8,17,0,3,0,3,20,0,0,3,5,8,0,0,0,0,8,0,62
2200205,40,0,0,0,26,26,0,8,3,11,37,0,0,0,0,0,0,0,0,0,0,4,81
2200206,95,0,0,0,39,39,4,4,5,13,52,0,0,0,8,8,0,0,0,0,8,0,155
2200207,37,3,0,0,12,15,0,3,4,7,22,3,0,0,3,6,0,0,6,6,12,0,71
2200208,52,0,3,3,15,21,0,3,3,6,27,0,3,0,3,6,0,3,0,3,9,3,91
2200209,67,0,0,0,18,18,0,0,6,6,24,0,0,3,4,7,0,0,7,7,14,0,105
2200210,42,0,3,4,14,21,4,3,3,10,31,0,3,0,11,14,0,0,7,7,21,5,99
2200211,26,0,0,0,8,8,0,3,3,6,14,0,0,0,9,9,0,3,3,6,15,0,55
2200212,65,0,5,0,12,17,3,4,9,16,33,0,0,0,6,6,0,0,6,6,12,0,110
2200213,26,0,0,0,13,13,0,0,0,0,13,0,0,0,0,0,0,0,0,0,0,0,39
2200214,19,0,0,0,4,4,0,0,0,0,4,0,0,0,3,3,0,3,3,6,9,0,32
2200215,23,0,0,3,6,9,0,0,0,0,9,0,0,0,5,5,0,0,3,3,8,3,43
2200216,25,0,0,3,5,8,0,0,0,0,8,0,0,0,0,0,0,5,0,5,5,0,38
2200217,29,0,6,4,21,31,3,0,6,9,40,3,0,0,3,6,0,0,0,0,6,0,75
2200219,45,0,4,0,6,10,4,0,0,4,14,0,0,0,4,4,0,0,3,3,7,3,69
2200220,39,0,0,0,10,10,0,4,0,4,14,0,0,0,3,3,0,0,6,6,9,0,62
2200301,45,5,8,0,23,36,0,7,5,12,48,0,0,0,0,0,0,0,0,0,0,4,97
2200302,99,4,17,3,49,73,6,5,20,31,104,0,0,0,11,11,0,0,9,9,20,0,223
2200303,85,0,12,5,55,72,6,5,13,24,96,0,0,0,11,11,0,6,5,11,22,0,203
2200304,40,0,6,3,21,30,0,10,12,22,52,0,0,0,0,0,0,0,3,3,3,0,95
2200305,59,0,8,0,20,28,5,8,9,22,50,0,0,0,6,6,0,0,8,8,14,5,128
2200306,49,0,8,0,25,33,4,0,0,4,37,3,4,0,8,15,0,3,4,7,22,3,111
2200307,105,7,9,0,54,70,10,5,17,32,102,3,6,3,5,17,0,12,5,17,34,3,244
2200308,84,4,8,3,57,72,5,5,18,28,100,0,10,0,9,19,0,0,14,14,33,0,217
2200309,67,4,11,0,35,50,0,10,5,15,65,0,4,0,11,15,0,3,4,7,22,0,154
2200310,56,0,5,0,22,27,0,4,6,10,37,0,0,0,9,9,0,0,3,3,12,3,108
2200311,56,0,3,3,23,29,0,0,15,15,44,0,0,0,11,11,4,5,6,15,26,3,129
2200312,42,0,6,0,20,26,0,0,8,8,34,0,0,0,6,6,0,5,0,5,11,0,87
2200313,55,0,0,0,38,38,5,4,3,12,50,0,0,0,13,13,0,0,6,6,19,4,128
2200401,55,4,0,0,19,23,0,4,4,8,31,0,0,0,0,0,0,0,7,7,7,0,93
2200402,44,3,3,3,16,25,0,5,7,12,37,0,0,0,3,3,0,0,3,3,6,0,87
2200403,37,3,7,0,18,28,0,0,10,10,38,0,0,0,3,3,0,0,3,3,6,3,84
2200404,29,0,9,0,15,24,3,0,8,11,35,0,0,0,0,0,0,0,0,0,0,0,64
2200405,31,0,9,3,20,32,0,3,5,8,40,0,0,0,8,8,0,0,0,0,8,0,79
2200406,50,0,9,3,17,29,0,4,11,15,44,0,0,0,0,0,0,0,6,6,6,3,103
2200407,51,0,5,3,27,35,5,5,6,16,51,0,0,0,8,8,0,0,5,5,13,0,115
2200408,23,0,5,0,12,17,0,0,3,3,20,0,4,0,0,4,0,0,0,0,4,0,47
2200409,71,0,16,0,36,52,3,14,12,29,81,0,0,0,6,6,0,0,9,9,15,3,170
2200410,91,3,4,3,52,62,3,11,11,25,87,0,4,4,10,18,3,4,7,14,32,0,210
2200411,30,4,4,0,19,27,3,0,5,8,35,0,0,0,3,3,0,0,3,3,6,3,74
2200412,46,3,3,3,25,34,3,3,6,12,46,0,0,0,5,5,0,5,0,5,10,0,102
2200413,80,0,8,0,44,52,3,12,16,31,83,0,0,0,15,15,3,3,6,12,27,3,193
2200501,38,0,0,0,16,16,0,3,3,6,22,0,0,0,3,3,3,0,3,6,9,4,73
2200502,36,0,8,0,15,23,0,6,9,15,38,0,0,0,4,4,0,0,6,6,10,0,84
2200503,26,0,0,0,14,14,0,0,3,3,17,0,0,0,3,3,0,4,0,4,7,0,50
2200504,68,0,11,4,48,63,3,4,9,16,79,0,0,0,0,0,0,4,4,8,8,0,155
2200505,54,3,6,0,29,38,8,0,12,20,58,0,0,0,3,3,0,4,3,7,10,0,122
2200506,14,0,0,3,4,7,0,0,5,5,12,0,0,0,3,3,0,0,0,0,3,3,32
2200507,32,0,3,0,3,6,0,0,3,3,9,0,0,0,4,4,0,0,0,0,4,0,45
2200508,32,0,6,3,15,24,0,0,4,4,28,0,0,0,4,4,0,0,0,0,4,0,64
2200509,63,5,0,5,20,30,0,0,7,7,37,0,0,0,4,4,0,0,0,0,4,0,104
2200510,0,0,0,0,0,0,0,0,0,0,0,0,0,0,0,0,0,0,0,0,0,0,0
2200601,66,0,9,0,26,35,0,4,3,7,42,0,0,0,5,5,0,0,0,0,5,0,113
2200602,29,0,0,3,9,12,0,3,3,6,18,0,0,0,4,4,0,0,4,4,8,0,55
2200603,27,0,5,0,18,23,0,0,0,0,23,0,0,0,3,3,0,0,4,4,7,5,62
2200604,54,3,5,0,13,21,0,5,9,14,35,0,0,0,4,4,0,3,5,8,12,0,101
2200605,51,4,4,0,21,29,0,5,3,8,37,0,5,0,11,16,0,6,3,9,25,0,113
2200606,16,0,3,3,6,12,0,0,0,0,12,0,0,3,3,6,0,0,4,4,10,0,38
2200607,24,0,3,3,7,13,4,0,3,7,20,0,0,0,4,4,0,0,3,3,7,0,51
2200608,21,0,0,0,8,8,0,3,3,6,14,0,4,0,3,7,0,0,4,4,11,0,46
2200609,32,0,7,0,3,10,0,3,4,7,17,0,0,0,6,6,0,0,4,4,10,0,59
2200610,81,4,12,0,22,38,0,4,10,14,52,0,0,0,13,13,0,4,6,10,23,3,159
2200701,23,3,0,0,3,6,0,0,0,0,6,0,0,0,3,3,0,0,3,3,6,3,38
2200702,39,0,4,0,8,12,5,0,0,5,17,0,0,0,0,0,0,0,6,6,6,0,62
2200704,48,3,3,0,12,18,3,3,12,18,36,0,0,0,0,0,0,0,0,0,0,0,84
2200705,19,0,3,0,5,8,0,3,0,3,11,0,0,0,0,0,0,0,0,0,0,0,30
2200706,29,0,0,0,5,5,0,0,0,0,5,0,0,0,3,3,0,0,3,3,6,0,40
2200707,31,0,0,0,7,7,0,0,3,3,10,0,0,0,6,6,0,0,8,8,14,3,58
2200708,21,0,6,0,13,19,0,0,3,3,22,0,5,0,0,5,0,0,0,0,5,0,48
2200709,28,0,0,4,7,11,0,0,0,0,11,0,0,0,5,5,0,0,6,6,11,0,50
2200710,40,0,4,0,20,24,0,7,5,12,36,0,4,0,8,12,0,0,5,5,17,0,93
2200711,27,0,0,0,10,10,0,0,5,5,15,0,0,0,6,6,3,0,3,6,12,5,59
2200712,36,0,0,0,9,9,0,0,6,6,15,0,0,0,6,6,0,0,0,0,6,4,61
2200713,45,0,6,0,9,15,0,0,0,0,15,0,0,0,3,3,0,0,4,4,7,0,67
2200714,18,0,3,0,13,16,0,0,4,4,20,0,0,5,3,8,0,0,0,0,8,5,51
2200801,65,0,3,3,13,19,0,0,3,3,22,0,0,0,4,4,0,0,6,6,10,0,97
2200802,68,0,4,4,22,30,0,5,10,15,45,0,0,0,8,8,0,3,7,10,18,0,131
2200803,62,0,0,0,12,12,0,0,3,3,15,0,0,0,8,8,0,0,0,0,8,3,88
2200804,41,0,6,6,23,35,0,8,0,8,43,0,0,0,16,16,0,0,4,4,20,4,108
2200805,19,3,3,4,16,26,0,0,4,4,30,0,0,0,10,10,0,4,0,4,14,0,63
2200806,21,0,8,0,20,28,0,0,0,0,28,0,0,0,0,0,0,0,4,4,4,0,53
2200807,25,0,0,3,4,7,0,0,4,4,11,0,0,0,0,0,0,0,8,8,8,0,44
2200808,61,3,6,0,22,31,3,4,3,10,41,0,0,0,9,9,0,0,5,5,14,5,121
2200809,22,0,3,0,8,11,0,3,0,3,14,0,0,0,10,10,0,0,3,3,13,0,49
2200810,24,0,0,0,10,10,0,0,0,0,10,0,4,0,0,4,0,0,0,0,4,3,41
2200811,30,0,0,0,8,8,0,0,6,6,14,0,3,3,3,9,0,0,0,0,9,0,53
2200812,8,0,0,0,0,0,0,0,0,0,0,0,0,0,0,0,0,0,0,0,0,0,8
2200901,60,0,7,3,39,49,4,7,4,15,64,0,0,0,7,7,0,4,5,9,16,4,144
2200902,33,0,0,6,17,23,3,4,3,10,33,0,0,0,8,8,0,3,4,7,15,0,81
2200903,26,4,4,0,18,26,4,0,6,10,36,0,0,0,0,0,0,0,4,4,4,0,66
2200904,39,0,4,0,15,19,3,0,8,11,30,0,3,3,3,9,0,4,3,7,16,0,85
2200905,42,0,3,5,21,29,4,3,3,10,39,0,0,0,4,4,0,0,0,0,4,0,85
2200906,24,0,0,0,10,10,0,0,9,9,19,0,0,0,0,0,0,0,5,5,5,0,48
2200907,73,0,11,4,38,53,9,6,14,29,82,0,5,0,5,10,0,0,3,3,13,0,168
2200908,59,4,6,0,20,30,0,6,8,14,44,0,0,0,0,0,0,0,0,0,0,4,107
2200909,27,0,10,0,7,17,3,0,4,7,24,0,0,0,0,0,0,4,0,4,4,0,55
2200910,29,0,9,0,8,17,0,6,5,11,28,0,0,0,3,3,0,0,0,0,3,5,65
2200911,72,0,0,0,38,38,0,9,14,23,61,0,0,0,13,13,0,0,7,7,20,0,153
2200912,64,3,3,0,23,29,3,5,3,11,40,0,0,0,19,19,0,7,14,21,40,0,144
2200913,44,0,7,0,26,33,0,5,6,11,44,0,0,0,9,9,0,5,4,9,18,0,106
2200914,55,0,7,0,29,36,0,0,14,14,50,0,0,4,10,14,0,3,4,7,21,4,130
2200915,72,0,11,5,36,52,3,0,12,15,67,0,3,3,10,16,0,0,8,8,24,0,163
2200916,73,0,8,0,45,53,7,6,12,25,78,0,0,0,0,0,3,0,11,14,14,0,165
2200917,29,4,4,0,19,27,0,0,13,13,40,0,0,0,6,6,0,0,0,0,6,0,75
2201001,61,0,5,0,13,18,0,4,10,14,32,0,0,0,14,14,0,0,7,7,21,0,114
2201002,83,0,3,0,19,22,0,7,14,21,43,0,0,5,10,15,0,0,14,14,29,8,163
2201003,43,0,7,0,17,24,0,3,4,7,31,0,0,0,13,13,0,3,0,3,16,3,93
2201004,67,0,0,0,9,9,0,0,5,5,14,0,5,0,7,12,3,0,7,10,22,0,103
2201005,57,0,7,0,21,28,0,5,8,13,41,0,3,0,12,15,5,0,10,15,30,0,128
2201006,60,0,6,0,25,31,0,3,8,11,42,0,0,5,13,18,0,0,10,10,28,5,135
2201007,47,0,4,0,26,30,0,0,13,13,43,0,3,4,4,11,0,0,6,6,17,0,107
2201008,67,0,9,0,15,24,0,7,0,7,31,0,0,0,5,5,6,0,0,6,11,0,109
2201009,32,0,0,0,16,16,0,0,0,0,16,0,3,0,3,6,0,0,3,3,9,0,57
2201010,49,0,0,0,31,31,3,6,7,16,47,3,3,6,10,22,0,4,5,9,31,5,132
2201011,117,3,10,0,51,64,4,5,14,23,87,0,3,5,17,25,5,0,5,10,35,3,242
2201012,107,4,19,6,87,116,3,8,15,26,142,0,4,3,18,25,5,4,6,15,40,5,294
2201013,58,3,8,0,29,40,0,4,6,10,50,0,6,0,12,18,3,3,9,15,33,0,141
2201014,23,0,0,0,0,0,0,0,0,0,0,0,0,0,0,0,0,0,0,0,0,0,23
2201015,45,0,4,3,16,23,3,3,8,14,37,0,0,0,0,0,0,0,0,0,0,0,82
2201016,32,0,3,0,23,26,0,5,6,11,37,3,0,5,6,14,3,0,5,8,22,0,91
2201101,62,3,7,4,15,29,3,6,9,18,47,0,0,3,4,7,0,0,4,4,11,4,124
2201102,52,0,5,4,32,41,3,4,13,20,61,0,0,0,8,8,0,0,6,6,14,0,127
2201103,90,0,10,3,37,50,4,7,18,29,79,0,3,0,9,12,0,3,3,6,18,3,190
2201104,30,3,3,0,11,17,0,0,9,9,26,0,0,0,0,0,0,0,8,8,8,0,64
2201105,47,0,5,0,21,26,3,3,8,14,40,0,0,0,0,0,0,0,8,8,8,0,95
2201106,20,0,0,3,11,14,0,0,10,10,24,0,0,0,11,11,0,0,5,5,16,0,60
2201107,36,0,5,0,15,20,0,3,4,7,27,0,0,0,7,7,0,0,7,7,14,0,77
2201108,35,0,4,0,19,23,5,0,6,11,34,0,3,0,7,10,0,0,3,3,13,0,82
2201109,60,0,3,0,25,28,0,0,10,10,38,0,3,0,5,8,0,3,3,6,14,3,115
2201110,84,0,5,5,21,31,0,0,5,5,36,0,5,0,10,15,0,0,8,8,23,0,143
2201111,58,0,0,0,9,9,0,0,6,6,15,0,3,0,3,6,0,0,3,3,9,0,82
2201112,64,0,3,4,12,19,4,0,0,4,23,0,0,0,8,8,0,0,8,8,16,0,103
2201113,78,5,4,0,11,20,0,15,6,21,41,0,3,0,7,10,0,4,5,9,19,3,141
2201114,27,0,6,0,15,21,0,3,8,11,32,0,3,3,7,13,0,3,3,6,19,0,78
2201115,35,0,3,0,15,18,0,4,0,4,22,0,0,0,3,3,0,3,0,3,6,0,63
2201116,18,0,3,0,10,13,0,3,4,7,20,0,0,0,0,0,0,0,4,4,4,0,42
2201117,41,0,5,0,12,17,4,0,7,11,28,0,0,0,4,4,0,0,3,3,7,0,76
2201118,34,0,0,0,13,13,0,4,0,4,17,0,5,0,5,10,0,0,8,8,18,0,69
2210101,116,3,8,3,26,40,0,0,8,8,48,0,4,0,7,11,0,0,12,12,23,0,187
2210102,122,4,5,0,42,51,11,8,7,26,77,0,8,0,8,16,4,0,9,13,29,0,228
2210103,97,0,9,0,25,34,9,10,12,31,65,0,0,0,0,0,0,0,8,8,8,0,170
2210104,60,0,11,0,35,46,7,9,8,24,70,0,0,0,5,5,0,0,3,3,8,0,138
2210105,83,0,3,3,36,42,8,5,12,25,67,0,3,3,3,9,0,8,7,15,24,0,174
2210106,57,5,10,0,47,62,0,11,10,21,83,0,0,3,7,10,0,4,5,9,19,5,164
2210107,63,0,11,0,34,45,3,3,12,18,63,0,0,0,7,7,0,4,5,9,16,0,142
2210108,112,3,10,0,41,54,8,10,11,29,83,0,0,0,9,9,3,4,7,14,23,0,218
2210109,53,4,0,0,19,23,3,3,8,14,37,0,0,4,0,4,0,5,8,13,17,0,107
2210110,53,0,0,0,14,14,0,0,8,8,22,0,4,0,10,14,0,0,8,8,22,0,97
2210111,88,0,12,0,39,51,7,7,14,28,79,0,0,0,9,9,0,7,5,12,21,0,188
2210112,77,0,7,0,40,47,4,8,13,25,72,0,6,0,10,16,0,0,5,5,21,0,170
2210201,92,5,28,3,76,112,17,12,24,53,165,0,6,0,11,17,4,6,19,29,46,0,303
2210202,58,6,11,0,78,95,10,6,20,36,131,0,3,0,13,16,0,0,15,15,31,0,220
2210203,45,0,4,0,40,44,0,6,10,16,60,0,0,0,5,5,0,0,10,10,15,0,120
2210204,24,3,10,0,16,29,6,3,10,19,48,0,0,0,5,5,0,0,0,0,5,0,77
2210205,32,0,0,0,12,12,3,5,6,14,26,0,0,0,21,21,0,6,10,16,37,0,95
2210206,27,0,0,3,14,17,0,0,7,7,24,0,0,5,10,15,3,3,8,14,29,0,80
2210207,63,3,8,5,26,42,0,4,17,21,63,0,0,5,26,31,0,6,14,20,51,3,180
2210208,82,0,11,5,31,47,0,0,31,31,78,3,7,3,23,36,3,6,19,28,64,0,224
2210209,66,0,11,8,39,58,3,5,13,21,79,0,13,0,18,31,0,4,24,28,59,4,208
2210210,57,7,6,3,63,79,11,23,26,60,139,0,0,0,6,6,5,0,3,8,14,0,210
2210211,71,0,20,0,78,98,7,11,15,33,131,3,5,0,3,11,0,6,0,6,17,0,219
2210212,69,0,3,7,38,48,0,8,10,18,66,0,7,0,8,15,0,0,14,14,29,3,167
2210213,107,5,21,4,76,106,5,9,25,39,145,0,3,3,10,16,0,3,10,13,29,3,284
2210301,85,0,0,0,10,10,3,4,3,10,20,0,0,0,5,5,0,0,8,8,13,5,123
2210302,68,3,7,3,9,22,3,7,10,20,42,0,0,0,0,0,7,0,0,7,7,0,117
2210303,67,0,0,0,14,14,0,0,8,8,22,0,0,0,10,10,0,3,4,7,17,0,106
2210304,79,0,4,4,4,12,0,0,6,6,18,0,0,0,9,9,0,0,9,9,18,3,118
2210305,81,0,5,4,28,37,4,5,9,18,55,0,0,0,9,9,0,5,6,11,20,0,156
2210306,65,0,6,0,17,23,0,3,7,10,33,0,3,3,18,24,0,5,13,18,42,0,140
2210307,73,0,5,0,31,36,3,10,8,21,57,0,6,0,22,28,0,6,9,15,43,0,173
2210308,76,0,3,3,15,21,3,4,0,7,28,0,0,0,14,14,0,3,12,15,29,0,133
2210309,30,0,0,0,8,8,0,5,0,5,13,0,0,0,5,5,0,6,9,15,20,0,63
2210401,57,3,9,0,31,43,3,8,5,16,59,0,5,0,15,20,0,0,3,3,23,0,139
2210402,14,0,4,0,10,14,0,4,0,4,18,0,0,0,6,6,0,0,0,0,6,0,38
2210403,71,4,15,0,36,55,8,11,9,28,83,0,0,0,4,4,0,0,5,5,9,0,163
2210404,52,0,11,3,35,49,4,5,9,18,67,0,0,0,6,6,0,0,0,0,6,0,125
2210405,49,0,18,0,35,53,0,9,10,19,72,0,0,0,4,4,0,0,0,0,4,0,125
2210406,112,0,6,4,44,54,3,5,18,26,80,0,0,0,0,0,0,0,13,13,13,0,205
2210407,110,0,20,3,98,121,11,9,17,37,158,0,4,0,11,15,0,3,7,10,25,3,296
2210408,76,0,11,0,40,51,3,5,14,22,73,0,5,0,3,8,0,0,13,13,21,3,173
2210409,92,4,14,3,50,71,5,8,9,22,93,0,0,0,13,13,3,0,7,10,23,0,208
2210410,49,3,10,4,35,52,3,4,15,22,74,3,0,0,4,7,0,0,7,7,14,0,137
2210411,86,0,4,0,37,41,8,3,3,14,55,0,0,0,0,0,0,0,5,5,5,0,146
2210412,49,3,6,4,43,56,4,6,11,21,77,0,0,0,6,6,0,6,4,10,16,0,142
2210501,41,0,0,0,21,21,0,3,9,12,33,0,0,0,24,24,0,0,16,16,40,0,114
2210502,68,0,0,0,22,22,0,6,9,15,37,0,0,0,9,9,0,0,11,11,20,5,130
2210503,81,0,3,3,36,42,0,3,16,19,61,0,5,0,15,20,3,4,14,21,41,3,186
2210504,67,3,5,0,27,35,0,6,7,13,48,3,3,5,15,26,3,4,8,15,41,0,156
2210505,94,0,4,6,47,57,0,7,9,16,73,0,5,0,22,27,0,7,18,25,52,0,219
2210506,44,0,8,7,20,35,0,6,6,12,47,0,0,0,11,11,0,3,8,11,22,0,113
2210507,79,0,5,0,41,46,6,3,14,23,69,0,3,3,17,23,0,8,14,22,45,0,193
2210508,81,3,3,0,34,40,4,5,10,19,59,0,4,0,16,20,0,9,5,14,34,4,178
2210509,30,0,4,0,18,22,4,0,5,9,31,0,0,4,4,8,0,0,4,4,12,0,73
2210601,45,4,4,0,13,21,3,6,11,20,41,0,3,0,7,10,0,0,0,0,10,0,96
2210602,56,0,7,0,35,42,3,7,3,13,55,0,6,0,17,23,0,4,9,13,36,3,150
2210603,45,5,5,4,29,43,0,0,14,14,57,3,3,0,13,19,0,0,12,12,31,0,133
2210604,76,3,8,4,87,102,3,9,30,42,144,0,7,0,31,38,6,7,6,19,57,4,281
2210605,84,3,6,0,52,61,6,3,9,18,79,3,7,5,16,31,0,0,17,17,48,0,211
2210606,45,6,19,0,78,103,8,3,12,23,126,0,0,0,10,10,0,3,9,12,22,0,193
2210607,59,3,23,0,55,81,14,11,16,41,122,0,3,5,7,15,3,4,8,15,30,3,214
2210608,44,0,7,5,29,41,5,6,13,24,65,0,7,0,10,17,3,3,3,9,26,3,138
2210609,46,4,24,4,50,82,4,11,23,38,120,0,5,0,8,13,0,3,3,6,19,5,190
2210610,53,0,4,3,38,45,7,0,16,23,68,0,0,3,23,26,0,0,19,19,45,3,169
2210611,77,5,10,5,55,75,9,9,9,27,102,0,3,0,9,12,0,3,4,7,19,8,206
2210612,24,0,11,0,15,26,3,6,9,18,44,0,4,0,0,4,0,0,0,0,4,0,72
2210613,61,0,18,0,72,90,0,9,11,20,110,0,9,3,16,28,3,3,6,12,40,0,211
2210701,20,0,10,0,15,25,3,11,7,21,46,0,0,0,3,3,0,0,3,3,6,4,76
2210702,47,4,5,7,22,38,10,0,21,31,69,0,0,0,4,4,4,0,4,8,12,0,128
2210703,74,0,14,4,37,55,8,3,28,39,94,0,6,0,7,13,0,6,0,6,19,0,187
2210704,81,4,14,5,53,76,8,9,26,43,119,0,5,0,4,9,0,0,6,6,15,0,215
2210705,67,7,10,3,35,55,4,6,21,31,86,0,0,0,6,6,0,0,6,6,12,0,165
2210706,73,3,8,4,31,46,4,5,17,26,72,0,4,6,23,33,0,4,11,15,48,8,201
2210707,59,0,3,3,47,53,3,0,24,27,80,0,4,0,20,24,3,6,5,14,38,6,183
2210708,42,0,12,0,31,43,8,4,23,35,78,0,6,0,4,10,0,0,4,4,14,0,134
2210709,80,0,6,4,49,59,0,9,18,27,86,0,0,6,13,19,6,0,9,15,34,0,200
2210710,68,0,4,8,49,61,7,8,32,47,108,0,0,3,29,32,0,6,14,20,52,4,232
2210711,81,0,14,4,103,121,10,3,25,38,159,0,3,0,37,40,5,0,14,19,59,4,303
2210712,36,0,4,5,23,32,5,3,4,12,44,0,0,3,3,6,0,0,3,3,9,0,89
2210713,60,0,18,3,71,92,4,9,21,34,126,3,3,0,5,11,0,5,5,10,21,7,214
2210714,0,0,0,0,4,4,0,0,0,0,4,0,0,0,0,0,0,0,0,0,0,0,4
2210715,89,4,12,7,39,62,6,8,24,38,100,0,0,0,8,8,0,0,6,6,14,0,203
2210716,65,0,20,0,39,59,7,13,22,42,101,3,0,0,5,8,0,3,4,7,15,0,181
2210801,56,0,11,5,32,48,0,6,10,16,64,3,3,0,9,15,0,0,8,8,23,4,147
2210802,61,6,17,6,61,90,4,4,15,23,113,0,0,0,11,11,4,4,11,19,30,0,204
2210803,53,0,10,7,28,45,4,11,15,30,75,4,0,0,6,10,0,0,10,10,20,0,148
2210804,75,6,5,6,61,78,8,5,37,50,128,0,9,0,13,22,0,4,9,13,35,0,238
2210805,103,0,19,8,73,100,5,6,11,22,122,3,3,5,26,37,0,0,12,12,49,3,277
2210806,45,0,4,6,35,45,6,3,9,18,63,0,0,0,15,15,0,5,9,14,29,4,141
2210807,29,0,8,0,50,58,0,0,0,0,58,0,0,0,7,7,0,0,0,0,7,0,94
2210808,0,0,0,0,0,0,0,0,0,0,0,0,0,0,0,0,0,0,0,0,0,0,0
2210809,76,4,12,4,69,89,0,8,16,24,113,0,0,6,14,20,0,0,13,13,33,0,222
2210901,75,0,7,3,26,36,0,5,6,11,47,0,0,0,3,3,0,0,3,3,6,0,128
2210902,63,6,3,0,20,29,0,3,10,13,42,0,0,0,0,0,0,3,5,8,8,0,113
2210903,34,0,7,0,27,34,0,10,6,16,50,0,6,0,0,6,0,0,0,0,6,0,90
2210904,17,0,3,0,8,11,0,0,0,0,11,0,3,0,0,3,0,3,0,3,6,0,34
2210905,46,0,7,3,37,47,3,3,7,13,60,0,3,4,5,12,0,0,5,5,17,0,123
2210907,29,0,0,4,21,25,5,0,5,10,35,0,0,0,3,3,0,0,5,5,8,0,72
2210908,42,0,9,0,23,32,0,5,10,15,47,0,3,0,5,8,3,3,3,9,17,0,106
2210909,40,4,9,0,24,37,4,5,11,20,57,0,0,0,0,0,0,0,7,7,7,0,104
2210910,43,0,3,0,11,14,0,0,10,10,24,0,0,0,0,0,0,0,3,3,3,4,74
2210911,57,0,9,3,17,29,3,0,6,9,38,0,0,0,13,13,0,0,4,4,17,0,112
2210912,84,0,8,3,44,55,7,15,17,39,94,0,4,0,19,23,3,0,5,8,31,0,209
2210913,39,0,4,0,6,10,0,3,9,12,22,0,0,0,4,4,0,4,0,4,8,0,69
2210914,24,0,8,0,20,28,0,3,3,6,34,0,0,0,5,5,0,0,7,7,12,0,70
2210915,28,0,0,0,23,23,6,0,12,18,41,0,0,0,4,4,0,0,3,3,7,0,76
2211001,53,0,4,0,15,19,0,3,10,13,32,0,0,0,3,3,0,0,5,5,8,0,93
2211002,53,0,4,3,11,18,0,3,4,7,25,0,3,0,3,6,3,0,8,11,17,0,95
2211003,49,0,5,0,22,27,0,4,5,9,36,0,0,0,6,6,0,0,9,9,15,0,100
2211004,38,0,0,0,20,20,0,3,3,6,26,0,0,0,4,4,0,0,4,4,8,0,72
2211005,28,0,0,0,9,9,0,0,8,8,17,0,0,0,8,8,0,0,7,7,15,0,60
2211006,26,0,0,0,9,9,0,0,0,0,9,0,4,0,3,7,0,0,5,5,12,6,53
2211007,17,0,0,0,9,9,0,0,0,0,9,0,0,0,7,7,0,0,5,5,12,0,38
2211008,42,0,3,0,3,6,0,5,5,10,16,0,4,0,7,11,0,0,0,0,11,0,69
2211009,34,3,3,0,3,9,0,0,0,0,9,0,3,0,0,3,0,0,7,7,10,0,53
2211010,30,0,0,0,0,0,0,0,0,0,0,0,0,0,9,9,0,3,6,9,18,0,48
2211011,73,0,4,3,38,45,3,0,9,12,57,0,0,0,9,9,0,4,3,7,16,0,146
2211012,78,0,6,0,25,31,0,4,5,9,40,0,3,0,11,14,0,3,4,7,21,0,139
2211013,63,0,0,0,24,24,5,0,10,15,39,0,4,0,3,7,0,0,3,3,10,0,112
2211101,50,0,4,0,23,27,5,4,7,16,43,0,0,0,4,4,0,3,6,9,13,0,106
2211102,26,0,6,3,11,20,4,0,4,8,28,0,0,0,6,6,0,0,0,0,6,0,60
2211103,45,0,7,3,23,33,6,3,9,18,51,0,0,3,10,13,0,4,8,12,25,0,121
2211104,60,4,0,0,28,32,0,0,8,8,40,0,0,6,17,23,3,4,7,14,37,0,137
2211105,58,0,5,0,28,33,0,0,14,14,47,0,0,3,6,9,0,0,5,5,14,0,119
2211106,66,0,5,0,20,25,0,0,15,15,40,0,0,0,6,6,0,3,4,7,13,3,122
2211107,50,3,3,0,13,19,3,3,10,16,35,0,0,7,4,11,0,0,0,0,11,0,96
2211108,94,0,3,4,19,26,0,5,10,15,41,0,0,0,5,5,0,0,6,6,11,0,146
2211109,44,0,12,0,39,51,3,5,11,19,70,0,0,3,6,9,0,3,3,6,15,3,132
2211110,14,0,4,0,0,4,0,0,0,0,4,0,0,0,0,0,0,0,0,0,0,3,21
2211111,36,0,3,3,25,31,0,0,4,4,35,0,0,0,13,13,4,0,6,10,23,0,94
2211112,18,0,4,0,10,14,0,0,5,5,19,0,0,0,6,6,0,0,0,0,6,0,43
2211113,82,0,3,0,13,16,0,0,7,7,23,0,0,0,5,5,0,0,10,10,15,0,120
2211114,30,0,7,0,21,28,7,4,11,22,50,0,0,0,0,0,0,0,0,0,0,0,80
2211115,29,0,5,0,7,12,0,4,0,4,16,0,0,0,0,0,0,0,0,0,0,0,45
2211116,17,0,3,0,18,21,5,0,4,9,30,0,4,0,5,9,0,3,3,6,15,0,62
2211117,32,0,4,0,15,19,5,0,3,8,27,0,0,0,0,0,3,3,0,6,6,0,65
2211118,28,0,0,0,15,15,0,0,5,5,20,0,0,4,7,11,0,0,8,8,19,0,67
2211201,50,3,3,0,22,28,6,0,3,9,37,0,0,0,0,0,0,3,0,3,3,0,90
2211202,57,0,12,0,28,40,0,12,10,22,62,0,4,4,0,8,0,0,3,3,11,0,130
2211203,114,5,7,7,82,101,5,11,19,35,136,0,6,3,15,24,5,6,17,28,52,3,305
2211204,85,0,7,3,28,38,6,4,9,19,57,0,0,0,8,8,0,0,8,8,16,0,158
2211205,29,0,5,0,14,19,3,3,3,9,28,0,0,0,4,4,0,0,0,0,4,0,61
2211206,45,0,5,0,15,20,0,3,8,11,31,0,0,3,3,6,0,0,0,0,6,4,86
2211207,41,0,4,5,6,15,0,0,7,7,22,0,0,0,4,4,0,5,0,5,9,0,72
2211208,104,3,22,10,90,125,5,10,14,29,154,0,0,9,19,28,0,3,11,14,42,6,306
2211209,71,0,8,0,24,32,0,6,13,19,51,0,0,3,3,6,0,3,6,9,15,3,140
2211210,44,0,3,3,21,27,0,4,13,17,44,3,3,0,4,10,0,0,8,8,18,0,106
2211211,51,0,6,0,16,22,3,3,3,9,31,0,0,0,4,4,0,0,4,4,8,0,90
2211212,60,0,0,0,13,13,3,0,12,15,28,0,5,4,5,14,0,3,4,7,21,0,109
2211213,70,3,3,0,17,23,3,3,16,22,45,0,0,0,7,7,0,4,9,13,20,3,138
2211214,65,0,6,0,26,32,9,3,10,22,54,0,3,0,10,13,0,0,9,9,22,0,141
2211215,34,0,0,0,8,8,0,0,10,10,18,0,0,0,4,4,0,0,3,3,7,0,59
2211216,68,0,3,0,16,19,4,3,5,12,31,0,0,0,5,5,0,3,4,7,12,3,114
2211217,30,0,6,0,5,11,0,0,5,5,16,0,4,0,0,4,0,0,0,0,4,0,50
2211301,16,0,7,0,0,7,0,0,3,3,10,0,0,0,0,0,0,0,3,3,3,0,29
2211401,51,0,4,0,4,8,0,3,3,6,14,0,3,4,3,10,0,0,6,6,16,5,86
2211402,21,0,4,0,6,10,0,0,0,0,10,0,0,0,5,5,0,0,13,13,18,4,53
2211403,46,0,0,3,9,12,0,0,5,5,17,0,0,0,8,8,0,0,4,4,12,3,78
2211404,23,0,0,0,0,0,0,4,0,4,4,0,0,0,0,0,0,0,0,0,0,0,27
2211405,44,0,0,0,6,6,3,0,3,6,12,0,0,0,0,0,0,3,3,6,6,0,62
2211406,51,0,4,0,14,18,0,0,8,8,26,0,0,0,11,11,0,6,7,13,24,0,101
2211407,49,0,3,0,16,19,5,0,4,9,28,0,0,3,0,3,0,0,4,4,7,0,84
2211408,44,0,0,0,13,13,0,0,4,4,17,0,0,0,17,17,0,0,11,11,28,0,89
2211409,39,0,0,0,6,6,0,0,4,4,10,0,0,0,8,8,3,0,3,6,14,0,63
2211410,24,0,0,0,5,5,0,0,0,0,5,0,0,0,3,3,0,0,4,4,7,0,36
2211411,50,0,5,0,10,15,0,0,4,4,19,3,0,0,6,9,0,5,5,10,19,0,88
2211412,66,0,4,0,11,15,0,0,6,6,21,0,3,0,18,21,0,3,13,16,37,0,124
2211413,59,0,4,0,9,13,0,0,7,7,20,0,0,0,9,9,3,0,4,7,16,4,99
2211414,18,0,0,0,11,11,0,0,0,0,11,0,0,0,0,0,0,0,4,4,4,0,33
2211501,27,0,0,0,7,7,3,3,3,9,16,0,0,0,4,4,0,0,4,4,8,3,54
2211502,32,0,3,0,10,13,0,0,4,4,17,0,5,0,8,13,0,0,0,0,13,0,62
2211503,27,0,0,0,4,4,4,0,3,7,11,0,0,3,3,6,0,0,4,4,10,0,48
2211504,24,0,0,0,7,7,0,0,0,0,7,0,0,0,7,7,0,5,0,5,12,4,47
2211505,17,0,0,0,4,4,0,0,0,0,4,0,0,0,11,11,0,0,0,0,11,4,36
2211506,18,0,0,0,4,4,0,0,0,0,4,0,0,0,6,6,0,3,7,10,16,4,42
2211507,39,0,0,0,7,7,0,0,5,5,12,0,3,3,11,17,0,4,12,16,33,0,84
2211508,102,0,3,6,17,26,3,3,8,14,40,0,0,0,15,15,0,3,20,23,38,0,180
2211509,44,0,3,3,6,12,0,0,5,5,17,0,0,0,9,9,0,5,0,5,14,4,79
2211510,23,0,0,0,4,4,0,0,7,7,11,0,0,3,3,6,0,0,0,0,6,0,40
2211511,61,0,3,0,13,16,0,0,7,7,23,0,0,5,0,5,0,0,8,8,13,4,101
2211512,72,0,4,0,4,8,0,0,0,0,8,0,0,0,8,8,0,0,6,6,14,0,94
2211513,112,4,13,4,20,41,6,8,25,39,80,0,0,4,15,19,0,3,9,12,31,3,226
2211514,42,0,0,0,3,3,3,0,3,6,9,0,0,0,7,7,0,3,4,7,14,3,68
2211601,51,0,6,0,5,11,0,0,6,6,17,0,3,0,11,14,0,0,6,6,20,4,92
2211602,43,0,6,4,32,42,6,0,9,15,57,0,3,0,4,7,0,0,6,6,13,0,113
2211603,40,0,0,0,16,16,0,0,0,0,16,0,0,0,0,0,0,0,5,5,5,0,61
2211604,22,0,3,0,9,12,0,4,9,13,25,0,5,0,0,5,0,0,0,0,5,0,52
2211605,47,0,0,0,17,17,0,0,9,9,26,0,7,0,11,18,0,5,7,12,30,5,108
2211606,83,5,0,0,11,16,0,4,3,7,23,0,0,0,18,18,0,0,8,8,26,0,132
2211607,28,4,3,0,7,14,0,0,4,4,18,0,0,0,7,7,3,0,3,6,13,0,59
2211608,16,0,0,0,5,5,0,0,7,7,12,0,0,4,3,7,0,0,7,7,14,0,42
2211609,30,5,3,0,32,40,8,6,10,24,64,3,4,0,6,13,5,0,0,5,18,0,112
2211610,29,0,0,0,13,13,0,0,8,8,21,0,0,0,4,4,0,4,4,8,12,0,62
2211611,60,4,9,0,36,49,0,4,13,17,66,0,0,0,14,14,0,3,5,8,22,0,148
2211612,31,0,12,4,36,52,0,0,14,14,66,0,0,5,5,10,3,0,3,6,16,0,113
2211613,44,0,4,0,20,24,3,7,4,14,38,0,0,0,3,3,0,0,4,4,7,4,93
2211614,27,0,5,4,30,39,0,0,8,8,47,0,0,0,4,4,0,0,4,4,8,0,82
2211616,24,0,0,0,6,6,0,5,4,9,15,0,3,3,3,9,3,0,3,6,15,0,54
2211617,37,0,4,4,18,26,8,0,0,8,34,0,4,0,12,16,0,0,0,0,16,0,87
2211618,23,0,8,0,16,24,0,3,9,12,36,0,0,0,0,0,3,3,0,6,6,0,65
2211619,48,5,4,0,12,21,3,0,6,9,30,0,7,0,14,21,0,6,9,15,36,3,117
2211620,96,0,0,0,4,4,0,0,0,0,4,0,0,0,3,3,3,0,0,3,6,0,106
2211621,114,0,0,0,0,0,0,0,0,0,0,0,0,0,0,0,0,0,0,0,0,0,114
2211701,31,0,9,0,5,14,0,0,9,9,23,0,0,0,0,0,0,0,9,9,9,4,67
2211702,13,0,0,0,7,7,0,0,0,0,7,0,0,0,6,6,0,0,0,0,6,0,26
2211703,22,0,8,0,0,8,0,0,0,0,8,0,0,0,0,0,0,0,0,0,0,0,30
2211704,18,0,3,0,4,7,3,0,3,6,13,0,0,0,4,4,0,3,4,7,11,0,42
2211705,25,0,0,0,8,8,3,0,3,6,14,0,0,0,6,6,0,0,4,4,10,0,49
2211706,29,0,0,0,7,7,0,0,4,4,11,0,0,0,0,0,4,0,0,4,4,5,49
2211707,26,0,0,0,11,11,0,0,0,0,11,0,0,0,3,3,0,0,7,7,10,0,47
2211708,36,0,0,0,6,6,0,0,5,5,11,0,0,0,0,0,0,0,0,0,0,0,47
2211709,20,0,0,0,3,3,3,0,0,3,6,0,3,0,3,6,0,0,3,3,9,0,35
2211801,59,0,11,5,27,43,5,9,13,27,70,0,0,0,3,3,0,5,0,5,8,0,137
2211802,30,0,3,0,10,13,0,5,3,8,21,0,0,0,8,8,3,6,4,13,21,0,72
2211803,26,0,0,0,6,6,0,3,0,3,9,0,0,0,0,0,0,0,9,9,9,0,44
2211804,46,0,8,0,5,13,3,0,4,7,20,0,0,0,0,0,0,0,0,0,0,6,72
2211805,60,0,0,5,7,12,0,0,5,5,17,0,4,0,3,7,0,4,5,9,16,0,93
2211806,24,0,3,0,0,3,3,0,3,6,9,4,0,0,3,7,0,0,4,4,11,0,44
2211807,20,0,0,0,4,4,0,6,0,6,10,0,0,0,6,6,0,0,4,4,10,0,40
2211808,24,0,0,0,5,5,0,0,0,0,5,3,0,0,3,6,0,0,8,8,14,0,43
2211809,22,0,3,0,4,7,0,0,5,5,12,0,0,0,4,4,0,0,7,7,11,0,45
2211810,44,0,3,3,17,23,4,0,7,11,34,0,0,0,16,16,4,0,8,12,28,0,106
2211811,28,0,4,0,7,11,4,0,4,8,19,0,0,0,0,0,3,0,3,6,6,0,53
2211812,50,4,5,3,39,51,3,0,12,15,66,0,0,0,10,10,0,0,3,3,13,5,134
2211813,18,0,3,0,7,10,3,0,3,6,16,0,0,4,8,12,0,0,0,0,12,0,46
2211901,25,0,3,0,10,13,0,0,4,4,17,6,0,0,8,14,5,0,3,8,22,3,67
2211902,28,0,0,0,0,0,0,0,3,3,3,0,0,0,3,3,0,0,4,4,7,0,38
2211903,38,0,6,0,5,11,0,0,3,3,14,0,0,0,0,0,0,0,0,0,0,3,55
2211904,28,0,0,0,16,16,0,0,7,7,23,0,0,0,11,11,0,0,7,7,18,0,69
2211905,38,0,5,0,31,36,0,5,8,13,49,0,4,0,4,8,0,0,5,5,13,4,104
2211906,36,6,7,0,8,21,0,5,3,8,29,0,0,0,7,7,0,0,0,0,7,0,72
2211907,38,0,3,0,16,19,0,0,0,0,19,0,0,0,4,4,0,0,7,7,11,0,68
2211908,32,0,0,0,6,6,0,0,4,4,10,0,0,0,0,0,0,0,0,0,0,0,42
2211909,53,0,5,0,29,34,0,4,13,17,51,0,0,4,9,13,0,0,5,5,18,3,125
2211910,36,0,6,0,10,16,5,0,0,5,21,0,0,0,8,8,0,0,4,4,12,0,69
2211911,31,0,0,0,8,8,0,0,0,0,8,0,4,0,6,10,0,0,6,6,16,0,55
2211912,29,0,0,7,15,22,0,7,11,18,40,0,0,0,5,5,0,5,6,11,16,0,85
2212001,39,0,0,0,12,12,0,3,0,3,15,0,0,0,0,0,0,0,3,3,3,0,57
2212002,36,0,3,0,9,12,3,0,3,6,18,0,0,0,0,0,0,0,0,0,0,0,54
2212003,20,0,0,3,0,3,0,4,0,4,7,0,0,0,5,5,0,0,0,0,5,0,32
2212004,23,0,0,3,8,11,0,0,0,0,11,0,0,0,0,0,0,0,6,6,6,5,45
2212005,30,0,3,4,8,15,0,0,4,4,19,0,0,0,4,4,0,0,4,4,8,0,57
2212006,30,0,0,0,16,16,0,0,5,5,21,0,0,0,7,7,0,0,0,0,7,0,58
2212007,21,0,0,0,3,3,0,3,0,3,6,0,0,0,0,0,0,0,3,3,3,3,33
2212008,28,0,0,0,16,16,0,0,0,0,16,0,0,0,4,4,0,0,4,4,8,3,55
2212009,32,0,0,0,12,12,3,0,3,6,18,0,0,0,0,0,0,0,4,4,4,0,54
2212010,16,0,3,0,9,12,0,3,3,6,18,0,0,0,0,0,0,0,0,0,0,0,34
2212011,26,0,0,0,0,0,0,0,4,4,4,0,3,0,0,3,0,0,0,0,3,0,33
2212012,41,0,0,0,9,9,0,3,0,3,12,0,0,0,0,0,0,0,6,6,6,0,59
2212013,22,0,0,0,16,16,3,4,6,13,29,0,0,0,0,0,0,0,0,0,0,0,51
2212101,13,0,0,0,3,3,0,3,0,3,6,3,3,0,0,6,0,0,0,0,6,0,25
2212102,30,0,0,0,5,5,0,0,0,0,5,4,0,0,0,4,0,0,0,0,4,0,39
2212104,32,0,0,0,0,0,0,0,0,0,0,0,0,0,0,0,0,0,0,0,0,5,37
2212106,15,0,0,0,5,5,0,0,3,3,8,0,0,0,0,0,0,0,4,4,4,0,27
2212107,20,0,0,0,0,0,0,3,3,6,6,0,0,0,3,3,0,0,0,0,3,0,29
2212108,27,0,0,0,6,6,0,0,4,4,10,0,0,0,3,3,0,0,4,4,7,0,44
2212109,25,0,0,0,4,4,0,3,4,7,11,3,0,0,0,3,0,0,3,3,6,0,42
2212110,52,5,0,0,11,16,0,0,4,4,20,0,0,0,3,3,0,0,0,0,3,0,75
2212111,31,0,0,0,6,6,0,0,5,5,11,0,0,0,0,0,0,0,0,0,0,0,42
2212112,17,0,0,0,6,6,0,0,0,0,6,0,0,0,3,3,0,0,5,5,8,4,35
2212113,30,0,0,0,3,3,0,0,0,0,3,0,0,0,0,0,0,0,4,4,4,0,37
2212114,16,0,3,0,3,6,0,0,0,0,6,0,0,0,0,0,0,3,0,3,3,0,25
2212115,0,0,0,0,0,0,0,0,0,0,0,0,0,0,0,0,0,0,0,0,0,0,0
2212201,57,0,18,3,42,63,14,5,16,35,98,0,4,0,4,8,0,5,5,10,18,0,173
2212202,54,0,14,0,38,52,3,12,16,31,83,0,3,0,5,8,0,3,4,7,15,0,152
2212203,43,0,15,0,42,57,5,18,23,46,103,4,0,0,3,7,3,3,3,9,16,0,162
2212204,84,3,17,0,45,65,7,21,26,54,119,0,0,0,0,0,3,7,4,14,14,5,222
2212205,56,0,15,0,38,53,0,12,13,25,78,3,3,0,0,6,0,0,3,3,9,0,143
2212206,70,0,14,0,57,71,10,10,10,30,101,0,0,0,5,5,3,3,6,12,17,0,188
2212207,97,0,6,3,64,73,10,19,25,54,127,0,0,5,9,14,0,0,10,10,24,0,248
2212208,22,3,7,0,14,24,0,4,9,13,37,0,0,0,3,3,4,0,0,4,7,0,66
2212209,70,3,14,4,45,66,7,16,16,39,105,0,3,0,3,6,0,0,3,3,9,0,184
2212210,89,4,16,3,49,72,3,17,11,31,103,0,0,0,3,3,0,5,5,10,13,0,205
2212211,124,0,3,0,19,22,0,9,0,9,31,0,3,0,7,10,0,3,10,13,23,3,181
2212212,58,0,3,3,21,27,11,3,9,23,50,0,0,0,0,0,0,3,5,8,8,0,116
2212301,81,4,3,4,80,91,3,5,16,24,115,0,0,0,21,21,0,3,4,7,28,0,224
2212302,91,4,10,4,111,129,0,11,12,23,152,0,7,0,17,24,3,3,4,10,34,3,280
2212303,53,0,10,0,46,56,3,8,19,30,86,0,0,0,3,3,0,0,6,6,9,3,151
2212304,127,0,7,0,41,48,3,4,15,22,70,0,3,0,12,15,0,8,16,24,39,3,239
2212305,45,0,6,0,27,33,6,4,8,18,51,0,0,0,7,7,3,0,6,9,16,3,115
2212306,90,4,10,0,87,101,6,5,15,26,127,0,7,3,20,30,6,0,6,12,42,0,259
2212307,61,0,6,4,39,49,4,3,13,20,69,0,6,4,19,29,3,3,3,9,38,3,171
2212308,93,0,8,0,25,33,0,6,5,11,44,0,3,0,15,18,0,0,9,9,27,3,167
2212309,36,4,6,0,40,50,8,5,0,13,63,4,0,0,9,13,0,0,6,6,19,0,118
2212310,85,4,14,0,62,80,4,8,24,36,116,0,3,4,10,17,0,3,8,11,28,3,232
2212311,94,0,11,9,90,110,4,9,18,31,141,0,0,0,25,25,0,3,11,14,39,0,274
2212312,75,4,21,4,146,175,11,8,16,35,210,0,0,0,8,8,0,0,6,6,14,0,299
2212313,63,0,3,0,14,17,0,0,0,0,17,0,0,0,0,0,0,0,5,5,5,0,85
2212314,49,5,7,3,82,97,4,6,10,20,117,0,0,0,0,0,0,0,0,0,0,0,166
2212315,71,0,14,0,108,122,6,6,14,26,148,0,3,0,7,10,0,0,3,3,13,0,232
2212316,26,3,5,3,21,32,0,3,4,7,39,0,0,0,4,4,0,0,0,0,4,0,69
2212317,59,6,13,4,37,60,4,4,8,16,76,0,0,0,10,10,4,3,4,11,21,0,156
2212318,52,0,9,3,63,75,3,5,6,14,89,0,0,0,11,11,0,0,6,6,17,0,158
2212319,60,0,9,4,75,88,6,3,11,20,108,0,0,0,15,15,3,5,6,14,29,0,197
2212401,62,3,19,5,73,100,0,0,14,14,114,0,0,5,23,28,0,0,8,8,36,4,216
2212402,68,0,3,4,14,21,0,4,4,8,29,0,6,0,14,20,0,0,17,17,37,3,137
2212403,45,0,21,0,45,66,0,9,9,18,84,0,0,0,0,0,0,0,0,0,0,0,129
2212404,73,0,11,0,57,68,0,6,11,17,85,0,3,3,27,33,3,3,10,16,49,0,207
2212405,44,0,0,3,6,9,0,3,3,6,15,0,0,0,15,15,0,3,8,11,26,3,88
2212406,17,4,5,3,20,32,3,0,9,12,44,3,3,6,28,40,0,5,8,13,53,0,114
2212407,118,4,6,5,35,50,5,0,16,21,71,0,5,3,30,38,0,0,16,16,54,4,247
2212408,87,0,9,5,35,49,6,0,17,23,72,5,0,0,24,29,0,5,14,19,48,4,211
2212409,54,3,3,3,40,49,0,0,15,15,64,0,5,6,38,49,0,5,12,17,66,0,184
2212410,37,6,6,4,38,54,3,0,7,10,64,7,0,0,12,19,0,7,9,16,35,3,139
2212411,71,0,12,5,39,56,4,3,14,21,77,0,3,7,23,33,3,6,11,20,53,3,204
2220101,17,0,0,0,14,14,4,4,7,15,29,0,0,0,4,4,0,0,0,0,4,0,50
2220102,40,0,0,0,29,29,6,0,10,16,45,0,0,0,13,13,0,0,9,9,22,0,107
2220103,68,0,14,7,108,129,3,4,24,31,160,0,3,0,16,19,0,0,12,12,31,3,262
2220104,49,0,3,3,45,51,6,0,7,13,64,3,0,6,16,25,0,3,3,6,31,0,144
2220105,12,3,3,0,7,13,3,3,5,11,24,0,0,0,0,0,3,3,0,6,6,0,42
2220106,40,0,3,8,48,59,0,5,9,14,73,0,0,0,13,13,0,0,0,0,13,0,126
2220107,62,0,9,7,60,76,0,5,12,17,93,5,0,0,26,31,5,0,10,15,46,0,201
2220108,72,5,19,6,89,119,5,12,19,36,155,0,6,5,25,36,0,8,17,25,61,0,288
2220109,64,3,9,7,81,100,4,9,12,25,125,0,5,5,15,25,0,0,8,8,33,6,228
2220110,40,0,9,0,45,54,3,4,7,14,68,3,0,8,15,26,0,0,6,6,32,6,146
2220111,37,0,5,4,34,43,0,0,11,11,54,0,5,0,5,10,0,5,0,5,15,0,106
2220112,47,0,7,7,43,57,5,4,12,21,78,0,3,5,16,24,0,5,4,9,33,0,158
2220113,37,5,17,7,88,117,3,4,12,19,136,0,0,0,16,16,0,0,6,6,22,0,195
2220114,46,0,9,4,103,116,3,3,11,17,133,0,0,0,18,18,3,3,8,14,32,4,215
2220115,0,0,0,0,0,0,0,0,0,0,0,0,0,0,0,0,0,0,0,0,0,0,0
2220116,63,5,8,5,47,65,5,7,11,23,88,0,0,0,33,33,0,3,9,12,45,0,196
2220117,41,3,23,3,88,117,7,0,7,14,131,0,4,0,10,14,0,0,5,5,19,0,191
2220118,34,3,7,5,32,47,7,8,19,34,81,0,0,0,4,4,0,0,4,4,8,0,123
2220119,106,4,8,3,106,121,8,5,21,34,155,0,0,0,3,3,0,5,4,9,12,3,276
2220120,29,4,3,5,44,56,5,5,0,10,66,0,0,0,10,10,0,0,3,3,13,0,108
2220121,69,3,20,3,115,141,5,8,17,30,171,0,3,0,17,20,0,3,5,8,28,0,268
2220122,68,3,15,7,85,110,6,8,18,32,142,0,0,0,16,16,0,0,4,4,20,0,230
2220123,45,0,17,4,60,81,0,4,3,7,88,3,0,3,26,32,0,3,6,9,41,4,178
2220124,30,0,3,3,53,59,0,3,12,15,74,0,4,4,8,16,0,3,3,6,22,3,129
2220125,51,0,3,0,15,18,0,0,11,11,29,0,0,0,8,8,3,3,5,11,19,0,99
2220126,55,0,9,5,63,77,6,0,9,15,92,0,0,0,6,6,0,3,6,9,15,0,162
2220127,53,3,0,0,31,34,6,0,8,14,48,0,3,3,22,28,3,0,7,10,38,0,139
2220201,65,0,3,0,52,55,9,8,33,50,105,0,0,7,29,36,6,6,13,25,61,5,236
2220202,60,3,4,4,48,59,0,0,17,17,76,0,4,3,24,31,0,4,12,16,47,0,183
2220203,44,6,0,0,43,49,7,5,10,22,71,4,3,0,16,23,0,0,5,5,28,0,143
2220204,87,5,12,0,85,102,3,5,11,19,121,0,8,0,31,39,3,0,17,20,59,3,270
2220205,56,3,13,13,79,108,4,5,10,19,127,0,7,0,30,37,0,0,12,12,49,0,232
2220206,58,5,7,0,44,56,8,10,20,38,94,0,3,4,21,28,4,0,18,22,50,5,207
2220207,93,3,14,7,57,81,0,0,19,19,100,0,0,0,26,26,0,4,15,19,45,0,238
2220208,45,0,8,4,55,67,5,11,10,26,93,0,5,3,24,32,3,3,10,16,48,3,189
2220209,38,3,9,0,42,54,4,6,16,26,80,0,0,0,24,24,3,0,8,11,35,3,156
2220210,34,0,10,0,43,53,0,5,17,22,75,0,4,3,15,22,0,0,7,7,29,0,138
2220301,59,0,7,0,30,37,6,6,8,20,57,0,0,0,14,14,0,6,13,19,33,4,153
2220302,89,0,11,3,40,54,7,8,22,37,91,0,4,4,29,37,4,7,17,28,65,0,245
2220303,66,3,11,3,36,53,13,10,17,40,93,0,3,3,4,10,0,3,3,6,16,0,175
2220304,107,0,15,4,51,70,12,13,28,53,123,0,5,0,14,19,3,3,17,23,42,0,272
2220305,53,3,3,4,33,43,4,5,10,19,62,0,0,0,8,8,0,4,10,14,22,0,137
2220306,64,0,20,4,40,64,14,9,19,42,106,0,0,0,3,3,3,3,3,9,12,0,182
2220307,83,3,30,4,66,103,7,13,51,71,174,0,3,0,6,9,0,0,9,9,18,0,275
2220308,65,4,13,0,58,75,16,16,23,55,130,0,0,0,7,7,6,0,4,10,17,5,217
2220309,0,0,0,0,0,0,0,0,0,0,0,0,0,0,0,0,0,0,0,0,0,0,0
2220310,47,0,16,10,52,78,8,9,21,38,116,0,0,0,5,5,0,4,6,10,15,4,182
2220311,33,0,11,4,32,47,5,13,10,28,75,0,5,4,0,9,0,0,5,5,14,0,122
2220312,0,0,0,0,0,0,0,0,0,0,0,0,0,0,0,0,0,0,0,0,0,0,0
2220313,101,0,0,0,0,0,0,0,0,0,0,0,0,0,0,0,0,0,4,4,4,0,105
2220315,57,0,10,0,38,48,4,13,21,38,86,0,0,0,9,9,0,0,10,10,19,0,162
2220316,59,8,18,0,62,88,8,13,17,38,126,0,0,0,9,9,0,6,7,13,22,0,207
2220401,38,3,3,0,29,35,4,0,9,13,48,0,4,0,10,14,0,3,13,16,30,0,116
2220402,67,0,9,0,38,47,7,0,9,16,63,4,4,0,9,17,0,0,10,10,27,3,160
2220403,76,3,3,3,30,39,0,5,14,19,58,0,3,3,9,15,0,5,6,11,26,0,160
2220404,100,4,8,0,54,66,8,16,17,41,107,0,0,0,16,16,0,0,8,8,24,5,236
2220405,71,0,3,4,16,23,3,5,20,28,51,0,0,0,8,8,0,0,0,0,8,0,130
2220406,79,0,8,0,30,38,5,10,17,32,70,0,0,3,3,6,3,3,17,23,29,4,182
2220407,51,0,0,0,23,23,0,8,10,18,41,0,0,0,0,0,0,0,12,12,12,0,104
2220408,84,0,12,0,43,55,3,7,14,24,79,0,9,0,5,14,6,0,4,10,24,4,191
2220409,44,3,20,0,30,53,10,10,12,32,85,0,0,0,3,3,0,3,3,6,9,0,138
2220410,85,0,25,3,55,83,14,24,16,54,137,0,6,0,5,11,0,0,5,5,16,0,238
2220411,51,0,4,0,22,26,4,3,5,12,38,0,0,0,10,10,3,3,8,14,24,3,116
2220501,56,0,14,6,42,62,10,7,16,33,95,0,4,5,9,18,0,0,6,6,24,0,175
2220502,87,5,9,0,48,62,6,0,18,24,86,4,8,0,26,38,0,4,15,19,57,0,230
2220503,34,0,13,0,30,43,7,6,7,20,63,0,5,3,6,14,0,4,4,8,22,0,119
2220504,59,3,16,4,49,72,7,11,21,39,111,0,0,0,16,16,0,0,10,10,26,0,196
2220505,77,10,11,7,65,93,12,10,25,47,140,0,0,0,0,0,0,0,15,15,15,0,232
2220506,68,3,20,3,117,143,7,10,21,38,181,0,6,0,12,18,0,0,3,3,21,0,270
2220507,50,0,14,0,67,81,4,10,17,31,112,0,5,0,6,11,5,0,3,8,19,6,187
2220508,62,5,8,0,75,88,7,15,3,25,113,0,3,0,16,19,0,5,6,11,30,3,208
2220509,87,3,9,4,90,106,7,4,7,18,124,0,5,0,38,43,0,4,12,16,59,7,277
2220510,40,3,7,7,37,54,4,4,12,20,74,0,3,3,9,15,0,4,6,10,25,3,142
2220511,53,0,10,0,61,71,0,7,10,17,88,0,3,0,18,21,0,0,7,7,28,0,169
2220512,86,8,6,5,59,78,5,9,26,40,118,0,4,3,15,22,3,4,5,12,34,3,241
2220513,69,3,7,4,58,72,11,15,29,55,127,0,10,0,18,28,3,5,6,14,42,3,241
2220514,48,0,10,0,36,46,5,3,12,20,66,3,3,0,8,14,7,0,0,7,21,5,140
2220601,53,0,7,0,37,44,4,5,19,28,72,0,0,3,10,13,3,3,7,13,26,0,151
2220602,59,0,7,5,30,42,8,4,18,30,72,0,0,0,11,11,5,0,4,9,20,0,151
2220603,59,0,8,0,43,51,9,7,21,37,88,0,3,0,11,14,0,0,15,15,29,0,176
2220604,53,3,7,0,34,44,0,4,8,12,56,0,0,0,9,9,0,4,14,18,27,4,140
2220605,42,0,10,4,49,63,4,8,21,33,96,0,0,3,21,24,0,3,9,12,36,0,174
2220606,64,0,4,0,13,17,0,5,10,15,32,0,0,0,18,18,4,5,6,15,33,0,129
2220607,60,5,6,3,38,52,13,6,21,40,92,0,0,0,21,21,0,4,13,17,38,0,190
2220608,72,0,15,3,52,70,3,3,23,29,99,0,3,0,10,13,0,0,6,6,19,4,194
2220609,51,0,11,3,29,43,3,4,18,25,68,3,4,4,11,22,0,3,6,9,31,3,153
2220610,44,5,0,0,49,54,3,6,8,17,71,0,6,4,15,25,0,0,13,13,38,7,160
2220611,41,3,3,3,43,52,3,3,7,13,65,0,6,0,14,20,0,6,9,15,35,3,144
2220612,0,0,0,0,0,0,0,0,0,0,0,0,0,0,0,0,0,0,0,0,0,0,0
2220613,48,3,16,8,60,87,11,4,23,38,125,0,0,4,8,12,0,3,10,13,25,0,198
2220614,25,0,10,5,31,46,3,5,7,15,61,0,3,0,3,6,0,0,0,0,6,0,92
2220615,68,4,14,0,55,73,7,4,20,31,104,0,6,0,21,27,0,3,10,13,40,3,215
2220616,71,0,12,5,78,95,3,8,20,31,126,0,0,0,25,25,0,0,7,7,32,0,229
2220617,31,0,11,0,18,29,0,7,7,14,43,0,0,0,6,6,0,0,0,0,6,0,80
2220701,41,0,5,0,26,31,4,5,6,15,46,0,3,0,14,17,0,9,12,21,38,3,128
2220702,29,0,0,0,5,5,0,4,9,13,18,0,0,0,15,15,0,3,8,11,26,5,78
2220703,52,0,6,0,23,29,3,3,9,15,44,0,0,0,12,12,5,0,9,14,26,5,127
2220704,63,0,4,0,30,34,3,3,13,19,53,3,0,0,16,19,4,7,21,32,51,7,174
2220705,43,0,0,0,18,18,0,7,6,13,31,5,0,0,7,12,0,9,16,25,37,3,114
2220706,52,0,3,0,30,33,0,3,6,9,42,0,3,0,20,23,0,4,9,13,36,3,133
2220707,23,0,3,0,14,17,0,0,3,3,20,0,0,0,9,9,3,7,3,13,22,5,70
2220708,57,0,14,0,35,49,0,3,13,16,65,0,4,0,28,32,5,4,16,25,57,0,179
2220709,57,3,10,0,32,45,0,7,15,22,67,3,9,0,22,34,0,5,20,25,59,3,186
2220710,23,0,0,0,15,15,0,0,9,9,24,0,0,0,8,8,0,6,7,13,21,0,68
2220711,77,0,6,0,34,40,4,10,14,28,68,0,4,6,13,23,4,3,7,14,37,3,185
2220712,42,0,0,0,11,11,0,0,0,0,11,0,0,0,5,5,0,0,6,6,11,0,64
2220713,26,0,3,0,5,8,3,4,3,10,18,0,0,0,3,3,0,0,3,3,6,0,50
2220801,103,3,19,8,60,90,14,15,27,56,146,0,8,0,14,22,0,3,17,20,42,3,294
2220802,68,0,9,9,53,71,7,9,23,39,110,0,8,0,15,23,0,4,10,14,37,0,215
2220803,43,0,4,0,15,19,0,3,11,14,33,0,0,0,23,23,0,4,9,13,36,0,112
2220804,79,0,11,5,49,65,8,6,15,29,94,0,3,5,19,27,4,3,17,24,51,3,227
2220805,80,3,3,3,33,42,3,11,21,35,77,0,7,3,26,36,0,4,14,18,54,0,211
2220806,72,3,0,3,22,28,0,9,20,29,57,0,0,3,14,17,3,5,3,11,28,4,161
2220807,66,0,5,0,25,30,6,7,24,37,67,0,7,4,14,25,0,0,6,6,31,0,164
2220808,53,3,8,4,48,63,8,5,14,27,90,5,3,0,14,22,3,3,9,15,37,0,180
2220809,47,5,14,4,34,57,6,12,26,44,101,0,3,5,17,25,3,7,16,26,51,3,202
2220810,43,0,14,3,40,57,7,4,11,22,79,0,0,3,16,19,3,8,10,21,40,4,166
2220811,80,3,22,3,64,92,12,5,23,40,132,0,0,0,20,20,0,6,12,18,38,5,255
2220812,56,0,7,4,44,55,3,9,21,33,88,0,0,0,10,10,3,6,11,20,30,3,177
2220901,82,3,8,0,42,53,3,10,19,32,85,0,3,3,31,37,0,11,21,32,69,0,236
2220902,63,0,3,3,29,35,0,6,6,12,47,0,0,0,19,19,5,4,11,20,39,3,152
2220903,42,0,0,6,27,33,7,0,14,21,54,0,7,0,17,24,0,0,18,18,42,0,138
2220904,52,0,0,0,12,12,4,0,16,20,32,0,0,4,25,29,3,8,8,19,48,6,138
2220905,46,4,0,4,13,21,3,6,9,18,39,0,0,0,13,13,0,4,5,9,22,3,110
2220906,77,0,0,0,35,35,11,3,19,33,68,0,5,0,18,23,0,0,21,21,44,4,193
2220907,59,4,0,3,23,30,7,6,13,26,56,0,0,7,13,20,0,4,20,24,44,0,159
2220908,62,0,6,3,39,48,7,5,14,26,74,0,0,0,14,14,0,5,17,22,36,3,175
2220909,89,4,6,4,49,63,7,5,12,24,87,0,7,0,18,25,0,0,13,13,38,3,217
2220910,58,0,8,0,42,50,0,4,20,24,74,0,4,0,19,23,0,0,13,13,36,0,168
2220911,66,0,4,3,26,33,3,4,8,15,48,3,0,3,17,23,0,0,20,20,43,4,161
2221001,43,0,4,0,19,23,0,0,4,4,27,0,0,6,0,6,0,4,8,12,18,4,92
2221002,18,0,0,0,13,13,0,0,0,0,13,0,0,3,8,11,0,0,13,13,24,0,55
2221003,41,0,0,0,10,10,0,0,4,4,14,0,4,0,15,19,0,4,14,18,37,5,97
2221004,15,0,0,0,9,9,4,0,0,4,13,0,0,0,12,12,0,3,13,16,28,5,61
2221005,22,0,5,4,15,24,6,0,0,6,30,0,0,4,5,9,0,0,8,8,17,0,69
2221006,47,0,3,0,21,24,0,3,12,15,39,0,4,0,15,19,4,3,17,24,43,5,134
2221007,53,0,0,4,16,20,4,3,9,16,36,0,0,0,15,15,6,0,8,14,29,6,124
2221008,13,0,0,0,4,4,0,4,0,4,8,0,4,0,4,8,0,0,4,4,12,0,33
2221009,28,0,0,0,18,18,0,0,0,0,18,0,0,0,11,11,0,6,0,6,17,0,63
2221010,56,0,5,0,17,22,4,0,3,7,29,0,6,0,13,19,0,4,11,15,34,5,124
2221011,34,0,0,0,23,23,0,0,8,8,31,0,0,0,17,17,4,0,6,10,27,0,92
2221101,34,0,5,0,20,25,0,3,5,8,33,0,0,0,7,7,0,5,5,10,17,3,87
2221102,74,0,3,0,31,34,10,4,18,32,66,0,0,0,11,11,0,7,10,17,28,0,168
2221103,55,3,6,0,44,53,8,10,18,36,89,0,0,0,12,12,0,9,19,28,40,3,187
2221104,40,3,0,3,13,19,3,4,11,18,37,3,3,0,3,9,0,5,6,11,20,0,97
2221105,38,0,4,5,31,40,0,8,12,20,60,3,5,0,3,11,0,0,11,11,22,0,120
2221106,65,0,7,0,38,45,0,4,20,24,69,0,3,0,10,13,0,6,10,16,29,0,163
2221107,56,0,3,3,19,25,0,0,11,11,36,0,0,0,8,8,0,0,10,10,18,0,110
2221108,89,0,9,4,53,66,6,0,16,22,88,0,5,0,26,31,4,0,19,23,54,5,236
2221109,53,0,5,0,19,24,0,0,11,11,35,0,4,0,10,14,0,4,7,11,25,6,119
2221110,32,0,3,0,14,17,5,0,3,8,25,0,0,0,7,7,0,0,11,11,18,0,75
2221111,55,3,17,4,66,90,4,7,24,35,125,0,0,4,19,23,0,0,21,21,44,7,231
2221112,49,0,4,7,31,42,3,7,9,19,61,4,4,4,7,19,0,0,9,9,28,0,138
2221113,28,0,4,0,6,10,3,0,8,11,21,0,0,0,6,6,0,3,7,10,16,3,68
2221201,5,0,0,0,0,0,0,0,0,0,0,0,0,0,0,0,0,0,0,0,0,0,5
2221202,61,3,3,0,21,27,3,6,8,17,44,0,0,0,28,28,4,0,24,28,56,0,161
2221203,88,0,9,3,38,50,4,9,32,45,95,3,5,0,20,28,0,5,16,21,49,0,232
2221204,90,0,8,0,47,55,5,0,29,34,89,0,3,3,22,28,7,0,17,24,52,4,235
2221205,39,3,3,3,11,20,0,0,11,11,31,0,4,4,8,16,3,3,18,24,40,6,116
2221206,75,0,14,5,48,67,6,7,31,44,111,0,4,4,18,26,4,5,21,30,56,5,247
2221207,61,0,5,0,43,48,6,0,19,25,73,0,0,7,20,27,0,7,16,23,50,4,188
2221208,22,0,3,0,17,20,3,0,13,16,36,0,0,0,9,9,3,3,9,15,24,0,82
2221209,51,3,3,3,20,29,0,5,7,12,41,0,0,4,18,22,4,3,11,18,40,0,132
2221210,51,0,5,0,13,18,0,0,10,10,28,0,0,0,19,19,0,7,13,20,39,5,123
2221211,0,0,0,0,0,0,0,0,0,0,0,0,0,0,0,0,0,0,0,0,0,0,0
2221212,41,0,3,3,37,43,4,7,10,21,64,0,0,0,9,9,0,3,4,7,16,0,121
2221213,57,0,4,0,21,25,0,0,7,7,32,3,0,0,17,20,0,0,8,8,28,0,117
2221301,44,0,10,5,42,57,3,9,6,18,75,4,4,0,14,22,0,5,8,13,35,3,157
2221302,47,4,0,6,23,33,0,4,14,18,51,4,0,4,13,21,4,4,21,29,50,0,148
2221303,52,0,6,3,20,29,0,5,19,24,53,0,4,4,22,30,0,5,18,23,53,6,164
2221304,33,3,3,0,13,19,4,3,7,14,33,0,5,5,35,45,3,4,11,18,63,3,132
2221305,41,0,0,0,31,31,0,4,10,14,45,0,4,6,22,32,0,0,20,20,52,9,147
2221306,18,0,0,0,8,8,3,0,3,6,14,0,0,0,6,6,0,0,7,7,13,0,45
2221307,52,0,9,0,34,43,0,5,18,23,66,0,6,5,31,42,0,7,22,29,71,9,198
2221308,53,0,4,0,26,30,0,4,11,15,45,0,3,3,20,26,5,0,5,10,36,3,137
2221309,37,3,5,0,27,35,5,3,22,30,65,0,4,0,25,29,4,0,14,18,47,9,158
2221310,68,0,6,6,44,56,5,3,15,23,79,0,14,4,19,37,3,3,12,18,55,3,205
2221311,58,0,3,3,27,33,3,3,16,22,55,0,6,0,38,44,0,6,23,29,73,6,192
2221312,57,5,8,0,29,42,0,4,4,8,50,0,0,5,21,26,4,5,17,26,52,0,159
2221313,86,8,10,6,55,79,16,15,34,65,144,0,4,6,20,30,0,8,17,25,55,5,290
2221314,0,0,0,0,0,0,0,0,0,0,0,0,0,0,0,0,0,0,0,0,0,0,0
2221315,0,0,0,0,0,0,0,0,0,0,0,0,0,0,0,0,0,0,0,0,0,0,0
2221316,0,0,0,0,0,0,0,0,0,0,0,0,0,0,0,0,0,0,0,0,0,0,0
2221317,16,0,3,0,14,17,0,0,4,4,21,0,0,0,0,0,0,0,0,0,0,0,37
2221401,62,0,3,3,16,22,5,4,19,28,50,3,0,3,12,18,0,5,9,14,32,0,144
2221402,88,0,4,4,34,42,3,6,13,22,64,0,3,3,33,39,0,0,25,25,64,5,221
2221403,81,0,3,0,28,31,3,4,12,19,50,3,3,5,24,35,0,9,21,30,65,3,199
2221404,68,3,3,0,25,31,7,0,16,23,54,0,0,3,13,16,0,4,13,17,33,0,155
2221405,58,6,5,0,33,44,3,6,6,15,59,0,4,0,15,19,3,3,14,20,39,0,156
2221406,61,0,7,3,20,30,0,4,18,22,52,0,6,4,17,27,3,3,21,27,54,0,167
2221407,43,0,8,0,21,29,3,0,13,16,45,0,5,4,15,24,3,3,11,17,41,0,129
2221408,82,0,5,5,37,47,3,7,23,33,80,0,5,3,20,28,3,8,15,26,54,4,220
2221409,38,0,7,0,25,32,3,5,12,20,52,0,0,5,24,29,3,0,14,17,46,4,140
2221410,42,0,0,6,17,23,3,3,20,26,49,0,0,0,7,7,0,4,3,7,14,3,108
2221411,16,0,0,3,4,7,3,0,0,3,10,0,0,0,6,6,0,0,4,4,10,0,36
2221412,57,5,9,4,9,27,3,3,15,21,48,0,3,3,12,18,3,3,8,14,32,0,137
2221413,35,0,7,0,28,35,0,0,13,13,48,0,0,0,13,13,0,0,12,12,25,4,112
2221501,49,0,3,3,30,36,4,4,10,18,54,0,7,0,6,13,0,6,8,14,27,0,130
2221502,73,3,3,3,32,41,3,5,24,32,73,0,0,8,20,28,5,0,22,27,55,4,205
2221503,43,0,0,0,20,20,0,8,5,13,33,0,0,0,15,15,0,0,7,7,22,4,102
2221504,50,0,0,0,16,16,0,0,8,8,24,0,0,0,21,21,0,8,11,19,40,0,114
2221505,34,3,0,0,3,6,0,0,9,9,15,0,0,0,0,0,0,3,3,6,6,0,55
2221506,8,0,3,0,6,9,0,0,0,0,9,0,0,0,6,6,0,0,0,0,6,0,23
2221507,33,0,3,0,20,23,0,5,12,17,40,0,0,0,16,16,0,4,12,16,32,4,109
2221508,29,0,0,0,20,20,0,0,5,5,25,0,0,4,25,29,0,0,4,4,33,0,87
2221509,22,0,0,0,13,13,0,0,4,4,17,0,0,0,7,7,0,0,6,6,13,4,56
2221510,32,0,6,0,17,23,3,3,8,14,37,0,0,0,10,10,0,4,15,19,29,3,101
2221511,46,0,0,0,4,4,0,0,0,0,4,0,0,0,0,0,0,0,0,0,0,0,50
2230101,54,0,16,0,71,87,8,18,16,42,129,0,3,0,6,9,3,0,3,6,15,5,203
2230102,45,0,13,4,85,102,4,4,20,28,130,0,0,0,13,13,0,10,8,18,31,4,210
2230103,55,3,15,0,71,89,12,15,18,45,134,0,0,0,13,13,0,6,5,11,24,0,213
2230104,43,5,18,6,72,101,11,14,18,43,144,0,3,0,3,6,0,3,10,13,19,4,210
2230105,54,4,3,0,53,60,13,7,23,43,103,0,0,0,15,15,0,8,8,16,31,0,188
2230106,60,5,13,0,101,119,4,12,22,38,157,0,0,4,4,8,0,5,0,5,13,0,230
2230107,35,4,13,6,83,106,6,12,27,45,151,0,3,0,6,9,0,3,4,7,16,3,205
2230108,65,4,15,0,94,113,15,16,25,56,169,0,4,0,16,20,0,5,11,16,36,7,277
2230109,61,3,15,3,108,129,7,18,11,36,165,3,0,0,5,8,0,3,6,9,17,0,243
2230110,50,3,18,5,73,99,3,15,19,37,136,0,6,0,5,11,7,0,8,15,26,3,215
2230201,55,0,7,0,34,41,4,6,3,13,54,0,0,0,7,7,0,5,9,14,21,5,135
2230202,54,0,9,5,33,47,3,5,6,14,61,0,0,0,6,6,0,5,5,10,16,4,135
2230203,41,0,3,3,32,38,3,6,7,16,54,0,0,0,11,11,0,5,6,11,22,5,122
2230204,49,0,12,0,27,39,6,10,10,26,65,0,0,0,4,4,0,0,0,0,4,4,122
2230205,50,4,3,0,45,52,9,19,17,45,97,0,0,0,8,8,0,0,6,6,14,0,161
2230206,51,0,6,0,23,29,0,9,6,15,44,0,0,0,9,9,0,0,0,0,9,0,104
2230207,78,0,0,0,26,26,4,8,16,28,54,0,5,0,8,13,0,5,13,18,31,9,172
2230208,72,3,6,0,33,42,8,5,9,22,64,0,0,0,11,11,0,0,16,16,27,0,163
2230209,53,0,6,3,26,35,8,7,13,28,63,0,0,0,9,9,0,3,8,11,20,3,139
2230210,36,4,0,0,16,20,0,5,7,12,32,0,0,0,6,6,0,0,8,8,14,6,88
2230211,35,4,5,0,17,26,3,3,8,14,40,0,0,0,4,4,3,0,6,9,13,3,91
2230212,67,0,7,0,29,36,0,9,10,19,55,0,3,0,11,14,0,9,15,24,38,3,163
2230213,34,3,3,3,12,21,0,3,3,6,27,0,0,0,9,9,0,4,7,11,20,0,81
2230214,15,0,3,0,9,12,0,3,3,6,18,0,0,0,0,0,0,3,3,6,6,0,39
2230215,21,0,0,0,7,7,0,0,0,0,7,0,3,0,6,9,0,3,0,3,12,0,40
2230216,40,0,9,0,19,28,0,5,5,10,38,0,3,3,4,10,0,4,10,14,24,0,102
2230301,41,0,7,0,18,25,0,0,7,7,32,0,0,0,6,6,4,0,8,12,18,0,91
2230302,38,0,3,0,17,20,3,3,3,9,29,0,0,0,7,7,0,4,4,8,15,0,82
2230303,31,0,0,0,23,23,3,5,6,14,37,3,0,0,4,7,3,0,3,6,13,5,86
2230304,18,0,0,0,13,13,0,4,7,11,24,0,0,0,5,5,0,0,0,0,5,3,50
2230305,113,0,21,0,50,71,16,12,34,62,133,0,5,0,4,9,9,0,14,23,32,4,282
2230306,62,0,0,0,24,24,6,7,5,18,42,0,0,0,9,9,0,0,10,10,19,6,129
2230307,49,0,4,3,33,40,5,3,10,18,58,0,5,0,7,12,5,0,9,14,26,0,133
2230308,59,4,10,3,37,54,3,4,7,14,68,3,0,0,7,10,0,3,14,17,27,3,157
2230309,58,0,11,0,41,52,3,4,17,24,76,0,0,0,9,9,0,4,11,15,24,3,161
2230310,40,3,6,0,49,58,5,6,12,23,81,0,0,0,8,8,0,3,6,9,17,0,138
2230311,55,0,10,3,70,83,9,4,12,25,108,0,0,3,8,11,0,5,15,20,31,0,194
2230312,92,0,10,4,77,91,5,4,17,26,117,0,0,0,7,7,6,4,12,22,29,6,244
2230313,44,0,8,4,30,42,14,13,18,45,87,0,0,0,5,5,0,5,5,10,15,0,146
2230314,33,0,10,0,51,61,7,6,10,23,84,0,0,0,7,7,0,0,11,11,18,6,141
2230315,39,0,0,0,22,22,7,12,4,23,45,0,0,0,7,7,0,3,5,8,15,0,99
2230401,50,0,9,0,37,46,8,11,12,31,77,0,3,0,8,11,0,3,6,9,20,0,147
2230402,54,0,7,3,39,49,0,6,15,21,70,0,0,3,5,8,0,5,9,14,22,0,146
2230403,53,0,13,0,45,58,9,7,8,24,82,0,0,0,8,8,3,5,5,13,21,6,162
2230404,54,0,8,0,23,31,3,3,10,16,47,0,0,0,6,6,0,0,8,8,14,0,115
2230405,78,0,7,0,33,40,0,8,8,16,56,0,0,4,4,8,0,0,5,5,13,4,151
2230406,61,0,10,0,35,45,8,5,13,26,71,0,3,0,5,8,0,0,12,12,20,3,155
2230407,59,0,12,6,53,71,0,14,12,26,97,0,0,0,4,4,5,0,10,15,19,4,179
2230408,39,0,4,0,23,27,0,7,5,12,39,0,0,4,6,10,0,5,18,23,33,0,111
2230409,28,0,3,0,15,18,3,3,8,14,32,0,0,0,5,5,0,0,4,4,9,0,69
2230410,60,0,5,4,31,40,6,11,18,35,75,0,0,0,5,5,3,3,11,17,22,0,157
2230411,56,0,4,0,31,35,4,9,10,23,58,0,3,0,14,17,0,6,12,18,35,4,153
2230501,57,3,20,5,161,189,4,20,21,45,234,0,5,0,5,10,3,0,9,12,22,0,313
2230502,43,0,3,3,28,34,4,6,10,20,54,0,5,0,11,16,4,0,11,15,31,0,128
2230503,74,0,7,4,58,69,6,4,12,22,91,0,5,3,8,16,0,6,10,16,32,6,203
2230504,60,0,7,0,27,34,3,7,10,20,54,0,0,0,16,16,0,4,15,19,35,5,154
2230505,19,0,0,0,10,10,3,0,4,7,17,0,3,0,3,6,0,3,3,6,12,3,51
2230506,68,0,9,0,43,52,4,6,10,20,72,0,4,0,7,11,0,0,13,13,24,6,170
2230507,66,0,12,0,53,65,6,9,18,33,98,0,0,0,6,6,3,4,11,18,24,6,194
2230508,45,0,12,3,33,48,4,5,17,26,74,0,0,0,10,10,0,7,8,15,25,6,150
2230509,43,0,5,0,45,50,0,11,14,25,75,0,3,0,13,16,3,3,4,10,26,0,144
2230510,0,0,0,0,0,0,0,0,0,0,0,0,0,0,0,0,0,0,0,0,0,0,0
2230511,60,0,21,0,96,117,12,8,17,37,154,0,0,0,5,5,0,0,6,6,11,0,225
2230512,0,0,0,0,0,0,0,0,0,0,0,0,0,0,0,0,0,0,0,0,0,0,0
2230513,40,0,0,0,28,28,8,0,0,8,36,0,0,0,15,15,0,4,8,12,27,5,108
2230601,78,0,11,3,44,58,7,12,21,40,98,0,0,4,9,13,0,3,5,8,21,0,197
2230602,41,0,6,3,29,38,3,3,19,25,63,0,3,0,10,13,0,0,11,11,24,4,132
2230603,70,0,12,0,33,45,7,4,11,22,67,0,0,0,8,8,0,0,10,10,18,4,159
2230604,45,3,3,0,19,25,3,0,13,16,41,0,5,0,10,15,0,0,11,11,26,0,112
2230605,56,4,3,0,26,33,4,4,8,16,49,0,0,0,12,12,0,3,12,15,27,0,132
2230606,51,3,7,0,30,40,0,5,5,10,50,0,0,0,19,19,0,3,5,8,27,0,128
2230607,70,0,5,0,32,37,0,0,18,18,55,0,4,3,18,25,3,3,17,23,48,3,176
2230608,39,0,5,0,22,27,0,5,8,13,40,0,4,0,7,11,3,3,11,17,28,0,107
2230609,47,0,0,3,4,7,0,3,4,7,14,0,0,0,0,0,0,0,0,0,0,0,61
2230610,43,0,3,0,13,16,0,3,6,9,25,0,0,0,3,3,0,0,6,6,9,0,77
2230611,59,0,4,5,24,33,4,3,11,18,51,0,3,0,12,15,0,0,9,9,24,3,137
2230612,90,0,3,0,16,19,0,5,10,15,34,0,0,3,3,6,0,3,3,6,12,0,136
2230613,28,0,0,0,0,0,0,0,0,0,0,0,0,0,0,0,0,0,0,0,0,0,28
2230701,21,0,0,0,9,9,0,0,3,3,12,3,0,0,3,6,0,3,6,9,15,4,52
2230702,62,3,3,0,33,39,4,3,5,12,51,0,0,0,16,16,3,6,19,28,44,0,157
2230703,33,0,0,0,19,19,0,4,5,9,28,0,0,0,3,3,0,10,6,16,19,0,80
2230704,46,0,0,0,18,18,5,3,4,12,30,0,0,0,8,8,0,9,7,16,24,0,100
2230705,35,0,7,0,15,22,0,3,8,11,33,0,0,0,6,6,0,0,7,7,13,0,81
2230706,59,0,0,4,29,33,0,3,4,7,40,0,3,0,13,16,0,7,12,19,35,3,137
2230707,25,0,4,0,8,12,5,0,0,5,17,0,0,0,4,4,0,0,11,11,15,0,57
2230708,43,0,3,0,16,19,0,3,3,6,25,0,4,3,3,10,0,0,10,10,20,4,92
2230709,72,0,9,0,56,65,7,0,12,19,84,0,3,6,16,25,0,0,16,16,41,0,197
2230710,39,0,3,0,18,21,0,0,3,3,24,0,0,0,16,16,0,3,8,11,27,4,94
2230711,66,0,5,5,30,40,3,4,10,17,57,0,3,3,14,20,0,6,17,23,43,5,171
2230712,60,0,0,0,28,28,0,6,7,13,41,0,3,0,3,6,3,0,3,6,12,3,116
2230713,45,0,0,5,27,32,0,7,7,14,46,0,0,5,9,14,0,0,7,7,21,3,115
2230714,33,0,0,0,7,7,0,5,0,5,12,0,0,3,4,7,0,0,4,4,11,0,56
2230801,83,5,6,3,47,61,3,12,35,50,111,0,0,0,9,9,5,0,9,14,23,0,217
2230802,50,0,5,0,22,27,4,4,26,34,61,0,0,5,0,5,0,4,3,7,12,0,123
2230803,77,0,10,0,69,79,14,9,32,55,134,0,4,0,7,11,0,9,8,17,28,0,239
2230804,75,0,10,5,28,43,6,4,17,27,70,0,4,0,5,9,3,3,3,9,18,3,166
2230805,68,0,10,0,24,34,3,3,24,30,64,0,0,0,5,5,5,0,14,19,24,0,156
2230806,59,0,27,4,80,111,19,16,33,68,179,0,7,0,0,7,4,3,11,18,25,3,266
2230807,67,3,31,4,85,123,26,17,26,69,192,0,3,0,14,17,5,3,8,16,33,0,292
2230808,54,0,9,5,24,38,7,16,23,46,84,6,0,0,0,6,3,0,4,7,13,0,151
2230809,29,0,7,0,38,45,4,10,10,24,69,0,0,0,6,6,5,0,10,15,21,3,122
2230810,89,0,14,3,60,77,12,9,37,58,135,3,3,0,7,13,0,4,8,12,25,4,253
2230811,95,0,11,0,36,47,4,11,26,41,88,0,0,3,7,10,0,3,15,18,28,0,211
2230812,83,0,4,0,44,48,3,7,11,21,69,0,0,0,8,8,0,4,17,21,29,0,181
2230813,89,0,18,0,80,98,24,15,26,65,163,0,0,0,19,19,0,11,12,23,42,0,294
2230814,50,0,7,0,46,53,3,6,16,25,78,0,4,0,9,13,0,5,4,9,22,3,153
2230815,35,0,3,0,21,24,7,5,10,22,46,0,0,0,4,4,0,0,0,0,4,0,85
2230901,90,0,0,4,19,23,3,10,22,35,58,0,5,0,9,14,0,0,8,8,22,0,170
2230902,74,0,10,3,52,65,3,3,25,31,96,0,0,0,18,18,4,4,13,21,39,0,209
2230903,69,5,19,0,67,91,11,10,24,45,136,0,0,0,9,9,0,0,9,9,18,3,226
2230904,60,4,0,3,33,40,5,8,6,19,59,0,3,0,15,18,0,0,11,11,29,4,152
2230905,89,3,11,4,67,85,6,6,23,35,120,0,8,0,12,20,7,5,10,22,42,0,251
2230906,37,0,5,0,31,36,0,0,7,7,43,0,0,0,10,10,0,0,9,9,19,0,99
2230907,72,3,3,3,18,27,0,0,9,9,36,0,0,0,13,13,0,5,4,9,22,4,134
2230908,130,0,16,3,51,70,12,10,30,52,122,0,3,3,8,14,4,0,0,4,18,3,273
2230909,49,0,8,7,38,53,3,3,12,18,71,0,4,0,17,21,0,0,16,16,37,3,160
2230910,47,0,20,0,84,104,10,7,13,30,134,0,3,0,3,6,0,0,8,8,14,0,195
2230911,62,0,14,11,84,109,7,9,15,31,140,0,6,0,13,19,4,3,10,17,36,0,238
2230912,16,3,4,0,22,29,8,4,5,17,46,0,3,0,0,3,0,0,3,3,6,0,68
2230913,55,0,6,4,36,46,4,0,10,14,60,3,0,0,17,20,0,3,11,14,34,0,149
2230914,72,3,13,4,96,116,6,7,22,35,151,0,3,0,14,17,0,3,4,7,24,0,247
2231001,38,4,11,4,46,65,12,26,34,72,137,0,0,0,13,13,0,0,5,5,18,4,197
2231002,68,5,22,3,83,113,18,17,58,93,206,0,4,4,13,21,6,3,21,30,51,0,325
2231003,33,0,11,5,38,54,6,7,27,40,94,0,3,0,3,6,4,3,3,10,16,0,143
2231004,62,4,21,3,35,63,19,18,63,100,163,0,3,3,3,9,7,0,11,18,27,4,256
2231005,61,0,7,5,23,35,4,5,22,31,66,4,0,0,5,9,0,0,10,10,19,3,149
2231006,53,0,21,11,51,83,7,11,28,46,129,0,4,0,11,15,3,3,21,27,42,7,231
2231007,52,0,7,0,46,53,0,7,14,21,74,0,4,0,10,14,0,4,4,8,22,3,151
2231008,60,6,4,0,38,48,4,8,19,31,79,0,0,3,16,19,0,4,8,12,31,4,174
2231009,78,4,8,4,42,58,11,7,36,54,112,0,0,0,10,10,0,0,15,15,25,0,215
2231010,52,4,10,4,39,57,15,7,39,61,118,0,0,0,11,11,5,5,15,25,36,5,211
2231011,50,3,12,3,42,60,4,4,10,18,78,0,0,0,3,3,3,3,8,14,17,3,148
2231012,63,4,21,4,47,76,10,19,36,65,141,0,0,0,11,11,0,4,24,28,39,3,246
2231101,63,0,6,5,52,63,6,8,29,43,106,0,0,0,11,11,3,0,4,7,18,3,190
2231102,18,0,0,0,15,15,0,6,7,13,28,0,0,0,4,4,0,0,7,7,11,3,60
2231103,64,0,0,3,22,25,0,16,29,45,70,0,4,0,5,9,3,0,11,14,23,0,157
2231104,66,0,9,3,62,74,7,8,15,30,104,0,3,0,13,16,4,0,14,18,34,4,208
2231105,79,0,13,0,47,60,0,6,20,26,86,0,5,0,10,15,3,6,10,19,34,4,203
2231106,50,5,7,0,30,42,0,10,17,27,69,0,0,0,5,5,0,6,9,15,20,5,144
2231107,31,0,0,0,18,18,0,4,9,13,31,0,0,0,4,4,0,7,0,7,11,0,73
2231108,79,0,9,0,58,67,6,8,15,29,96,0,3,0,18,21,4,3,8,15,36,4,215
2231109,63,0,13,5,80,98,6,4,13,23,121,0,3,3,9,15,3,3,14,20,35,4,223
2231110,47,0,6,0,53,59,0,5,8,13,72,0,0,0,9,9,0,0,7,7,16,6,141
2231111,43,0,6,0,29,35,5,4,3,12,47,0,3,0,3,6,0,7,5,12,18,0,108
2231112,40,0,6,0,30,36,5,10,13,28,64,0,0,0,6,6,3,0,9,12,18,6,128
2231113,57,0,4,0,23,27,3,3,15,21,48,0,0,0,8,8,3,0,10,13,21,0,126
2231114,68,0,10,5,32,47,5,0,27,32,79,3,3,0,10,16,0,5,21,26,42,0,189
2231115,86,0,14,0,50,64,18,13,41,72,136,0,6,0,11,17,6,4,8,18,35,5,262
2231116,64,0,7,3,74,84,0,6,12,18,102,0,4,0,6,10,4,0,7,11,21,0,187
2231117,68,0,11,0,94,105,0,10,16,26,131,0,3,0,11,14,0,3,0,3,17,0,216
2231201,77,0,4,0,17,21,0,4,11,15,36,0,0,0,8,8,0,3,10,13,21,0,134
2231202,56,0,6,0,34,40,0,4,14,18,58,0,0,0,6,6,0,0,8,8,14,6,134
2231203,92,0,0,0,43,43,5,9,23,37,80,0,0,0,14,14,4,4,13,21,35,6,213
2231204,56,0,10,0,28,38,7,8,25,40,78,3,3,3,3,12,0,3,13,16,28,3,165
2231205,83,0,7,4,42,53,0,0,13,13,66,0,0,0,4,4,0,5,11,16,20,8,177
2231206,36,0,11,0,27,38,8,0,9,17,55,0,3,0,9,12,0,0,8,8,20,3,114
2231207,80,0,6,3,31,40,4,7,13,24,64,0,5,0,4,9,0,10,15,25,34,4,182
2231208,33,0,3,5,18,26,0,5,9,14,40,0,0,0,7,7,0,8,3,11,18,0,91
2231209,58,0,8,5,28,41,6,3,16,25,66,0,0,4,8,12,3,3,9,15,27,3,154
2231210,42,0,5,0,27,32,0,0,14,14,46,0,0,0,9,9,0,0,4,4,13,4,105
2231211,85,6,6,3,45,60,3,4,10,17,77,4,0,0,8,12,3,0,11,14,26,0,188
2231212,68,0,7,0,43,50,4,5,18,27,77,0,3,0,8,11,0,0,14,14,25,6,176
2231213,59,0,8,0,37,45,5,0,7,12,57,0,4,0,13,17,4,4,12,20,37,12,165
2231214,39,0,0,0,31,31,4,0,4,8,39,0,0,0,6,6,4,3,6,13,19,0,97
2231215,63,5,7,0,31,43,3,6,0,9,52,0,0,0,4,4,0,4,18,22,26,0,141
2231216,51,0,10,0,42,52,8,3,14,25,77,0,0,4,11,15,0,0,8,8,23,0,151
2231301,67,0,6,0,28,34,0,6,14,20,54,0,3,4,5,12,0,4,8,12,24,5,150
2231302,68,3,4,4,31,42,4,3,8,15,57,0,3,0,14,17,0,4,12,16,33,4,162
2231303,32,0,5,0,21,26,0,0,6,6,32,0,0,0,0,0,0,0,9,9,9,4,77
2231304,33,0,0,0,13,13,0,0,0,0,13,0,0,0,7,7,0,3,4,7,14,7,67
2231305,60,0,0,0,22,22,3,3,14,20,42,0,4,0,19,23,0,3,15,18,41,7,150
2231306,27,0,0,0,10,10,0,3,4,7,17,0,0,0,5,5,0,0,6,6,11,0,55
2231307,39,3,0,0,12,15,0,0,6,6,21,0,0,0,6,6,3,3,3,9,15,5,80
2231308,87,0,4,0,24,28,3,8,3,14,42,0,4,0,6,10,0,3,12,15,25,0,154
2231309,41,0,3,0,26,29,3,0,16,19,48,0,0,3,9,12,0,3,7,10,22,4,115
2231401,85,4,6,3,41,54,5,6,16,27,81,0,3,0,4,7,0,5,5,10,17,0,183
2231402,80,3,10,6,71,90,7,9,24,40,130,0,4,0,10,14,3,3,7,13,27,4,241
2231403,78,3,13,3,73,92,9,7,33,49,141,0,0,0,9,9,6,4,13,23,32,0,251
2231404,60,0,8,0,45,53,4,12,13,29,82,0,3,0,3,6,3,3,9,15,21,4,167
2231405,68,0,4,0,32,36,9,0,10,19,55,3,3,4,9,19,3,0,15,18,37,3,163
2231406,68,5,14,0,79,98,8,5,22,35,133,0,0,0,9,9,0,6,12,18,27,3,231
2231407,49,0,0,0,46,46,3,0,12,15,61,0,0,0,7,7,0,0,9,9,16,0,126
2231408,72,0,15,3,49,67,14,8,18,40,107,0,3,0,4,7,6,4,8,18,25,5,209
2231409,47,0,0,6,23,29,4,0,9,13,42,0,3,3,4,10,3,4,3,10,20,3,112
2231410,24,0,0,0,17,17,0,4,6,10,27,0,4,0,0,4,0,0,6,6,10,0,61
2231411,49,0,3,0,23,26,0,4,5,9,35,0,3,0,5,8,3,3,3,9,17,0,101
2231501,56,0,3,3,16,22,0,0,8,8,30,0,4,0,4,8,0,0,7,7,15,0,101
2231502,58,0,8,0,52,60,0,0,20,20,80,0,4,0,4,8,0,3,11,14,22,6,166
2231503,70,0,6,3,31,40,3,5,13,21,61,0,0,0,9,9,0,4,15,19,28,0,159
2231504,57,0,5,3,43,51,3,6,20,29,80,0,0,0,5,5,0,0,5,5,10,4,151
2231505,81,4,6,0,40,50,3,13,21,37,87,3,3,3,4,13,0,0,15,15,28,6,202
2231506,58,0,7,0,24,31,0,5,7,12,43,0,0,0,0,0,0,0,9,9,9,0,110
2231507,63,0,4,4,29,37,0,3,16,19,56,0,0,0,0,0,5,0,10,15,15,0,134
2231508,46,0,0,0,32,32,0,5,12,17,49,0,0,0,8,8,0,3,5,8,16,3,114
2231509,17,0,4,0,14,18,0,6,9,15,33,0,0,0,6,6,3,0,3,6,12,0,62
2231510,36,0,6,0,19,25,5,0,7,12,37,0,0,0,6,6,0,0,6,6,12,0,85
2231511,51,0,3,3,31,37,4,4,17,25,62,0,0,0,8,8,0,5,10,15,23,3,139
2231512,52,0,6,0,31,37,3,3,15,21,58,0,0,0,7,7,6,3,9,18,25,5,140
2231513,75,3,4,3,58,68,3,14,16,33,101,0,4,0,7,11,4,4,17,25,36,0,212
2231514,88,0,11,0,49,60,5,7,23,35,95,3,3,0,15,21,0,0,11,11,32,3,218
2231515,41,0,0,0,21,21,0,3,10,13,34,3,3,3,0,9,0,0,5,5,14,6,95
2231516,12,0,0,0,7,7,0,3,4,7,14,0,0,0,5,5,0,0,5,5,10,0,36
2231517,49,0,0,0,20,20,0,0,6,6,26,0,0,5,8,13,0,0,7,7,20,4,99
2231601,59,0,4,0,44,48,5,7,17,29,77,0,3,3,16,22,0,0,18,18,40,0,176
2231602,41,0,8,0,33,41,4,7,5,16,57,0,0,0,0,0,0,0,11,11,11,4,113
2231603,45,0,3,5,30,38,0,4,4,8,46,0,0,0,6,6,0,0,15,15,21,3,115
2231604,45,0,11,3,50,64,3,3,8,14,78,3,3,3,11,20,0,0,12,12,32,3,158
2231605,63,0,8,0,30,38,4,4,8,16,54,0,0,0,4,4,0,3,3,6,10,0,127
2231606,53,0,0,4,35,39,3,4,4,11,50,0,0,0,14,14,0,4,15,19,33,0,136
2231607,67,0,3,4,54,61,5,5,18,28,89,0,3,3,16,22,7,3,18,28,50,6,212
2231608,46,0,0,0,31,31,0,0,5,5,36,0,3,0,4,7,0,7,9,16,23,3,108
2231609,97,3,6,3,69,81,4,4,15,23,104,0,0,5,4,9,5,0,11,16,25,3,229
2231701,82,5,21,13,63,102,13,25,60,98,200,0,0,0,6,6,4,3,18,25,31,0,313
2231702,65,0,16,0,39,55,5,0,23,28,83,0,5,0,13,18,0,5,17,22,40,5,193
2231703,60,3,5,3,29,40,6,4,26,36,76,0,0,6,4,10,0,5,6,11,21,4,161
2231704,83,0,5,3,49,57,0,3,30,33,90,3,3,0,13,19,0,6,18,24,43,4,220
2231705,21,0,4,0,13,17,4,0,9,13,30,0,0,0,0,0,0,0,10,10,10,8,69
2231706,81,3,4,3,40,50,3,7,32,42,92,0,4,0,15,19,5,5,23,33,52,7,232
2231707,55,0,14,4,37,55,11,4,27,42,97,0,0,3,8,11,8,0,8,16,27,4,183
2231708,84,0,3,0,41,44,7,7,37,51,95,0,4,0,9,13,3,3,19,25,38,4,221
2231709,50,0,6,0,33,39,8,7,18,33,72,0,0,0,11,11,3,8,8,19,30,3,155
2231710,52,0,0,6,35,41,11,5,26,42,83,0,0,0,14,14,3,0,18,21,35,4,174
2231711,40,4,8,0,29,41,9,7,28,44,85,0,0,4,8,12,4,0,7,11,23,0,148
2231801,54,3,5,10,27,45,3,6,26,35,80,0,5,0,6,11,0,4,12,16,27,0,161
2231802,48,0,0,0,63,63,5,5,5,15,78,0,0,0,0,0,4,5,4,13,13,6,145
2231803,57,5,11,0,26,42,6,6,18,30,72,4,0,0,9,13,3,4,20,27,40,6,175
2231804,53,0,7,3,29,39,3,3,19,25,64,0,5,0,0,5,4,0,13,17,22,0,139
2231805,63,0,11,4,23,38,5,3,26,34,72,0,0,0,4,4,0,4,19,23,27,4,166
2231806,53,0,5,0,43,48,0,4,13,17,65,0,0,0,12,12,0,0,15,15,27,5,150
2231807,53,3,23,3,65,94,14,13,51,78,172,0,5,0,15,20,6,5,10,21,41,13,279
2231808,37,4,3,3,24,34,3,4,6,13,47,0,0,0,11,11,5,0,4,9,20,0,104
2231809,25,4,7,3,31,45,3,0,15,18,63,0,3,0,3,6,0,0,9,9,15,3,106
2231810,58,0,11,9,60,80,15,11,39,65,145,3,3,0,18,24,5,0,18,23,47,3,253
2231811,20,0,5,0,24,29,4,0,3,7,36,3,0,0,7,10,0,3,6,9,19,3,78
2231812,13,0,3,3,30,36,0,3,12,15,51,0,0,3,8,11,3,4,4,11,22,3,89
2240101,69,7,26,3,134,170,8,13,27,48,218,0,8,0,8,16,0,3,12,15,31,0,318
2240102,60,0,21,6,90,117,11,16,36,63,180,0,4,0,6,10,0,3,6,9,19,0,259
2240103,66,11,25,6,103,145,18,19,29,66,211,0,5,0,8,13,0,0,0,0,13,4,294
2240104,77,9,31,5,138,183,13,15,23,51,234,0,3,0,15,18,3,6,12,21,39,5,355
2240105,0,0,3,0,3,6,0,6,6,12,18,0,0,0,0,0,0,0,3,3,3,0,21
2240106,91,0,28,6,76,110,15,24,36,75,185,0,9,0,15,24,0,3,9,12,36,3,315
2240107,71,6,32,5,107,150,16,20,25,61,211,6,11,0,8,25,3,3,5,11,36,0,318
2240108,43,5,27,10,108,150,19,30,35,84,234,0,0,0,12,12,7,0,4,11,23,0,300
2240109,84,7,11,7,68,93,21,17,36,74,167,0,3,0,9,12,5,5,7,17,29,0,280
2240110,20,0,7,0,29,36,6,6,4,16,52,0,0,0,0,0,0,0,0,0,0,0,72
2240111,34,3,12,0,48,63,4,6,17,27,90,0,0,0,15,15,0,5,10,15,30,3,157
2240112,35,3,19,4,71,97,8,13,17,38,135,0,3,0,6,9,0,3,3,6,15,0,185
2240113,60,0,22,5,134,161,13,12,18,43,204,0,3,0,15,18,0,3,0,3,21,3,288
2240114,49,0,9,4,102,115,7,10,18,35,150,0,0,0,9,9,0,0,5,5,14,0,213
2240115,51,4,22,3,94,123,12,23,24,59,182,0,5,0,7,12,5,0,3,8,20,4,257
2240116,57,3,16,7,93,119,8,16,20,44,163,0,0,0,6,6,0,3,4,7,13,3,236
2240201,146,0,12,5,83,100,11,9,4,24,124,0,0,0,8,8,0,0,6,6,14,0,284
2240202,46,0,22,6,67,95,5,9,18,32,127,0,5,0,5,10,4,0,8,12,22,4,199
2240203,61,0,14,3,42,59,8,6,20,34,93,0,5,0,12,17,0,0,11,11,28,3,185
2240204,42,0,26,9,62,97,13,23,38,74,171,0,0,0,11,11,5,4,5,14,25,5,243
2240205,51,0,31,8,80,119,23,20,36,79,198,0,3,3,3,9,0,6,3,9,18,0,267
2240206,69,3,8,0,91,102,7,6,18,31,133,0,3,0,14,17,0,6,9,15,32,0,234
2240207,45,9,14,8,44,75,19,13,26,58,133,0,3,3,3,9,0,5,13,18,27,0,205
2240208,64,0,17,0,52,69,11,16,28,55,124,3,3,0,11,17,5,3,4,12,29,0,217
2240209,50,0,9,0,59,68,6,6,15,27,95,0,0,7,21,28,0,4,6,10,38,3,186
2240210,3,0,0,0,3,3,0,0,0,0,3,0,0,0,0,0,0,0,0,0,0,0,6
2240211,29,0,7,4,33,44,3,4,18,25,69,0,4,0,3,7,0,0,8,8,15,5,118
2240212,0,0,0,0,0,0,0,0,0,0,0,0,0,0,0,0,0,0,0,0,0,0,0
2240213,69,0,0,0,0,0,0,0,0,0,0,0,0,0,0,0,0,0,0,0,0,0,69
2240301,54,4,13,5,40,62,9,13,11,33,95,0,5,4,11,20,5,3,9,17,37,0,186
2240302,54,5,7,0,62,74,6,10,17,33,107,0,0,4,12,16,7,5,11,23,39,3,203
2240303,60,5,18,0,61,84,8,18,17,43,127,0,3,0,6,9,0,3,5,8,17,3,207
2240304,49,7,18,3,62,90,6,22,15,43,133,0,3,0,5,8,0,5,5,10,18,0,200
2240305,49,3,4,0,42,49,0,9,6,15,64,0,4,7,10,21,0,7,5,12,33,0,146
2240306,61,4,16,5,80,105,4,6,16,26,131,0,6,5,17,28,5,0,6,11,39,3,234
2240307,42,5,13,0,53,71,16,10,17,43,114,0,8,0,13,21,5,4,12,21,42,5,203
2240308,49,3,13,3,67,86,6,17,14,37,123,3,3,0,10,16,0,5,8,13,29,0,201
2240309,55,0,19,6,58,83,11,12,16,39,122,0,0,0,18,18,5,6,12,23,41,0,218
2240310,32,4,20,4,58,86,13,14,11,38,124,0,5,0,5,10,0,0,0,0,10,0,166
2240311,44,4,20,3,57,84,0,11,20,31,115,0,5,3,6,14,3,0,3,6,20,0,179
2240401,54,0,9,0,59,68,8,11,23,42,110,0,0,0,16,16,0,0,15,15,31,5,200
2240402,47,0,9,5,38,52,12,14,26,52,104,0,0,0,9,9,0,0,11,11,20,0,171
2240403,49,5,27,0,97,129,11,16,15,42,171,0,8,0,10,18,0,0,0,0,18,0,238
2240404,69,0,20,10,98,128,10,8,20,38,166,0,4,4,13,21,4,0,7,11,32,0,267
2240405,35,0,15,5,63,83,8,16,12,36,119,0,4,0,8,12,0,0,0,0,12,0,166
2240406,53,0,18,5,78,101,10,12,12,34,135,0,3,0,19,22,0,8,6,14,36,0,224
2240407,50,3,10,7,58,78,0,5,21,26,104,0,0,6,9,15,3,0,10,13,28,0,182
2240408,46,3,9,4,62,78,5,11,25,41,119,4,5,0,16,25,3,8,14,25,50,0,215
2240409,26,0,22,5,84,111,9,10,13,32,143,0,0,0,4,4,0,0,0,0,4,0,173
2240410,21,0,5,0,23,28,4,8,6,18,46,0,0,0,6,6,0,0,0,0,6,0,73
2240411,56,4,22,5,116,147,11,15,27,53,200,0,0,0,11,11,0,8,3,11,22,0,278
2240412,57,0,17,8,117,142,8,6,13,27,169,0,3,0,9,12,0,0,3,3,15,0,241
2240413,30,0,8,0,40,48,0,4,6,10,58,0,0,0,3,3,0,0,6,6,9,0,97
2240414,17,7,29,0,80,116,5,6,15,26,142,0,3,0,3,6,0,0,0,0,6,0,165
2240415,67,0,14,0,68,82,6,7,12,25,107,0,0,0,17,17,0,5,6,11,28,0,202
2240416,55,4,25,0,88,117,10,10,16,36,153,0,0,0,7,7,0,3,5,8,15,0,223
2240417,48,0,19,3,73,95,6,4,14,24,119,0,0,0,0,0,0,0,0,0,0,0,167
2240418,10,0,3,0,15,18,0,4,4,8,26,0,0,0,0,0,0,0,0,0,0,0,36
2240501,43,0,4,3,30,37,5,4,10,19,56,0,0,4,5,9,0,0,9,9,18,0,117
2240502,35,0,4,0,29,33,9,3,13,25,58,0,0,0,5,5,0,4,7,11,16,5,114
2240503,95,0,9,10,56,75,7,11,27,45,120,0,0,6,16,22,3,3,16,22,44,3,262
2240504,53,0,10,9,41,60,4,8,18,30,90,0,0,0,8,8,0,0,11,11,19,0,162
2240505,15,0,0,0,12,12,0,5,3,8,20,0,3,3,5,11,0,9,0,9,20,4,59
2240506,63,0,0,0,27,27,13,3,18,34,61,5,0,0,8,13,0,6,20,26,39,0,163
2240507,41,0,0,0,18,18,5,0,5,10,28,0,9,0,11,20,0,3,14,17,37,6,112
2240508,82,6,15,0,62,83,6,16,26,48,131,0,3,0,13,16,0,5,10,15,31,0,244
2240509,56,0,4,0,22,26,0,0,7,7,33,0,0,0,11,11,5,0,9,14,25,5,119
2240601,78,5,18,9,102,134,10,6,28,44,178,0,8,0,18,26,0,0,12,12,38,4,298
2240602,49,3,0,4,35,42,5,3,8,16,58,0,4,0,9,13,0,0,14,14,27,4,138
2240603,51,0,9,0,39,48,0,0,24,24,72,0,3,3,12,18,0,4,12,16,34,4,161
2240604,48,0,6,9,42,57,7,0,15,22,79,0,6,0,16,22,3,3,8,14,36,5,168
2240605,57,0,5,4,39,48,8,0,32,40,88,3,3,0,5,11,0,0,11,11,22,7,174
2240606,82,6,10,6,39,61,13,12,32,57,118,0,3,3,13,19,0,3,17,20,39,0,239
2240607,91,0,9,4,63,76,6,12,41,59,135,0,6,0,12,18,0,5,12,17,35,0,261
2240608,63,3,12,0,59,74,4,10,22,36,110,0,7,0,15,22,0,0,10,10,32,0,205
2240609,34,0,4,3,19,26,3,4,15,22,48,0,0,0,4,4,0,0,3,3,7,3,92
2240610,37,0,3,5,35,43,9,3,19,31,74,0,0,0,7,7,0,8,7,15,22,0,133
2240611,55,3,12,8,20,43,8,9,17,34,77,0,3,0,7,10,3,0,8,11,21,4,157
2240612,44,4,17,7,125,153,7,6,25,38,191,0,7,0,11,18,0,0,9,9,27,3,265
2240613,38,0,9,7,48,64,8,10,10,28,92,0,0,0,7,7,3,4,10,17,24,0,154
2240701,63,0,18,0,42,60,4,8,21,33,93,0,0,0,9,9,0,0,11,11,20,0,176
2240702,38,0,6,0,35,41,8,9,13,30,71,0,5,0,26,31,0,4,9,13,44,0,153
2240703,75,4,11,0,40,55,6,6,30,42,97,0,0,0,12,12,3,5,15,23,35,0,207
2240704,86,5,3,0,52,60,9,7,29,45,105,0,3,0,15,18,0,7,17,24,42,4,237
2240705,74,3,11,3,42,59,4,12,39,55,114,0,4,0,22,26,5,3,13,21,47,3,238
2240706,85,0,7,5,52,64,9,10,30,49,113,0,0,7,6,13,0,9,14,23,36,6,240
2240707,70,0,10,0,40,50,5,0,29,34,84,0,6,3,9,18,0,3,10,13,31,8,193
2240708,97,3,15,3,37,58,10,19,45,74,132,0,0,0,12,12,4,4,18,26,38,4,271
2240709,88,0,12,0,35,47,8,9,35,52,99,0,0,3,6,9,0,5,10,15,24,6,217
2240710,19,0,0,0,20,20,0,3,9,12,32,0,3,3,5,11,0,0,6,6,17,3,71
2240711,47,0,4,0,19,23,0,4,3,7,30,0,5,0,5,10,0,0,7,7,17,4,98
2240801,72,3,3,6,52,64,4,4,16,24,88,0,0,3,26,29,5,3,13,21,50,3,213
2240802,66,0,5,3,29,37,0,6,11,17,54,0,0,3,11,14,0,5,22,27,41,5,166
2240803,57,0,5,0,24,29,4,3,7,14,43,0,6,0,12,18,0,4,12,16,34,5,139
2240804,73,0,0,5,34,39,4,6,26,36,75,0,4,3,15,22,0,4,18,22,44,4,196
2240805,79,6,11,3,38,58,12,6,41,59,117,0,0,0,16,16,4,3,8,15,31,3,230
2240806,59,0,6,0,36,42,3,9,12,24,66,3,4,3,13,23,0,3,15,18,41,4,170
2240807,29,0,3,0,23,26,3,0,7,10,36,3,0,3,7,13,0,3,3,6,19,3,87
2240808,61,0,12,0,52,64,5,6,20,31,95,0,0,0,9,9,4,0,5,9,18,3,177
2240809,44,4,5,0,28,37,4,0,13,17,54,0,0,0,10,10,0,0,12,12,22,0,120
2240810,53,3,9,0,38,50,3,7,18,28,78,0,3,5,9,17,3,0,12,15,32,0,163
2240811,63,3,11,3,44,61,0,5,26,31,92,0,6,0,16,22,0,0,14,14,36,0,191
2240812,34,4,0,3,17,24,4,0,14,18,42,3,0,3,6,12,0,3,6,9,21,0,97
2240813,58,0,9,0,30,39,4,8,15,27,66,0,0,0,18,18,0,0,5,5,23,6,153
2240814,41,4,0,0,14,18,3,3,9,15,33,0,0,0,6,6,0,0,10,10,16,4,94
2240901,89,3,7,10,50,70,3,10,29,42,112,0,0,0,21,21,3,3,19,25,46,0,247
2240902,90,0,14,4,51,69,4,8,27,39,108,0,4,0,12,16,0,5,10,15,31,5,234
2240903,54,0,0,3,32,35,6,0,9,15,50,0,4,4,15,23,0,10,12,22,45,8,157
2240904,56,0,8,0,33,41,5,4,18,27,68,0,0,0,16,16,0,0,21,21,37,6,167
2240905,25,0,4,0,9,13,0,4,8,12,25,0,3,0,7,10,0,3,10,13,23,4,77
2240906,71,0,5,4,46,55,4,5,16,25,80,0,0,0,4,4,0,3,13,16,20,5,176
2240907,20,0,0,0,8,8,0,0,11,11,19,0,0,0,9,9,4,0,3,7,16,0,55
2240908,49,0,7,0,26,33,5,0,14,19,52,0,0,4,8,12,3,4,10,17,29,0,130
2240909,51,0,14,0,40,54,6,15,24,45,99,0,0,5,14,19,0,0,15,15,34,3,187
2240910,66,5,0,3,37,45,5,3,21,29,74,6,0,0,8,14,0,3,13,16,30,0,170
2241001,89,0,7,0,49,56,9,6,26,41,97,0,5,0,17,22,0,4,12,16,38,0,224
2241002,87,3,6,4,63,76,5,9,20,34,110,0,0,0,16,16,0,5,15,20,36,0,233
2241003,24,0,7,7,44,58,0,9,13,22,80,0,0,0,6,6,0,0,5,5,11,0,115
2241004,79,3,22,3,84,112,10,16,16,42,154,3,4,5,15,27,0,0,22,22,49,0,282
2241005,86,0,5,11,41,57,7,5,35,47,104,0,0,0,17,17,5,4,18,27,44,6,240
2241006,62,0,5,6,23,34,0,4,6,10,44,0,9,3,19,31,0,5,11,16,47,0,153
2241007,72,0,9,0,43,52,5,3,15,23,75,5,6,0,20,31,5,3,10,18,49,5,201
2241008,92,0,10,8,78,96,9,7,22,38,134,0,4,0,14,18,0,3,7,10,28,3,257
2241009,37,0,7,5,12,24,3,10,11,24,48,0,0,0,7,7,3,6,10,19,26,0,111
2241010,47,0,7,4,30,41,3,4,15,22,63,0,0,3,19,22,10,0,10,20,42,0,152
2241011,72,3,9,3,51,66,10,8,25,43,109,0,5,0,23,28,0,0,28,28,56,3,240
2241012,38,0,6,0,19,25,0,5,21,26,51,0,0,0,5,5,3,0,7,10,15,0,104
2241013,49,4,8,0,35,47,5,7,22,34,81,0,0,0,9,9,0,4,14,18,27,0,157
2241014,15,0,0,0,10,10,0,0,4,4,14,0,0,0,3,3,0,0,4,4,7,0,36
2241101,80,0,7,5,36,48,7,11,17,35,83,0,6,0,15,21,0,7,16,23,44,0,207
2241102,36,0,11,4,24,39,5,3,19,27,66,0,0,0,8,8,0,0,9,9,17,0,119
2241103,65,0,5,7,14,26,0,4,9,13,39,0,4,0,18,22,4,0,13,17,39,3,146
2241104,77,0,9,0,23,32,0,5,20,25,57,0,0,0,18,18,6,4,10,20,38,4,176
2241105,39,3,0,0,20,23,0,4,23,27,50,0,4,4,14,22,0,9,0,9,31,0,120
2241106,63,4,11,3,45,63,12,10,17,39,102,0,5,0,4,9,0,0,15,15,24,0,189
2241107,95,0,13,3,50,66,5,8,21,34,100,0,6,0,18,24,5,3,14,22,46,4,245
2241108,58,0,0,0,43,43,5,3,16,24,67,0,4,0,14,18,3,6,12,21,39,0,164
2241109,72,0,16,0,43,59,5,4,25,34,93,0,3,0,19,22,0,5,22,27,49,6,220
2241110,29,0,3,0,17,20,9,3,9,21,41,0,0,4,6,10,0,0,7,7,17,4,91
2241111,16,0,3,3,7,13,0,0,4,4,17,0,0,0,6,6,0,0,7,7,13,0,46
2241201,55,0,0,7,24,31,0,0,10,10,41,0,0,0,7,7,0,0,15,15,22,0,118
2241202,66,0,5,6,24,35,5,0,18,23,58,0,5,0,7,12,0,0,15,15,27,0,151
2241203,63,0,0,0,46,46,4,3,17,24,70,0,3,0,23,26,0,4,15,19,45,4,182
2241204,64,0,5,0,39,44,0,7,16,23,67,0,4,0,14,18,5,4,16,25,43,0,174
2241205,59,5,8,0,30,43,4,5,18,27,70,0,4,0,10,14,0,0,14,14,28,4,161
2241206,46,3,5,4,33,45,6,0,17,23,68,0,7,0,5,12,5,0,5,10,22,4,140
2241207,51,3,17,3,50,73,8,5,14,27,100,0,5,0,9,14,3,0,14,17,31,11,193
2241208,40,0,10,0,35,45,8,0,17,25,70,3,0,0,14,17,0,7,7,14,31,6,147
2241209,68,0,6,0,45,51,5,4,30,39,90,0,5,0,15,20,0,0,11,11,31,0,189
2241210,48,0,5,5,24,34,13,3,9,25,59,0,3,0,8,11,0,3,10,13,24,0,131
2241211,70,5,0,0,30,35,4,10,19,33,68,0,7,0,8,15,0,7,0,7,22,5,165
2241212,59,0,6,0,25,31,6,6,18,30,61,3,3,0,15,21,5,0,11,16,37,0,157
2241213,37,0,7,0,20,27,3,3,5,11,38,0,3,0,7,10,0,3,5,8,18,0,93
2241301,62,0,8,3,47,58,5,11,21,37,95,0,0,0,11,11,0,3,6,9,20,0,177
2241302,84,0,11,3,53,67,12,8,24,44,111,0,0,3,19,22,3,3,19,25,47,8,250
2241303,88,7,9,0,57,73,6,11,33,50,123,3,4,0,18,25,0,9,16,25,50,3,264
2241304,68,0,8,4,51,63,7,5,20,32,95,0,6,7,12,25,0,0,21,21,46,4,213
2241305,82,3,6,3,51,63,8,6,18,32,95,0,0,0,26,26,0,5,16,21,47,0,224
2241306,38,0,10,6,32,48,7,4,10,21,69,0,0,0,9,9,0,4,4,8,17,0,124
2241307,36,0,0,0,39,39,10,3,13,26,65,0,3,0,10,13,3,0,7,10,23,5,129
2241308,57,4,5,0,28,37,10,4,22,36,73,3,0,0,11,14,0,7,15,22,36,0,166
2241309,108,4,11,0,55,70,9,10,29,48,118,0,0,0,15,15,8,0,16,24,39,6,271
2241310,74,0,6,3,35,44,10,4,16,30,74,0,0,0,13,13,0,8,8,16,29,0,177
2241311,60,0,8,0,26,34,7,5,14,26,60,0,0,0,6,6,0,0,12,12,18,0,138
2241312,74,0,6,3,26,35,6,7,22,35,70,0,4,4,6,14,0,0,13,13,27,4,175
2241313,0,0,0,0,0,0,0,0,0,0,0,0,0,0,0,0,0,0,0,0,0,0,0
2241314,18,0,6,0,7,13,4,5,7,16,29,0,3,0,0,3,0,0,3,3,6,0,53
2241401,62,4,10,4,32,50,8,13,13,34,84,0,6,0,4,10,5,0,8,13,23,3,172
2241402,72,0,14,3,48,65,5,10,27,42,107,0,0,0,10,10,0,0,15,15,25,5,209
2241403,58,0,20,6,42,68,12,10,33,55,123,4,0,0,3,7,5,5,11,21,28,4,213
2241404,78,0,15,0,55,70,10,6,35,51,121,0,0,0,17,17,6,7,19,32,49,5,253
2241405,50,0,8,0,36,44,16,7,28,51,95,0,0,0,5,5,5,0,6,11,16,3,164
2241406,50,0,9,3,34,46,13,12,23,48,94,0,4,0,10,14,0,5,16,21,35,3,182
2241407,67,5,6,5,56,72,18,25,37,80,152,0,3,0,7,10,0,9,17,26,36,3,258
2241408,66,0,7,6,38,51,9,12,25,46,97,0,0,0,13,13,3,4,12,19,32,0,195
2241409,70,0,6,0,12,18,3,7,11,21,39,0,0,0,5,5,0,0,7,7,12,0,121
2241410,64,0,8,6,43,57,3,16,35,54,111,0,5,0,6,11,0,3,8,11,22,0,197
2241411,71,8,23,3,54,88,29,30,51,110,198,4,4,0,8,16,7,3,10,20,36,4,309
2241412,38,0,13,0,42,55,6,13,21,40,95,0,4,0,8,12,0,6,0,6,18,5,156
2241413,47,0,14,0,38,52,18,15,14,47,99,0,4,0,0,4,3,4,6,13,17,3,166
2241414,44,6,20,0,28,54,14,24,20,58,112,3,0,0,3,6,4,3,3,10,16,0,172
2241501,77,5,16,5,51,77,18,16,41,75,152,0,0,0,10,10,6,6,7,19,29,0,258
2241502,86,6,10,3,38,57,15,10,36,61,118,0,6,0,7,13,3,5,8,16,29,0,233
2241503,68,5,31,10,51,97,14,20,33,67,164,0,5,0,11,16,5,3,19,27,43,8,283
2241504,23,3,18,0,30,51,5,10,22,37,88,0,0,0,4,4,3,0,4,7,11,4,126
2241505,58,5,16,0,52,73,21,14,38,73,146,0,3,0,13,16,0,5,12,17,33,0,237
2241506,35,3,14,6,34,57,9,9,13,31,88,0,3,4,6,13,3,6,8,17,30,0,153
2241507,53,5,11,0,44,60,16,14,25,55,115,0,7,0,9,16,0,0,11,11,27,0,195
2241508,31,6,16,3,33,58,8,21,17,46,104,0,0,0,5,5,0,6,4,10,15,0,150
2241509,51,0,13,0,42,55,7,8,27,42,97,0,0,0,12,12,5,0,14,19,31,0,179
2241510,42,3,14,3,44,64,16,21,34,71,135,0,0,3,11,14,0,4,10,14,28,0,205
2241511,73,5,38,6,64,113,22,33,56,111,224,0,3,0,4,7,0,5,11,16,23,4,324
2241512,66,0,45,9,82,136,16,33,52,101,237,0,3,0,6,9,3,6,11,20,29,5,337
2241513,14,0,5,0,13,18,4,3,8,15,33,0,0,0,3,3,3,0,3,6,9,0,56
2241514,48,8,21,7,87,123,17,31,37,85,208,0,0,4,10,14,0,3,14,17,31,6,293
2241601,36,4,18,5,46,73,15,10,31,56,129,4,4,0,12,20,0,7,13,20,40,3,208
2241602,31,0,3,3,30,36,0,3,12,15,51,0,6,0,9,15,5,0,6,11,26,0,108
2241603,27,0,0,0,27,27,5,0,24,29,56,0,3,0,7,10,5,0,6,11,21,5,109
2241604,69,4,11,9,31,55,4,6,34,44,99,0,0,5,12,17,0,3,10,13,30,4,202
2241605,64,0,7,3,38,48,3,3,15,21,69,0,4,0,11,15,0,5,9,14,29,0,162
2241606,44,0,3,9,26,38,0,7,10,17,55,0,0,0,8,8,0,0,5,5,13,0,112
2241607,56,3,19,0,55,77,21,20,31,72,149,0,0,4,16,20,3,7,7,17,37,0,242
2241608,69,5,17,0,55,77,6,12,24,42,119,0,3,0,9,12,4,4,23,31,43,0,231
2241609,71,0,29,6,95,130,16,29,30,75,205,0,9,0,5,14,6,3,4,13,27,3,306
2241610,62,0,0,0,0,0,0,0,0,0,0,0,0,0,0,0,0,0,0,0,0,0,62
2241611,87,4,3,8,47,62,10,9,33,52,114,0,4,0,9,13,4,8,19,31,44,8,253
2241612,69,6,16,4,89,115,9,18,33,60,175,0,6,0,16,22,5,3,12,20,42,0,286
2241613,48,3,10,4,31,48,10,7,27,44,92,0,0,0,8,8,0,0,13,13,21,0,161
2241701,87,0,12,0,28,40,7,4,16,27,67,0,4,0,6,10,0,3,10,13,23,4,181
2241702,53,5,19,0,33,57,11,14,30,55,112,0,0,0,9,9,0,5,10,15,24,0,189
2241703,52,3,8,5,60,76,7,17,24,48,124,0,0,0,0,0,0,4,11,15,15,6,197
2241704,60,0,5,3,43,51,7,7,14,28,79,0,7,0,14,21,0,0,10,10,31,4,174
2241705,69,0,3,5,41,49,5,6,20,31,80,0,5,0,12,17,0,5,13,18,35,0,184
2241706,73,0,12,4,32,48,3,4,12,19,67,0,4,5,6,15,0,4,12,16,31,0,171
2241707,76,0,10,3,42,55,3,7,12,22,77,0,4,0,16,20,0,3,17,20,40,3,196
2241708,41,0,3,6,32,41,0,3,23,26,67,4,0,0,8,12,0,3,10,13,25,3,136
2241709,56,0,4,5,30,39,4,3,16,23,62,0,0,0,8,8,5,0,0,5,13,0,131
2241710,48,0,12,3,54,69,5,10,24,39,108,0,0,4,15,19,0,8,3,11,30,5,191
2241711,70,5,15,0,56,76,16,19,39,74,150,0,0,0,18,18,0,8,17,25,43,4,267
2250101,79,0,11,0,51,62,3,13,15,31,93,0,5,0,6,11,0,9,10,19,30,9,211
2250102,41,0,3,0,20,23,3,5,0,8,31,0,3,0,0,3,0,0,0,0,3,0,75
2250103,90,0,19,0,86,105,15,13,30,58,163,0,3,0,7,10,5,0,8,13,23,3,279
2250104,73,0,14,0,59,73,5,12,17,34,107,0,0,0,5,5,0,0,9,9,14,0,194
2250105,20,0,4,4,14,22,5,6,3,14,36,0,0,0,8,8,0,0,0,0,8,3,67
2250106,43,0,6,0,29,35,4,3,4,11,46,0,0,0,10,10,3,0,19,22,32,6,127
2250107,23,0,0,4,8,12,0,3,7,10,22,0,9,0,23,32,0,11,13,24,56,10,111
2250108,59,3,3,0,34,40,0,11,6,17,57,0,0,0,4,4,3,3,11,17,21,3,140
2250109,77,0,8,3,42,53,3,4,21,28,81,0,0,0,5,5,0,0,15,15,20,4,182
2250110,67,0,9,0,32,41,4,10,23,37,78,0,3,0,19,22,0,9,23,32,54,3,202
2250111,30,0,3,0,20,23,3,3,3,9,32,0,0,0,3,3,0,4,9,13,16,3,81
2250112,28,0,0,0,25,25,3,0,3,6,31,0,0,0,0,0,0,8,6,14,14,0,73
2250201,46,0,4,0,37,41,6,10,9,25,66,0,0,0,7,7,0,4,11,15,22,3,137
2250202,76,0,9,0,38,47,5,7,22,34,81,0,0,0,5,5,0,4,10,14,19,3,179
2250203,101,0,18,3,45,66,9,12,26,47,113,0,0,0,8,8,5,4,12,21,29,8,251
2250204,70,3,7,0,32,42,7,7,18,32,74,0,3,0,3,6,0,3,13,16,22,4,170
2250205,82,0,8,0,50,58,6,17,17,40,98,0,3,0,6,9,0,9,9,18,27,4,211
2250206,85,4,26,0,63,93,9,23,27,59,152,0,0,0,4,4,5,5,15,25,29,7,273
2250207,82,0,13,0,46,59,11,22,14,47,106,0,3,0,14,17,0,4,4,8,25,6,219
2250208,68,0,12,0,40,52,3,13,20,36,88,0,3,0,3,6,0,4,9,13,19,0,175
2250209,48,0,8,0,36,44,6,4,12,22,66,0,0,0,3,3,4,3,3,10,13,6,133
2250210,45,0,7,0,27,34,6,11,10,27,61,0,3,0,3,6,0,4,8,12,18,0,124
2250211,51,0,6,0,30,36,6,10,13,29,65,0,0,0,9,9,0,0,12,12,21,3,140
2250212,50,0,3,0,25,28,9,4,21,34,62,0,4,0,0,4,0,6,4,10,14,0,126
2250213,34,0,8,3,16,27,0,0,8,8,35,0,0,4,0,4,0,5,6,11,15,4,88
2250214,48,0,10,0,29,39,4,12,8,24,63,0,0,0,0,0,0,0,8,8,8,5,124
2250215,52,0,7,0,47,54,3,15,6,24,78,4,0,0,4,8,3,0,6,9,17,8,155
2250301,99,0,8,0,54,62,10,14,29,53,115,0,3,0,12,15,7,4,5,16,31,3,248
2250302,65,0,10,0,40,50,0,16,25,41,91,0,0,0,6,6,4,0,11,15,21,0,177
2250303,25,0,3,0,18,21,0,10,4,14,35,0,3,0,4,7,0,0,5,5,12,0,72
2250304,98,0,12,0,56,68,9,8,17,34,102,0,4,0,13,17,0,8,13,21,38,5,243
2250305,95,0,18,0,54,72,7,20,27,54,126,0,4,0,15,19,3,9,6,18,37,5,263
2250306,45,0,4,0,24,28,7,6,24,37,65,0,0,0,7,7,0,10,3,13,20,0,130
2250401,107,0,18,0,59,77,8,18,20,46,123,0,0,0,11,11,0,8,11,19,30,3,263
2250402,53,0,17,3,52,72,7,14,23,44,116,0,3,3,12,18,5,3,9,17,35,5,209
2250403,77,3,11,0,42,56,0,9,18,27,83,0,0,0,10,10,3,8,10,21,31,8,199
2250404,77,0,17,0,47,64,12,23,14,49,113,0,3,0,8,11,0,0,15,15,26,6,222
2250405,78,0,13,5,40,58,14,9,19,42,100,0,7,0,8,15,4,0,9,13,28,4,210
2250406,42,0,9,0,21,30,0,9,14,23,53,0,0,0,6,6,0,3,11,14,20,7,122
2250407,72,0,16,0,30,46,7,15,15,37,83,0,3,0,10,13,0,6,7,13,26,3,184
2250408,88,5,24,5,86,120,19,30,47,96,216,0,3,3,3,9,0,7,14,21,30,0,334
2250409,54,3,31,0,65,99,15,22,29,66,165,0,0,0,17,17,0,14,16,30,47,0,266
2250501,67,0,9,0,26,35,4,11,19,34,69,0,0,0,4,4,0,0,15,15,19,7,162
2250502,66,0,16,0,57,73,13,18,38,69,142,0,0,3,3,6,0,4,8,12,18,6,232
2250503,88,4,21,4,65,94,15,11,35,61,155,0,5,0,6,11,3,3,17,23,34,4,281
2250504,51,0,10,3,38,51,0,12,25,37,88,0,0,0,5,5,0,0,7,7,12,4,155
2250505,42,3,7,4,19,33,8,9,12,29,62,0,0,0,9,9,3,4,6,13,22,4,130
2250506,88,0,11,0,65,76,4,18,40,62,138,0,0,0,11,11,5,0,15,20,31,4,261
2250507,100,5,13,3,47,68,13,17,29,59,127,0,4,3,9,16,5,0,12,17,33,0,260
2250508,39,0,8,3,24,35,3,6,16,25,60,0,0,0,4,4,0,0,9,9,13,5,117
2250601,96,0,14,0,56,70,8,18,11,37,107,0,5,4,3,12,0,9,15,24,36,6,245
2250602,74,0,26,0,47,73,4,15,17,36,109,0,0,3,9,12,0,12,0,12,24,4,211
2250603,47,0,15,3,45,63,9,18,13,40,103,0,0,0,9,9,4,0,9,13,22,4,176
2250604,95,0,10,0,57,67,16,16,27,59,126,0,0,6,0,6,4,9,7,20,26,3,250
2250605,110,0,17,4,72,93,16,24,62,102,195,0,0,0,8,8,3,3,7,13,21,5,331
2250606,36,0,10,0,26,36,3,9,11,23,59,3,0,0,0,3,5,0,6,11,14,0,109
2250607,87,0,11,6,50,67,16,20,40,76,143,0,3,0,4,7,4,5,3,12,19,4,253
2250608,100,4,22,0,57,83,16,22,37,75,158,0,0,0,6,6,0,3,15,18,24,7,289
2250609,70,3,15,0,58,76,19,13,34,66,142,3,0,0,3,6,0,4,6,10,16,3,231
2250701,40,0,3,0,23,26,0,8,10,18,44,0,0,0,7,7,0,4,10,14,21,6,111
2250702,64,0,26,0,33,59,4,11,9,24,83,0,3,0,5,8,0,4,15,19,27,10,184
2250703,67,5,15,6,43,69,4,20,10,34,103,0,3,0,6,9,3,13,15,31,40,7,217
2250704,89,0,18,0,65,83,13,17,21,51,134,0,0,0,10,10,0,5,9,14,24,9,256
2250705,91,3,14,3,58,78,12,23,21,56,134,0,0,0,5,5,0,6,9,15,20,0,245
2250706,98,0,22,0,40,62,7,17,25,49,111,0,4,0,7,11,0,0,13,13,24,5,238
2250707,39,0,6,0,25,31,0,6,11,17,48,0,0,0,7,7,0,4,9,13,20,0,107
2250708,42,0,10,0,34,44,4,11,7,22,66,0,0,0,6,6,0,6,8,14,20,3,131
2250709,48,3,21,4,57,85,7,27,17,51,136,0,0,0,5,5,3,6,5,14,19,6,209
2250710,78,0,22,0,64,86,19,19,23,61,147,0,0,0,7,7,0,7,14,21,28,5,258
2250711,60,0,14,3,38,55,8,13,18,39,94,0,3,0,9,12,0,0,12,12,24,0,178
2250712,38,4,0,0,20,24,4,0,7,11,35,0,0,0,9,9,0,0,5,5,14,4,91
2250713,27,0,10,0,9,19,4,4,4,12,31,0,3,0,4,7,0,3,3,6,13,0,71
2250801,79,0,6,0,27,33,8,13,16,37,70,0,0,0,11,11,0,6,7,13,24,3,176
2250802,54,0,10,4,22,36,8,11,14,33,69,0,0,0,6,6,0,7,10,17,23,5,151
2250803,72,0,10,0,41,51,7,10,8,25,76,0,0,0,10,10,0,5,8,13,23,5,176
2250804,74,0,17,3,41,61,3,8,16,27,88,0,0,0,10,10,3,7,7,17,27,0,189
2250805,55,0,14,3,48,65,8,26,23,57,122,0,0,0,8,8,6,0,9,15,23,0,200
2250806,84,5,14,0,37,56,0,20,12,32,88,0,0,3,3,6,0,5,6,11,17,4,193
2250807,81,3,5,3,41,52,0,16,19,35,87,0,3,0,5,8,3,0,14,17,25,4,197
2250808,86,3,6,3,41,53,0,18,17,35,88,0,0,0,5,5,0,7,17,24,29,4,207
2250809,47,0,3,0,26,29,3,5,5,13,42,0,3,0,6,9,0,0,5,5,14,5,108
2250810,54,0,9,0,26,35,5,11,10,26,61,0,0,0,4,4,0,5,7,12,16,0,131
2250811,28,0,0,0,13,13,7,5,9,21,34,0,0,4,0,4,4,0,4,8,12,3,77
2250812,57,0,10,3,37,50,3,9,15,27,77,0,5,0,4,9,3,3,3,9,18,3,155
2250813,0,0,0,0,0,0,0,0,0,0,0,0,0,0,0,0,0,0,0,0,0,0,0
2250814,41,0,11,0,21,32,7,7,16,30,62,0,3,0,3,6,0,3,3,6,12,3,118
2250901,82,0,14,0,30,44,12,9,20,41,85,3,3,0,4,10,0,5,8,13,23,3,193
2250902,73,0,6,0,34,40,4,14,9,27,67,0,0,0,4,4,4,0,13,17,21,5,166
2250903,97,0,11,0,47,58,6,10,14,30,88,0,4,3,6,13,0,0,13,13,26,0,211
2250904,73,0,12,0,44,56,7,12,12,31,87,0,3,0,9,12,3,7,9,19,31,5,196
2250905,62,0,8,0,41,49,0,8,16,24,73,3,4,7,14,28,0,6,19,25,53,6,194
2250906,68,0,8,0,35,43,6,6,6,18,61,0,3,0,15,18,0,5,19,24,42,5,176
2250907,83,0,9,0,56,65,3,14,13,30,95,0,3,4,8,15,6,6,25,37,52,9,239
2250908,61,0,4,0,28,32,4,6,11,21,53,0,5,0,18,23,3,0,22,25,48,16,178
2250909,38,0,12,0,22,34,6,11,12,29,63,0,3,0,3,6,5,0,5,10,16,0,117
2250910,28,0,3,0,12,15,0,7,6,13,28,0,0,0,10,10,0,0,0,0,10,0,66
2251001,78,3,3,3,49,58,7,6,24,37,95,0,3,0,9,12,3,3,7,13,25,3,201
2251002,105,0,16,0,44,60,6,10,28,44,104,0,0,0,7,7,3,6,7,16,23,9,241
2251003,89,0,14,3,44,61,7,8,24,39,100,0,3,0,10,13,3,0,8,11,24,4,217
2251004,61,0,12,0,39,51,6,9,10,25,76,0,0,0,8,8,0,7,3,10,18,6,161
2251005,102,0,7,3,45,55,0,9,37,46,101,0,3,0,5,8,0,7,15,22,30,10,243
2251006,86,0,0,0,50,50,0,12,20,32,82,4,0,0,5,9,0,6,4,10,19,3,190
2251101,79,0,11,3,46,60,4,13,10,27,87,0,0,0,7,7,0,6,11,17,24,3,193
2251102,84,0,15,0,40,55,10,8,12,30,85,0,0,0,12,12,0,3,17,20,32,4,205
2251103,9,0,4,0,6,10,0,0,0,0,10,0,0,0,3,3,0,0,4,4,7,0,26
2251104,70,3,8,3,31,45,8,4,29,41,86,0,7,0,0,7,0,5,9,14,21,6,183
2251105,75,3,11,0,42,56,11,6,34,51,107,0,0,0,5,5,0,9,8,17,22,0,204
2251106,67,0,3,0,32,35,6,4,17,27,62,0,0,0,11,11,0,0,11,11,22,0,151
2251107,82,4,10,0,50,64,0,8,23,31,95,0,0,0,14,14,0,5,7,12,26,4,207
2251201,103,0,13,0,43,56,5,13,33,51,107,0,3,0,11,14,0,0,15,15,29,6,245
2251202,76,3,9,0,68,80,3,16,20,39,119,0,0,5,6,11,0,7,11,18,29,3,227
2251203,70,0,11,0,34,45,7,7,22,36,81,0,4,3,8,15,0,0,12,12,27,0,178
2251204,42,0,3,0,28,31,3,8,13,24,55,0,0,0,5,5,0,6,15,21,26,0,123
2251205,84,0,17,3,58,78,9,15,27,51,129,0,3,4,7,14,0,4,20,24,38,7,258
2251206,88,0,25,4,118,147,6,17,32,55,202,0,0,0,9,9,3,7,6,16,25,3,318
2251207,86,0,4,0,38,42,0,6,16,22,64,0,0,0,11,11,0,0,11,11,22,0,172
2251208,66,3,3,3,28,37,5,0,18,23,60,0,0,0,7,7,3,4,7,14,21,3,150
2251209,26,0,5,0,8,13,0,3,6,9,22,0,0,0,8,8,0,0,3,3,11,0,59
2251301,57,0,6,5,30,41,0,7,17,24,65,0,0,0,7,7,0,0,8,8,15,5,142
2251302,47,0,7,0,33,40,4,9,13,26,66,0,5,0,3,8,4,4,5,13,21,4,138
2251303,82,3,4,0,20,27,7,9,19,35,62,3,3,3,3,12,0,0,4,4,16,0,160
2251304,39,0,16,0,18,34,5,19,23,47,81,0,0,0,4,4,0,0,5,5,9,0,129
2251305,90,0,22,5,45,72,8,18,23,49,121,0,0,0,4,4,0,6,7,13,17,0,228
2251306,101,0,26,3,56,85,21,36,44,101,186,0,0,0,0,0,6,0,11,17,17,5,309
2251307,60,6,12,4,47,69,5,14,28,47,116,0,0,0,0,0,0,3,5,8,8,0,184
2251308,53,0,15,3,30,48,7,10,20,37,85,0,0,0,7,7,0,4,10,14,21,0,159
2251309,82,0,12,3,46,61,11,15,31,57,118,0,3,3,7,13,4,8,14,26,39,3,242
2251310,93,4,17,0,50,71,8,17,33,58,129,0,0,0,7,7,0,6,11,17,24,0,246
2251311,54,3,8,3,31,45,3,6,5,14,59,0,0,0,0,0,0,6,5,11,11,0,124
2251312,56,0,3,0,38,41,4,4,16,24,65,0,0,4,11,15,0,0,8,8,23,6,150
2251313,8,0,3,0,9,12,0,0,7,7,19,0,0,0,0,0,0,0,7,7,7,6,40
2251401,70,3,22,0,39,64,9,20,32,61,125,0,0,0,7,7,0,7,8,15,22,7,224
2251402,67,4,14,0,61,79,12,21,26,59,138,0,0,0,5,5,5,0,10,15,20,3,228
2251403,65,0,17,0,36,53,8,17,35,60,113,0,0,0,5,5,0,0,6,6,11,5,194
2251404,97,3,7,3,50,63,13,24,40,77,140,0,3,3,5,11,0,6,15,21,32,4,273
2251405,37,0,8,0,35,43,5,10,16,31,74,0,6,0,4,10,4,3,8,15,25,3,139
2251406,65,0,19,4,28,51,12,26,31,69,120,0,0,0,5,5,0,5,5,10,15,0,200
2251407,60,6,19,0,48,73,23,29,42,94,167,0,0,0,6,6,0,0,6,6,12,0,239
2251408,64,7,11,0,43,61,14,18,25,57,118,0,0,0,11,11,0,5,13,18,29,3,214
2251409,46,0,13,0,23,36,8,18,19,45,81,0,0,0,7,7,0,0,0,0,7,0,134
2251410,89,0,27,10,54,91,20,28,59,107,198,0,3,3,3,9,3,4,10,17,26,4,317
2251411,64,4,15,5,51,75,20,30,29,79,154,0,3,0,4,7,0,7,5,12,19,3,240
2251412,72,3,9,0,11,23,0,12,5,17,40,0,0,4,0,4,0,3,7,10,14,0,126
2251413,0,0,0,0,0,0,0,0,0,0,0,0,0,0,0,0,0,0,0,0,0,0,0
2251501,86,0,4,3,45,52,9,6,30,45,97,0,0,0,7,7,0,0,19,19,26,6,215
2251502,111,0,5,5,61,71,11,19,32,62,133,0,0,0,10,10,4,0,10,14,24,3,271
2251503,95,0,14,4,42,60,7,13,54,74,134,0,4,0,3,7,3,6,14,23,30,4,263
2251504,94,0,13,4,55,72,6,16,45,67,139,0,5,0,4,9,0,3,14,17,26,3,262
2251505,57,0,8,0,34,42,3,5,24,32,74,0,3,4,4,11,3,0,9,12,23,4,158
2251506,52,0,5,3,30,38,5,5,27,37,75,0,3,0,6,9,0,0,19,19,28,0,155
2251507,65,0,4,3,31,38,7,7,27,41,79,0,0,0,9,9,0,3,13,16,25,3,172
2251508,70,0,10,3,47,60,4,13,29,46,106,0,5,0,5,10,0,0,6,6,16,5,197
2251509,73,0,15,0,37,52,8,12,34,54,106,0,4,0,8,12,0,5,15,20,32,3,214
2251510,57,0,3,3,28,34,4,12,28,44,78,0,0,0,0,0,0,0,8,8,8,3,146
2251511,88,0,10,4,35,49,9,4,24,37,86,5,0,5,7,17,0,4,16,20,37,3,214
2251601,69,4,0,0,27,31,0,10,22,32,63,0,4,0,5,9,6,0,17,23,32,7,171
2251602,53,0,3,3,42,48,3,8,14,25,73,4,4,0,4,12,3,5,6,14,26,0,152
2251603,99,4,12,0,35,51,3,13,20,36,87,3,0,3,12,18,0,8,18,26,44,3,233
2251604,59,0,3,3,30,36,7,4,23,34,70,0,0,0,4,4,3,0,8,11,15,3,147
2251605,42,0,6,0,32,38,5,6,15,26,64,0,0,0,8,8,0,0,3,3,11,6,123
2251606,96,3,10,3,70,86,4,8,28,40,126,0,0,5,11,16,4,4,20,28,44,0,266
2251607,99,0,7,5,48,60,5,4,38,47,107,0,0,0,14,14,0,0,20,20,34,6,246
2251608,90,0,12,0,48,60,0,9,27,36,96,5,0,0,11,16,3,6,20,29,45,3,234
2251609,65,0,5,0,21,26,0,7,17,24,50,0,0,0,9,9,3,3,8,14,23,4,142
2251610,32,0,0,0,30,30,0,7,15,22,52,0,0,3,5,8,0,0,10,10,18,0,102
2251611,30,0,3,0,11,14,0,5,0,5,19,0,0,0,0,0,0,4,3,7,7,9,65
2251701,81,0,23,0,52,75,16,27,57,100,175,0,3,3,3,9,0,6,6,12,21,3,280
2251702,72,0,8,5,67,80,16,11,51,78,158,0,0,0,13,13,3,6,11,20,33,4,267
2251703,75,0,14,0,31,45,8,14,41,63,108,0,0,4,7,11,0,0,16,16,27,5,215
2251704,106,3,9,6,54,72,11,11,39,61,133,0,4,4,7,15,0,3,19,22,37,4,280
2251705,69,0,7,3,31,41,0,7,15,22,63,0,0,0,0,0,4,0,12,16,16,0,148
2251706,62,0,6,3,29,38,5,3,29,37,75,0,0,0,8,8,3,0,8,11,19,3,159
2251707,59,0,10,3,41,54,5,11,34,50,104,0,0,0,0,0,3,9,13,25,25,0,188
2251708,90,0,10,5,54,69,5,7,32,44,113,0,0,0,13,13,0,3,14,17,30,0,233
2251709,42,0,9,4,28,41,12,9,26,47,88,0,0,0,4,4,0,6,6,12,16,0,146
2251710,45,0,20,0,30,50,11,17,38,66,116,0,0,3,3,6,3,4,8,15,21,0,182
2251711,86,0,30,5,82,117,15,25,49,89,206,0,0,0,13,13,4,4,12,20,33,10,335
2251712,31,0,7,0,33,40,9,9,29,47,87,0,4,0,0,4,0,0,3,3,7,4,129
2251713,82,0,7,3,48,58,5,11,7,23,81,0,0,0,9,9,0,0,9,9,18,10,191
2251801,82,0,11,0,49,60,5,8,22,35,95,0,0,4,10,14,5,4,18,27,41,3,221
2251802,68,0,10,4,36,50,0,6,19,25,75,0,0,0,12,12,0,0,15,15,27,9,179
2251803,62,0,9,5,36,50,3,3,15,21,71,0,0,0,13,13,0,3,11,14,27,13,173
2251804,62,4,3,3,40,50,7,7,18,32,82,0,5,0,11,16,0,5,16,21,37,15,196
2251805,68,0,3,3,56,62,3,0,10,13,75,0,0,0,8,8,0,4,14,18,26,15,184
2251806,60,0,4,0,31,35,3,7,7,17,52,0,3,0,5,8,0,0,14,14,22,10,144
2251807,92,3,6,0,52,61,0,7,26,33,94,0,3,0,12,15,3,0,22,25,40,9,235
2251808,93,0,12,3,59,74,7,16,32,55,129,0,4,0,15,19,0,4,26,30,49,5,276
2251809,37,3,10,0,9,22,0,0,16,16,38,0,3,0,4,7,0,4,14,18,25,5,105
2251810,39,0,0,3,20,23,0,6,6,12,35,0,3,0,5,8,0,0,12,12,20,0,94
2251811,0,0,0,0,0,0,0,0,0,0,0,0,0,0,0,0,0,0,0,0,0,0,0
2251901,0,0,0,0,0,0,0,0,0,0,0,0,0,0,0,0,0,0,0,0,0,0,0
2251902,35,0,0,0,22,22,3,6,7,16,38,0,3,0,0,3,0,3,4,7,10,8,91
2251903,58,3,3,0,22,28,0,4,6,10,38,0,0,0,0,0,0,0,11,11,11,12,119
2251904,65,3,4,0,45,52,0,8,23,31,83,0,0,0,13,13,0,6,29,35,48,14,210
2251905,53,0,0,3,49,52,4,3,7,14,66,0,0,0,8,8,0,0,9,9,17,26,162
2251906,87,0,10,0,50,60,0,13,17,30,90,0,0,0,13,13,0,8,9,17,30,29,236
2251907,28,0,3,0,25,28,0,0,8,8,36,0,0,0,5,5,0,0,0,0,5,4,73
2251908,9,0,3,0,4,7,0,5,5,10,17,0,0,0,4,4,0,0,0,0,4,3,33
2251909,49,0,0,0,14,14,0,10,5,15,29,0,0,0,7,7,0,0,9,9,16,17,111
2251910,59,0,0,4,13,17,0,0,6,6,23,0,0,0,3,3,0,3,4,7,10,3,95
2252001,67,0,3,0,48,51,3,0,14,17,68,0,0,0,4,4,3,0,12,15,19,6,160
2252002,35,0,7,0,18,25,3,0,11,14,39,0,0,0,4,4,0,5,4,9,13,0,87
2252003,52,0,0,0,32,32,5,4,12,21,53,0,0,4,3,7,0,3,11,14,21,9,135
2252004,14,0,4,3,14,21,0,0,7,7,28,0,0,0,0,0,0,6,3,9,9,0,51
2252005,71,3,4,0,47,54,4,3,33,40,94,0,5,0,0,5,0,0,8,8,13,6,184
2252006,57,0,6,0,55,61,3,7,18,28,89,0,3,0,4,7,0,5,7,12,19,10,175
2252007,58,0,8,0,37,45,3,6,19,28,73,0,0,0,4,4,0,0,14,14,18,9,158
2252008,73,0,3,3,39,45,7,0,9,16,61,0,3,0,5,8,3,4,21,28,36,6,176
2252009,85,4,0,0,18,22,0,4,13,17,39,0,0,0,5,5,0,6,5,11,16,9,149
2252010,42,0,3,0,40,43,0,7,6,13,56,0,3,0,4,7,0,3,8,11,18,0,116
2252011,39,3,0,0,23,26,0,4,12,16,42,0,0,0,7,7,0,3,3,6,13,6,100
2252012,38,3,7,3,17,30,0,3,9,12,42,0,0,3,0,3,4,0,7,11,14,0,94
2252013,80,0,4,5,36,45,7,14,41,62,107,0,3,0,7,10,0,4,17,21,31,7,225
2252014,85,0,6,0,55,61,6,11,14,31,92,0,0,0,14,14,0,3,5,8,22,8,207
2252101,61,0,6,5,66,77,0,6,21,27,104,0,0,0,4,4,0,0,18,18,22,6,193
2252102,33,0,5,0,23,28,3,3,9,15,43,0,0,0,0,0,3,0,8,11,11,0,87
2252103,33,0,3,0,29,32,0,6,8,14,46,0,0,0,11,11,0,0,7,7,18,10,107
2252104,59,0,9,0,66,75,3,6,27,36,111,0,6,0,13,19,0,3,13,16,35,11,216
2252105,56,0,3,0,52,55,3,5,16,24,79,0,0,0,11,11,0,3,13,16,27,6,168
2252106,49,0,5,0,41,46,0,0,8,8,54,0,3,0,5,8,0,0,9,9,17,7,127
2252107,74,0,4,0,59,63,6,8,20,34,97,0,3,0,6,9,0,8,13,21,30,3,204
2252108,69,3,3,0,50,56,6,6,16,28,84,0,0,0,11,11,0,0,9,9,20,4,177
2252109,71,0,8,4,41,53,0,3,10,13,66,0,0,0,10,10,4,7,12,23,33,5,175
2252110,48,0,0,0,38,38,0,6,12,18,56,0,0,0,0,0,0,7,10,17,17,6,127
2252111,74,0,16,0,80,96,9,12,11,32,128,0,3,0,22,25,0,5,9,14,39,5,246
2252112,28,6,5,0,24,35,0,5,12,17,52,0,0,0,8,8,0,0,6,6,14,0,94
2252201,55,4,3,0,33,40,4,4,17,25,65,0,3,3,5,11,0,6,13,19,30,0,150
2252202,70,0,5,0,55,60,8,8,14,30,90,0,0,0,10,10,5,0,11,16,26,11,197
2252203,66,0,12,0,66,78,6,6,28,40,118,0,0,0,6,6,5,6,15,26,32,11,227
2252204,54,0,5,0,16,21,0,0,13,13,34,0,0,0,5,5,0,0,13,13,18,8,114
2252205,63,0,5,0,40,45,0,6,24,30,75,0,3,0,6,9,0,4,16,20,29,6,173
2252206,22,0,4,0,12,16,3,6,4,13,29,0,0,0,0,0,0,0,11,11,11,0,62
2252207,97,0,7,0,57,64,4,9,19,32,96,0,0,3,8,11,0,9,10,19,30,8,231
2252208,65,0,0,0,36,36,4,5,19,28,64,0,0,0,4,4,0,0,12,12,16,4,149
2252209,52,0,9,0,49,58,4,6,19,29,87,0,0,0,8,8,0,7,8,15,23,5,167
2252210,54,0,4,0,36,40,3,4,8,15,55,0,0,0,5,5,0,0,12,12,17,5,131
2252211,61,0,9,0,36,45,5,4,14,23,68,0,0,0,16,16,0,4,12,16,32,5,166
2252212,72,0,8,4,27,39,6,14,29,49,88,0,3,0,6,9,0,3,12,15,24,7,191
2252301,39,0,14,0,66,80,3,8,14,25,105,0,0,0,0,0,0,4,14,18,18,4,166
2252302,39,0,5,0,37,42,6,0,9,15,57,0,0,4,8,12,0,5,8,13,25,4,125
2252303,60,0,12,3,63,78,3,8,22,33,111,0,4,0,7,11,3,3,16,22,33,3,207
2252304,86,0,11,5,78,94,3,11,18,32,126,3,0,0,6,9,3,0,13,16,25,9,246
2252305,27,0,8,0,13,21,0,0,5,5,26,0,0,0,0,0,0,0,5,5,5,0,58
2252306,50,3,6,0,27,36,0,5,13,18,54,0,0,0,10,10,0,0,9,9,19,4,127
2252307,61,5,3,0,38,46,4,8,15,27,73,0,0,0,10,10,3,4,10,17,27,5,166
2252308,41,0,0,4,44,48,5,4,14,23,71,0,0,3,10,13,0,3,10,13,26,0,138
2252309,55,0,4,4,37,45,8,7,12,27,72,0,0,0,8,8,0,3,15,18,26,12,165
2252310,59,0,0,0,41,41,5,0,14,19,60,0,3,0,3,6,0,4,4,8,14,4,137
2252311,57,0,4,5,19,28,3,4,22,29,57,0,5,0,0,5,0,6,6,12,17,0,131
2260101,49,0,0,0,28,28,0,7,11,18,46,0,0,0,0,0,0,4,6,10,10,7,112
2260102,44,0,8,0,52,60,5,11,5,21,81,0,0,0,3,3,0,4,11,15,18,5,148
2260103,16,0,10,0,26,36,7,0,3,10,46,0,0,0,3,3,3,0,6,9,12,4,78
2260104,73,3,7,0,39,49,0,14,8,22,71,0,0,0,5,5,0,0,9,9,14,3,161
2260105,52,0,10,0,58,68,3,15,21,39,107,0,3,0,8,11,0,4,8,12,23,5,187
2260106,71,0,9,0,50,59,4,9,10,23,82,0,0,0,3,3,5,0,7,12,15,3,171
2260107,29,0,4,3,34,41,0,9,11,20,61,0,0,0,7,7,3,5,4,12,19,4,113
2260108,58,0,4,0,46,50,5,7,6,18,68,0,0,0,4,4,0,0,6,6,10,11,147
2260109,17,0,3,0,23,26,0,0,6,6,32,0,0,0,6,6,0,0,0,0,6,0,55
2260201,88,0,6,0,33,39,5,18,10,33,72,0,0,0,7,7,0,3,5,8,15,0,175
2260202,58,0,4,0,23,27,3,0,3,6,33,0,0,0,0,0,0,7,10,17,17,8,116
2260203,42,4,9,0,28,41,7,13,8,28,69,0,4,0,0,4,0,0,5,5,9,0,120
2260204,75,0,4,0,19,23,10,3,7,20,43,0,0,0,6,6,0,0,9,9,15,3,136
2260205,28,0,3,0,20,23,0,3,6,9,32,0,0,0,0,0,0,4,0,4,4,6,70
2260206,63,0,4,0,39,43,0,4,11,15,58,0,3,0,3,6,0,9,9,18,24,0,145
2260207,56,0,0,0,22,22,5,6,5,16,38,0,0,0,7,7,0,3,0,3,10,5,109
2260208,65,0,8,3,44,55,0,10,5,15,70,0,0,0,7,7,3,3,3,9,16,8,159
2260209,45,0,4,0,16,20,0,3,4,7,27,0,0,0,4,4,3,8,0,11,15,7,94
2260210,70,0,0,3,34,37,0,0,4,4,41,0,0,0,0,0,0,4,10,14,14,10,135
2260301,39,3,7,0,31,41,8,13,13,34,75,0,0,0,3,3,0,4,5,9,12,6,132
2260302,54,0,5,0,33,38,3,11,16,30,68,0,0,0,6,6,4,4,8,16,22,0,144
2260303,58,0,9,0,56,65,5,5,9,19,84,0,3,0,3,6,0,3,12,15,21,3,166
2260304,38,0,8,0,40,48,5,14,16,35,83,0,0,0,4,4,3,4,6,13,17,7,145
2260305,16,0,6,0,13,19,0,0,0,0,19,0,3,0,0,3,0,0,4,4,7,0,42
2260306,93,0,4,0,58,62,0,0,12,12,74,0,0,0,10,10,0,0,14,14,24,8,199
2260307,77,0,0,0,14,14,4,0,0,4,18,0,0,0,6,6,0,5,6,11,17,6,118
2260308,63,0,0,0,12,12,6,0,0,6,18,0,4,0,7,11,3,3,7,13,24,10,115
2260309,75,0,5,0,23,28,5,0,6,11,39,0,0,0,6,6,4,9,0,13,19,12,145
2260310,30,0,0,0,5,5,0,0,4,4,9,0,3,0,5,8,0,0,0,0,8,4,51
2260311,31,0,0,0,12,12,0,3,0,3,15,0,0,0,0,0,0,0,0,0,0,8,54
2260401,50,0,12,0,22,34,6,10,9,25,59,0,0,0,4,4,0,3,4,7,11,3,123
2260402,50,0,23,0,28,51,5,13,12,30,81,0,0,0,6,6,0,3,6,9,15,0,146
2260403,44,0,3,0,26,29,6,12,10,28,57,0,3,0,0,3,0,3,3,6,9,0,110
2260404,53,3,12,3,29,47,7,10,14,31,78,0,0,0,9,9,0,6,9,15,24,0,155
2260405,62,0,13,4,33,50,9,20,11,40,90,3,0,0,4,7,0,4,3,7,14,4,170
2260406,22,0,12,0,5,17,4,10,7,21,38,0,0,0,0,0,0,0,0,0,0,0,60
2260407,72,0,19,0,28,47,8,22,12,42,89,0,3,0,3,6,0,0,6,6,12,3,176
2260408,36,0,10,0,27,37,5,11,5,21,58,0,3,0,3,6,0,6,0,6,12,5,111
2260409,47,0,7,0,32,39,5,16,11,32,71,0,0,0,0,0,4,0,3,7,7,0,125
2260410,17,0,0,0,6,6,3,7,3,13,19,0,4,0,0,4,0,0,0,0,4,4,44
2260501,49,0,6,3,35,44,0,12,15,27,71,0,0,0,5,5,0,0,10,10,15,4,139
2260502,67,0,7,0,35,42,7,0,13,20,62,0,0,0,6,6,0,5,8,13,19,4,152
2260503,42,0,5,5,64,74,8,8,10,26,100,0,0,0,8,8,3,3,3,9,17,3,162
2260504,52,0,18,6,45,69,10,11,11,32,101,0,0,0,0,0,0,8,8,16,16,9,178
2260505,48,0,10,0,55,65,4,8,7,19,84,0,3,0,3,6,0,4,0,4,10,9,151
2260506,62,0,6,0,33,39,4,3,13,20,59,0,0,3,4,7,6,5,3,14,21,6,148
2260507,70,3,8,5,63,79,4,14,23,41,120,0,3,0,9,12,0,4,10,14,26,0,216
2260508,52,0,6,3,58,67,3,3,13,19,86,0,0,3,4,7,0,5,8,13,20,0,158
2260509,62,0,11,0,33,44,0,0,14,14,58,0,0,0,9,9,3,3,13,19,28,6,154
2260510,80,0,0,0,31,31,5,0,13,18,49,0,3,0,7,10,3,4,5,12,22,9,160
2260601,19,0,0,0,5,5,0,0,3,3,8,0,0,0,0,0,0,0,6,6,6,4,37
2260602,21,0,6,0,5,11,0,0,4,4,15,0,0,0,0,0,3,3,3,9,9,3,48
2260603,68,0,6,0,20,26,5,6,11,22,48,0,0,0,0,0,0,3,7,10,10,0,126
2260604,94,0,3,0,20,23,0,7,8,15,38,0,0,0,0,0,0,4,8,12,12,15,159
2260605,92,0,6,0,25,31,5,12,11,28,59,0,3,0,4,7,0,4,11,15,22,0,173
2260606,61,0,4,0,12,16,4,5,6,15,31,0,0,0,5,5,0,7,0,7,12,4,108
2260607,79,3,5,0,23,31,4,12,7,23,54,0,0,0,5,5,0,0,10,10,15,0,148
2260608,18,0,8,0,10,18,0,6,6,12,30,0,0,0,0,0,0,0,0,0,0,0,48
2260609,32,4,0,0,4,8,0,3,3,6,14,0,0,0,3,3,3,0,4,7,10,0,56
2260610,54,0,5,3,13,21,3,9,9,21,42,0,3,0,3,6,0,0,5,5,11,0,107
2260611,49,0,0,0,9,9,3,3,0,6,15,0,0,0,7,7,0,3,0,3,10,0,74
2260612,46,0,0,0,16,16,6,0,3,9,25,0,0,0,3,3,0,0,3,3,6,6,83
2260613,60,0,6,0,12,18,0,0,6,6,24,0,0,0,4,4,3,3,3,9,13,5,102
2260702,57,0,3,0,8,11,0,3,0,3,14,0,0,0,0,0,0,5,0,5,5,4,80
2260703,44,0,3,0,7,10,0,4,0,4,14,0,0,0,0,0,0,0,0,0,0,5,63
2260704,24,0,0,0,5,5,0,3,3,6,11,0,0,0,0,0,0,5,0,5,5,0,40
2260705,27,0,5,0,3,8,5,0,0,5,13,0,0,0,0,0,0,0,3,3,3,5,48
2260706,55,0,3,0,10,13,0,3,3,6,19,0,0,0,3,3,0,0,0,0,3,5,82
2260707,79,0,4,0,8,12,0,6,7,13,25,0,0,0,4,4,0,4,5,9,13,6,123
2260708,40,0,0,0,9,9,0,0,7,7,16,0,3,0,0,3,0,0,11,11,14,5,75
2260709,20,0,0,0,3,3,0,0,3,3,6,0,0,0,0,0,0,0,0,0,0,3,29
2260710,22,0,0,0,12,12,0,0,4,4,16,0,0,0,5,5,0,0,0,0,5,0,43
2260711,23,0,0,0,5,5,0,3,3,6,11,0,0,0,3,3,0,0,3,3,6,0,40
2260712,110,0,0,0,14,14,3,4,8,15,29,0,0,0,4,4,0,0,16,16,20,17,176
2260713,40,0,0,0,7,7,0,0,0,0,7,0,0,0,0,0,0,3,3,6,6,0,53
2260801,41,0,0,0,20,20,0,4,5,9,29,0,3,0,3,6,0,0,3,3,9,4,83
2260802,50,0,0,0,17,17,3,3,6,12,29,0,0,0,0,0,0,0,8,8,8,4,91
2260803,63,0,3,0,16,19,0,0,4,4,23,0,0,0,3,3,0,4,3,7,10,3,99
2260804,46,0,3,0,6,9,0,0,3,3,12,0,0,0,3,3,0,0,3,3,6,0,64
2260805,55,0,0,3,18,21,0,0,7,7,28,0,0,0,0,0,0,3,0,3,3,4,90
2260806,35,0,0,0,25,25,0,0,7,7,32,0,0,0,0,0,0,0,4,4,4,4,75
2260807,23,0,0,0,9,9,0,0,0,0,9,0,0,0,0,0,0,0,0,0,0,5,37
2260808,41,0,5,0,8,13,0,0,0,0,13,0,0,0,0,0,0,5,0,5,5,0,59
2260809,64,0,3,0,15,18,3,0,7,10,28,0,0,0,4,4,0,4,5,9,13,0,105
2260810,45,0,3,0,7,10,0,3,0,3,13,0,0,0,5,5,0,0,3,3,8,5,71
2260811,39,0,7,0,9,16,0,4,9,13,29,0,0,3,9,12,3,5,17,25,37,6,111
2260901,43,0,0,0,9,9,0,3,7,10,19,0,0,0,0,0,0,0,4,4,4,6,72
2260902,30,0,0,0,17,17,3,3,3,9,26,0,0,0,4,4,0,0,0,0,4,4,64
2260903,56,0,3,0,24,27,0,6,3,9,36,0,0,0,7,7,0,5,4,9,16,8,116
2260904,78,0,0,0,11,11,3,0,5,8,19,0,0,0,6,6,3,0,5,8,14,7,118
2260905,32,0,4,0,9,13,0,6,0,6,19,0,0,0,0,0,3,3,3,9,9,7,67
2260906,61,0,3,0,17,20,3,3,3,9,29,0,0,0,3,3,0,4,7,11,14,0,104
2260907,41,0,0,0,0,0,0,0,8,8,8,0,4,4,6,14,0,8,25,33,47,3,99
2260908,58,0,0,0,8,8,0,9,0,9,17,0,0,0,0,0,0,0,0,0,0,8,83
2260909,31,0,0,0,7,7,4,3,5,12,19,0,3,4,10,17,3,7,14,24,41,5,96
2260910,33,0,7,0,13,20,3,7,0,10,30,0,0,0,3,3,0,0,5,5,8,5,76
2261001,43,0,5,0,14,19,0,3,3,6,25,0,0,0,0,0,0,7,8,15,15,4,87
2261002,57,0,0,0,17,17,0,6,0,6,23,0,0,0,3,3,0,5,0,5,8,7,95
2261003,32,0,3,0,12,15,0,6,0,6,21,0,0,0,0,0,0,0,0,0,0,0,53
2261004,68,0,3,3,29,35,4,5,3,12,47,0,0,0,7,7,3,0,3,6,13,8,136
2261005,50,0,7,0,13,20,3,0,6,9,29,0,0,0,3,3,0,0,6,6,9,7,95
2261006,69,0,0,0,23,23,5,3,4,12,35,0,0,0,0,0,0,7,0,7,7,5,116
2261007,78,0,4,0,18,22,0,4,3,7,29,0,0,0,3,3,3,6,4,13,16,7,130
2261008,55,0,4,0,23,27,0,5,9,14,41,0,0,0,4,4,3,0,8,11,15,0,111
2261009,35,0,0,0,22,22,0,11,10,21,43,0,0,0,4,4,0,3,3,6,10,0,88
2261010,15,0,3,0,4,7,0,0,0,0,7,0,0,0,3,3,0,0,3,3,6,3,31
2261011,15,0,0,0,5,5,3,3,0,6,11,0,0,0,4,4,0,0,0,0,4,0,30
2261101,94,0,9,0,27,36,8,18,7,33,69,0,0,0,5,5,0,4,3,7,12,11,186
2261102,54,0,5,0,15,20,5,5,12,22,42,0,0,0,0,0,0,3,3,6,6,7,109
2261103,73,0,4,0,19,23,0,8,9,17,40,0,3,0,3,6,0,4,4,8,14,0,127
2261104,54,0,6,0,18,24,3,12,11,26,50,0,0,0,0,0,0,5,4,9,9,0,113
2261105,48,0,3,3,22,28,0,5,0,5,33,0,0,0,10,10,0,4,5,9,19,3,103
2261106,57,0,4,0,20,24,0,7,4,11,35,0,0,0,8,8,0,6,0,6,14,4,110
2261107,33,0,0,0,24,24,3,8,3,14,38,0,3,0,3,6,0,0,3,3,9,0,80
2261108,25,0,5,0,13,18,3,6,8,17,35,0,0,0,4,4,3,3,0,6,10,4,74
2261109,36,0,4,0,13,17,3,3,6,12,29,0,0,0,3,3,0,0,3,3,6,4,75
2261110,26,0,3,3,13,19,0,4,0,4,23,0,3,0,3,6,0,0,0,0,6,0,55
2261111,32,0,3,0,19,22,4,5,0,9,31,0,3,0,3,6,0,6,0,6,12,3,78
2261201,37,0,0,0,22,22,4,0,4,8,30,0,0,0,0,0,0,5,6,11,11,0,78
2261202,29,0,0,0,10,10,3,3,0,6,16,0,0,0,0,0,0,3,3,6,6,0,51
2261203,51,0,0,0,18,18,0,5,8,13,31,0,0,0,6,6,0,0,3,3,9,3,94
2261204,58,0,10,0,28,38,0,7,5,12,50,0,0,0,4,4,0,0,4,4,8,5,121
2261205,76,0,5,0,23,28,7,0,4,11,39,0,3,0,5,8,0,5,8,13,21,5,141
2261206,13,0,3,0,3,6,0,3,3,6,12,0,0,0,0,0,0,0,0,0,0,4,29
2261207,42,0,0,0,18,18,0,7,3,10,28,0,0,0,5,5,0,3,3,6,11,8,89
2261208,31,0,0,0,12,12,0,0,0,0,12,0,0,0,4,4,0,3,4,7,11,5,59
2261209,50,0,0,0,20,20,0,0,0,0,20,0,0,0,3,3,0,3,4,7,10,7,87
2261210,19,0,0,0,3,3,0,0,4,4,7,0,0,0,4,4,0,3,3,6,10,3,39
2261211,39,3,3,0,10,16,3,3,3,9,25,0,0,3,4,7,0,3,6,9,16,6,86
2261212,54,0,0,0,12,12,0,6,0,6,18,0,0,0,11,11,0,0,0,0,11,0,83
2261301,43,0,0,0,24,24,0,0,6,6,30,0,0,0,0,0,6,0,12,18,18,8,99
2261302,41,0,0,0,17,17,0,3,0,3,20,0,0,0,0,0,0,3,7,10,10,8,79
2261303,50,0,3,0,19,22,0,4,7,11,33,0,0,0,0,0,0,6,0,6,6,5,94
2261304,45,0,0,0,16,16,0,0,0,0,16,0,3,0,0,3,0,0,0,0,3,3,67
2261305,46,0,5,3,28,36,0,4,7,11,47,0,3,0,0,3,3,0,6,9,12,6,111
2261306,29,0,0,0,14,14,0,0,4,4,18,0,0,0,4,4,0,0,0,0,4,5,56
2261307,67,0,3,0,18,21,0,7,0,7,28,0,0,0,6,6,0,5,0,5,11,13,119
2261308,38,0,3,0,11,14,0,3,0,3,17,0,0,0,5,5,0,5,3,8,13,3,71
2261309,50,0,0,0,16,16,0,0,4,4,20,0,0,0,0,0,0,0,7,7,7,0,77
2261401,42,0,3,0,23,26,0,4,14,18,44,0,0,0,5,5,0,0,6,6,11,6,103
2261402,27,0,0,0,19,19,0,3,5,8,27,0,0,0,4,4,0,3,7,10,14,0,68
2261403,32,0,0,0,20,20,0,6,7,13,33,0,0,0,0,0,4,0,0,4,4,0,69
2261404,46,0,0,0,18,18,0,5,0,5,23,0,3,0,3,6,0,0,3,3,9,3,81
2261405,44,0,0,0,0,0,0,0,0,0,0,0,0,0,4,4,0,3,3,6,10,4,58
2261406,52,0,0,0,7,7,3,3,3,9,16,0,0,0,0,0,0,3,0,3,3,9,80
2261407,15,0,0,0,4,4,0,5,0,5,9,0,0,3,3,6,0,3,4,7,13,0,37
2261408,30,0,0,0,17,17,0,5,0,5,22,0,0,0,3,3,0,0,0,0,3,3,58
2261409,60,0,4,0,27,31,0,0,10,10,41,0,0,0,0,0,0,4,4,8,8,4,113
2261410,46,0,0,0,20,20,0,0,8,8,28,0,0,0,8,8,0,0,0,0,8,3,85
2261411,43,0,0,0,14,14,0,3,7,10,24,0,0,0,0,0,0,0,0,0,0,9,76
2261412,3,0,0,0,0,0,0,0,0,0,0,0,0,0,0,0,0,0,0,0,0,0,3
2261413,17,0,3,0,3,6,0,0,4,4,10,0,5,4,9,18,3,5,9,17,35,0,62
2261501,60,0,0,0,15,15,0,3,4,7,22,0,0,0,9,9,0,0,9,9,18,3,103
2261502,59,0,3,0,14,17,0,5,7,12,29,0,0,0,7,7,0,0,9,9,16,3,107
2261503,54,0,3,0,34,37,5,0,9,14,51,0,3,0,0,3,0,0,4,4,7,0,112
2261504,38,0,0,0,9,9,0,0,4,4,13,0,0,0,3,3,0,3,3,6,9,0,60
2261505,27,0,0,0,6,6,4,3,0,7,13,0,0,0,8,8,0,0,0,0,8,3,51
2261506,22,0,0,4,14,18,3,5,0,8,26,0,0,0,9,9,0,6,3,9,18,5,71
2261601,51,0,0,0,15,15,0,0,0,0,15,0,0,0,3,3,0,3,0,3,6,6,78
2261602,72,3,0,0,15,18,0,6,3,9,27,0,0,0,3,3,3,3,3,9,12,12,123
2261603,34,0,3,0,16,19,0,3,3,6,25,0,0,0,7,7,0,3,5,8,15,7,81
2261604,47,0,3,0,14,17,0,5,6,11,28,0,0,0,0,0,3,0,6,9,9,7,91
2261605,55,0,0,0,14,14,0,10,5,15,29,0,0,5,0,5,0,0,6,6,11,4,99
2261606,28,0,0,0,13,13,3,0,3,6,19,0,0,0,0,0,0,0,0,0,0,0,47
2261607,44,0,0,0,9,9,0,4,4,8,17,0,0,0,0,0,0,0,7,7,7,11,79
2261608,23,0,0,0,7,7,0,0,0,0,7,0,0,0,0,0,0,0,0,0,0,4,34
2261609,39,0,0,0,13,13,0,5,0,5,18,0,3,0,0,3,0,0,3,3,6,6,69
2261610,45,0,0,0,16,16,0,0,7,7,23,0,0,0,7,7,0,0,0,0,7,4,79
2261701,24,0,7,0,33,40,3,5,10,18,58,0,0,0,0,0,0,3,3,6,6,0,88
2261702,55,0,12,0,48,60,4,15,23,42,102,0,0,0,7,7,3,0,10,13,20,3,180
2261703,54,3,17,0,48,68,10,16,14,40,108,0,0,0,0,0,3,3,9,15,15,0,177
2261704,53,0,11,0,55,66,6,7,19,32,98,0,0,0,0,0,0,0,10,10,10,3,164
2261705,28,0,6,0,32,38,4,10,5,19,57,0,0,0,9,9,0,4,5,9,18,0,103
2261706,31,0,13,0,42,55,8,7,11,26,81,0,0,0,0,0,0,0,0,0,0,5,117
2261707,22,0,10,0,32,42,6,13,13,32,74,0,0,0,3,3,0,0,3,3,6,0,102
2261708,54,0,4,0,43,47,10,8,4,22,69,0,0,0,4,4,0,4,9,13,17,0,140
2261709,37,0,6,0,43,49,3,11,17,31,80,0,0,0,0,0,0,0,4,4,4,6,127
2261801,27,0,9,0,25,34,4,8,0,12,46,0,0,0,0,0,0,0,6,6,6,6,85
2261802,40,0,6,0,46,52,8,24,11,43,95,0,0,3,3,6,3,6,5,14,20,3,158
2261803,23,0,3,0,20,23,0,6,6,12,35,0,0,0,0,0,0,4,5,9,9,0,67
2261804,60,0,5,0,39,44,6,0,8,14,58,0,0,5,4,9,0,3,3,6,15,5,138
2261805,64,3,8,0,36,47,3,8,13,24,71,0,3,0,3,6,0,0,4,4,10,3,148
2261806,70,3,8,0,40,51,9,16,14,39,90,0,0,0,11,11,0,4,6,10,21,8,189
2261807,28,0,18,0,12,30,4,12,13,29,59,0,5,0,0,5,0,0,0,0,5,3,95
2261808,23,5,10,0,30,45,5,18,9,32,77,0,3,0,3,6,0,3,7,10,16,0,116
2261809,51,0,16,0,46,62,12,11,7,30,92,0,3,0,7,10,0,3,6,9,19,7,169
2261810,34,0,3,0,11,14,3,3,6,12,26,0,0,0,6,6,0,0,7,7,13,4,77
2261811,29,3,3,0,19,25,0,6,7,13,38,0,0,0,0,0,3,3,3,9,9,6,82
2261901,72,4,10,0,40,54,3,8,20,31,85,0,3,0,8,11,0,12,8,20,31,13,201
2261902,26,0,9,3,32,44,4,8,13,25,69,0,0,0,3,3,0,4,5,9,12,0,107
2261903,49,4,17,0,53,74,6,14,18,38,112,0,3,0,6,9,3,3,3,9,18,6,185
2261904,44,0,8,0,48,56,5,17,4,26,82,0,0,0,7,7,0,3,9,12,19,4,149
2261905,46,0,13,0,37,50,5,19,8,32,82,0,0,0,0,0,0,0,3,3,3,0,131
2261906,66,3,11,0,55,69,8,9,6,23,92,0,0,0,3,3,0,5,5,10,13,4,175
2261907,68,0,16,3,76,95,4,15,19,38,133,0,0,0,6,6,0,0,17,17,23,3,227
2261908,64,0,11,0,69,80,5,12,10,27,107,0,0,0,10,10,0,4,9,13,23,7,201
2261909,72,0,10,0,63,73,4,10,14,28,101,0,0,0,11,11,0,0,10,10,21,4,198
2261910,59,0,0,0,49,49,3,7,9,19,68,0,0,0,7,7,0,0,12,12,19,14,160
2261911,48,0,8,0,58,66,6,11,9,26,92,0,0,0,7,7,0,5,10,15,22,3,165
2270101,82,0,9,0,35,44,4,12,17,33,77,0,0,0,6,6,0,0,9,9,15,5,179
2270102,62,4,12,0,42,58,6,9,13,28,86,0,3,0,8,11,3,3,3,9,20,0,168
2270103,49,0,19,0,24,43,6,10,13,29,72,0,3,0,5,8,0,4,6,10,18,0,139
2270104,61,0,21,4,24,49,6,19,14,39,88,0,3,0,3,6,0,0,6,6,12,3,164
2270105,26,0,10,0,24,34,6,7,9,22,56,0,0,0,0,0,0,3,3,6,6,5,93
2270106,29,0,8,4,19,31,3,5,7,15,46,0,5,0,5,10,0,0,5,5,15,0,90
2270107,42,10,8,0,25,43,3,3,3,9,52,3,3,0,0,6,0,3,4,7,13,3,110
2270108,56,10,15,0,65,90,4,11,7,22,112,0,0,0,5,5,0,3,5,8,13,0,181
2270109,33,3,6,4,17,30,3,6,3,12,42,0,0,0,0,0,0,5,0,5,5,0,80
2270110,41,0,7,0,33,40,5,4,9,18,58,0,0,0,3,3,5,0,4,9,12,5,116
2270111,21,5,12,0,12,29,10,6,6,22,51,0,0,0,0,0,0,0,4,4,4,5,81
2270201,38,0,0,0,30,30,0,3,8,11,41,0,0,0,5,5,0,0,5,5,10,4,93
2270202,41,0,4,3,27,34,0,6,8,14,48,0,0,0,4,4,0,0,7,7,11,0,100
2270203,73,0,6,0,31,37,5,13,10,28,65,3,0,0,0,3,0,0,3,3,6,4,148
2270204,28,0,0,0,20,20,0,10,4,14,34,0,0,0,5,5,3,0,3,6,11,3,76
2270205,70,0,5,0,28,33,0,8,0,8,41,0,0,0,8,8,0,4,10,14,22,11,144
2270206,40,0,5,0,18,23,3,6,3,12,35,0,0,0,6,6,0,0,3,3,9,3,87
2270207,28,0,0,0,17,17,0,6,6,12,29,0,0,0,0,0,0,5,0,5,5,5,67
2270208,35,0,7,0,24,31,0,0,5,5,36,0,0,0,6,6,3,3,3,9,15,0,86
2270209,76,0,10,0,26,36,4,4,4,12,48,0,3,0,4,7,0,4,6,10,17,4,145
2270210,52,0,3,0,26,29,0,4,0,4,33,0,0,0,12,12,0,3,9,12,24,5,114
2270211,33,0,8,0,20,28,3,7,5,15,43,0,0,0,0,0,0,3,3,6,6,0,82
2270212,49,0,8,0,38,46,3,10,11,24,70,0,0,0,9,9,0,4,7,11,20,3,142
2270213,0,0,0,0,0,0,0,0,0,0,0,0,0,0,0,0,0,0,0,0,0,0,0
2270301,76,0,10,0,34,44,4,8,11,23,67,0,0,0,4,4,3,3,3,9,13,7,163
2270302,63,0,5,0,24,29,0,8,19,27,56,0,0,0,10,10,0,4,7,11,21,7,147
2270303,89,0,17,0,69,86,14,19,18,51,137,0,0,0,0,0,0,8,7,15,15,7,248
2270304,59,0,5,4,34,43,3,6,8,17,60,0,3,0,8,11,0,3,8,11,22,5,146
2270305,36,0,3,0,24,27,3,3,5,11,38,0,0,0,0,0,0,0,9,9,9,3,86
2270306,60,0,5,0,35,40,4,10,12,26,66,0,0,0,10,10,0,3,4,7,17,0,143
2270307,21,0,0,0,16,16,0,4,3,7,23,0,0,0,3,3,0,4,3,7,10,6,60
2270308,36,0,0,3,14,17,3,0,6,9,26,0,0,0,7,7,0,0,0,0,7,11,80
2270309,47,0,7,0,30,37,6,5,8,19,56,0,0,0,3,3,0,4,12,16,19,9,131
2270310,29,0,4,0,13,17,3,4,0,7,24,0,0,0,4,4,0,0,8,8,12,0,65
2270311,14,0,4,0,17,21,0,3,4,7,28,0,0,0,3,3,0,0,3,3,6,0,48
2270312,13,0,0,0,8,8,0,3,0,3,11,0,0,0,0,0,0,0,0,0,0,0,24
2270401,36,0,12,0,34,46,14,19,8,41,87,0,0,0,3,3,0,3,3,6,9,0,132
2270402,43,0,14,0,21,35,6,8,8,22,57,0,0,3,3,6,0,6,0,6,12,7,119
2270403,37,6,16,0,24,46,14,18,28,60,106,0,0,0,3,3,0,3,6,9,12,5,160
2270404,50,0,6,0,40,46,7,11,12,30,76,0,0,0,5,5,0,0,7,7,12,3,141
2270405,75,0,0,3,46,49,6,15,16,37,86,3,3,3,6,15,3,4,7,14,29,0,190
2270406,49,0,5,0,31,36,0,5,11,16,52,0,0,0,3,3,4,0,6,10,13,7,121
2270407,64,5,8,0,35,48,5,10,21,36,84,3,3,0,4,10,0,4,18,22,32,0,180
2270408,35,0,6,0,23,29,4,7,13,24,53,0,0,4,0,4,0,0,7,7,11,0,99
2270409,54,3,3,0,23,29,8,9,9,26,55,0,3,0,4,7,0,7,3,10,17,0,126
2270410,43,0,3,0,22,25,6,8,9,23,48,0,0,0,0,0,0,0,11,11,11,4,106
2270501,53,0,12,0,19,31,0,3,4,7,38,0,3,0,4,7,0,0,4,4,11,0,102
2270502,43,0,5,0,48,53,0,9,14,23,76,0,0,0,8,8,0,0,8,8,16,4,139
2270503,64,0,17,0,49,66,6,11,7,24,90,0,0,0,8,8,0,3,7,10,18,3,175
2270504,42,6,16,0,32,54,8,14,8,30,84,0,4,0,4,8,0,3,7,10,18,4,148
2270505,44,0,3,5,41,49,7,6,9,22,71,0,3,0,7,10,0,3,3,6,16,3,134
2270506,43,0,3,0,33,36,3,6,5,14,50,0,0,0,0,0,0,0,7,7,7,0,100
2270507,43,0,0,0,13,13,3,3,6,12,25,0,0,0,12,12,0,0,6,6,18,8,94
2270508,16,0,6,0,16,22,0,6,0,6,28,0,0,0,8,8,0,4,4,8,16,0,60
2270509,45,3,9,0,39,51,3,9,9,21,72,0,0,0,7,7,0,3,6,9,16,4,137
2270510,13,0,5,0,11,16,0,0,7,7,23,0,0,0,3,3,0,0,3,3,6,3,45
2270511,22,0,3,0,20,23,0,3,5,8,31,0,0,0,3,3,0,0,4,4,7,0,60
2270601,27,0,6,0,42,48,0,8,7,15,63,0,6,0,0,6,0,0,5,5,11,0,101
2270602,40,0,4,0,46,50,0,9,7,16,66,0,0,0,4,4,0,5,4,9,13,5,124
2270603,36,0,3,0,22,25,0,6,0,6,31,0,0,0,8,8,0,0,5,5,13,4,84
2270604,53,0,15,0,48,63,8,3,13,24,87,0,0,0,13,13,0,0,12,12,25,0,165
2270605,48,0,9,0,32,41,7,9,8,24,65,0,0,0,10,10,3,3,5,11,21,0,134
2270606,38,0,7,0,29,36,5,10,5,20,56,0,0,0,6,6,0,5,11,16,22,3,119
2270607,70,0,5,3,11,19,0,0,8,8,27,0,0,0,7,7,0,0,8,8,15,7,119
2270608,49,0,14,4,37,55,3,6,10,19,74,3,0,0,4,7,0,0,11,11,18,3,144
2270609,83,0,9,3,41,53,4,13,15,32,85,0,0,0,14,14,0,6,10,16,30,6,204
2270610,40,0,4,3,44,51,3,4,5,12,63,0,0,0,0,0,0,9,7,16,16,3,122
2270611,36,0,8,0,25,33,0,6,3,9,42,0,3,0,11,14,0,3,4,7,21,4,103
2270612,57,0,5,0,32,37,0,7,8,15,52,0,0,0,0,0,0,0,15,15,15,5,129
2270613,19,0,0,0,18,18,0,0,0,0,18,0,0,0,3,3,0,3,3,6,9,3,49
2270701,93,0,5,0,65,70,3,8,5,16,86,0,0,0,6,6,0,5,8,13,19,10,208
2270702,71,0,6,0,57,63,3,15,7,25,88,0,5,0,6,11,0,0,22,22,33,6,198
2270703,70,3,16,4,65,88,12,21,18,51,139,0,4,0,8,12,0,5,9,14,26,4,239
2270704,56,0,7,0,39,46,8,15,13,36,82,0,0,0,7,7,0,0,13,13,20,0,158
2270705,51,0,14,5,46,65,9,13,14,36,101,0,0,0,6,6,0,0,10,10,16,3,171
2270706,74,0,14,0,54,68,9,6,11,26,94,0,4,0,6,10,0,7,11,18,28,3,199
2270707,42,0,5,4,44,53,0,7,7,14,67,0,4,0,10,14,0,3,8,11,25,0,134
2270708,50,0,8,0,61,69,8,10,6,24,93,0,0,0,9,9,0,4,9,13,22,5,170
2270709,22,0,0,0,10,10,5,3,3,11,21,0,0,0,3,3,3,0,6,9,12,0,55
2270710,64,0,9,0,43,52,4,8,15,27,79,0,0,0,8,8,0,5,6,11,19,3,165
2270801,80,0,11,4,42,57,5,9,8,22,79,3,3,0,3,9,0,3,3,6,15,3,177
2270802,37,0,4,5,21,30,0,11,11,22,52,0,0,0,6,6,3,0,8,11,17,0,106
2270803,82,0,15,5,59,79,15,30,19,64,143,0,5,3,8,16,6,0,13,19,35,7,267
2270804,76,0,14,0,56,70,6,18,21,45,115,0,0,0,0,0,0,9,5,14,14,5,210
2270805,79,0,9,0,42,51,3,12,9,24,75,0,3,0,12,15,0,0,12,12,27,3,184
2270806,72,0,8,3,73,84,5,18,10,33,117,0,0,3,11,14,0,7,7,14,28,0,217
2270807,60,4,6,0,61,71,9,9,21,39,110,0,0,3,7,10,5,3,10,18,28,0,198
2270808,67,0,13,0,48,61,3,18,28,49,110,0,0,0,5,5,0,5,8,13,18,7,202
2270809,38,0,4,0,25,29,7,5,8,20,49,0,0,0,7,7,0,3,3,6,13,0,100
2270810,62,0,5,0,43,48,3,12,3,18,66,0,0,0,7,7,0,5,7,12,19,5,152
2270901,50,0,0,0,33,33,0,5,3,8,41,0,0,3,3,6,0,3,9,12,18,11,120
2270902,31,0,0,0,17,17,0,3,3,6,23,0,0,0,5,5,0,0,9,9,14,10,78
2270903,82,0,10,3,52,65,0,18,25,43,108,0,3,0,13,16,3,5,6,14,30,6,226
2270904,37,0,0,0,17,17,0,0,0,0,17,0,3,0,4,7,0,0,0,0,7,7,68
2270905,71,0,6,0,23,29,3,3,3,9,38,0,0,0,6,6,0,4,4,8,14,10,133
2270906,54,0,3,0,19,22,0,6,3,9,31,0,0,0,9,9,0,0,8,8,17,3,105
2270907,41,0,4,0,22,26,0,0,8,8,34,0,0,0,0,0,0,3,0,3,3,0,78
2270908,47,3,0,0,23,26,4,3,7,14,40,0,0,0,13,13,3,3,4,10,23,0,110
2270909,59,0,0,0,20,20,0,0,0,0,20,0,0,0,8,8,0,0,7,7,15,9,103
2270910,62,0,3,3,32,38,4,5,3,12,50,0,0,0,9,9,0,6,4,10,19,0,131
2270911,18,0,4,0,14,18,0,3,7,10,28,0,0,0,6,6,0,0,4,4,10,0,56
2271001,29,0,0,0,35,35,0,10,6,16,51,0,0,0,3,3,0,3,9,12,15,6,101
2271002,71,0,0,0,52,52,5,0,5,10,62,0,0,0,3,3,0,0,10,10,13,5,151
2271003,54,0,4,0,21,25,0,6,7,13,38,0,0,0,5,5,0,0,6,6,11,4,107
2271004,49,0,9,0,24,33,0,0,0,0,33,0,0,0,7,7,0,0,8,8,15,14,111
2271005,85,5,10,4,46,65,0,13,16,29,94,0,4,0,3,7,0,0,9,9,16,8,203
2271006,62,0,0,0,41,41,3,0,9,12,53,0,0,0,4,4,3,0,13,16,20,10,145
2271007,57,0,13,0,32,45,7,4,7,18,63,0,0,0,5,5,0,4,10,14,19,5,144
2271008,50,0,0,0,14,14,3,0,3,6,20,0,0,0,8,8,0,5,0,5,13,7,90
2271009,41,0,3,3,32,38,0,4,7,11,49,0,0,0,5,5,0,3,8,11,16,3,109
2271010,72,0,0,0,27,27,0,9,10,19,46,0,0,0,5,5,0,3,15,18,23,7,148
2271101,63,0,10,3,54,67,5,9,16,30,97,0,0,0,6,6,4,0,18,22,28,3,191
2271102,73,0,17,0,60,77,3,10,14,27,104,0,5,0,4,9,0,4,12,16,25,7,209
2271103,50,0,3,0,13,16,3,0,5,8,24,0,0,0,3,3,0,0,7,7,10,11,95
2271104,62,0,9,0,27,36,0,6,7,13,49,0,0,0,3,3,0,4,6,10,13,9,133
2271105,52,0,0,3,47,50,4,6,8,18,68,0,3,0,4,7,0,8,6,14,21,7,148
2271106,45,0,0,0,18,18,0,5,6,11,29,0,0,0,4,4,0,0,7,7,11,0,85
2271107,57,0,10,3,36,49,9,3,12,24,73,0,0,0,3,3,3,6,9,18,21,4,155
2271108,46,0,5,0,36,41,0,9,4,13,54,0,0,0,0,0,0,0,9,9,9,10,119
2271109,41,3,4,3,30,40,0,3,3,6,46,0,5,0,3,8,0,0,6,6,14,4,105
2271201,33,0,11,4,51,66,0,6,5,11,77,0,0,0,8,8,0,4,10,14,22,0,132
2271202,79,0,13,5,69,87,6,8,31,45,132,0,0,0,9,9,4,4,16,24,33,3,247
2271203,50,0,0,0,56,56,4,10,6,20,76,0,3,0,8,11,0,3,6,9,20,3,149
2271204,71,0,9,0,36,45,3,8,11,22,67,0,3,0,6,9,0,0,8,8,17,7,162
2271205,38,4,4,0,39,47,0,3,8,11,58,0,3,0,3,6,0,0,4,4,10,3,109
2271206,59,0,5,0,26,31,0,4,7,11,42,0,0,0,6,6,0,0,10,10,16,9,126
2271207,34,0,4,0,16,20,0,6,0,6,26,0,0,0,4,4,0,0,6,6,10,3,73
2271208,61,0,5,0,41,46,3,10,18,31,77,0,0,0,9,9,0,0,18,18,27,6,171
2271209,56,0,0,0,13,13,0,7,0,7,20,0,0,0,7,7,0,5,3,8,15,10,101
2271210,34,6,10,0,44,60,3,12,8,23,83,0,3,0,3,6,0,0,8,8,14,0,131
2271211,41,0,0,0,18,18,0,3,5,8,26,0,0,0,0,0,0,0,9,9,9,0,76
2271212,37,0,5,5,15,25,3,5,16,24,49,0,0,0,6,6,0,5,3,8,14,3,103
2271301,46,0,3,0,26,29,0,5,5,10,39,0,0,0,8,8,0,0,8,8,16,7,108
2271302,74,0,9,0,43,52,0,13,9,22,74,0,0,0,10,10,3,0,10,13,23,4,175
2271303,30,0,0,0,22,22,4,0,11,15,37,0,0,0,0,0,0,7,0,7,7,5,79
2271304,63,0,15,0,75,90,9,14,9,32,122,0,4,0,6,10,0,7,9,16,26,3,214
2271305,43,0,7,4,37,48,0,10,13,23,71,0,0,0,5,5,3,0,8,11,16,3,133
2271306,58,0,0,0,33,33,5,8,9,22,55,0,4,0,0,4,3,3,3,9,13,0,126
2271307,62,0,11,0,76,87,5,15,10,30,117,0,0,0,8,8,0,3,12,15,23,5,207
2271308,19,0,7,3,43,53,3,7,8,18,71,0,0,0,4,4,5,3,5,13,17,0,107
2271309,50,0,0,0,27,27,4,9,6,19,46,0,0,0,0,0,0,0,8,8,8,3,107
2271310,25,0,3,3,6,12,0,3,0,3,15,0,0,0,4,4,0,0,0,0,4,3,47
2271311,75,0,3,0,43,46,0,6,8,14,60,0,0,0,6,6,0,4,7,11,17,4,156
2271401,47,0,6,0,61,67,0,11,11,22,89,0,0,0,7,7,0,4,3,7,14,3,153
2271402,46,0,12,0,45,57,0,6,8,14,71,0,0,0,10,10,0,4,8,12,22,0,139
2271403,57,0,10,0,73,83,4,12,14,30,113,5,0,3,0,8,3,6,8,17,25,3,198
2271404,29,0,4,0,10,14,0,5,0,5,19,0,0,0,0,0,0,0,0,0,0,0,48
2271405,63,0,5,4,41,50,6,4,9,19,69,0,0,0,12,12,0,8,6,14,26,0,158
2271406,80,0,18,0,58,76,12,12,16,40,116,3,3,0,5,11,3,10,9,22,33,4,233
2271407,68,5,8,0,49,62,7,9,16,32,94,0,7,0,0,7,0,0,4,4,11,4,177
2271408,27,0,0,0,12,12,0,7,0,7,19,0,0,0,3,3,0,4,0,4,7,4,57
2271409,73,0,13,0,67,80,3,13,23,39,119,0,4,0,7,11,0,7,9,16,27,5,224
2271410,50,0,5,0,44,49,6,9,16,31,80,0,5,0,6,11,0,7,4,11,22,0,152
2271411,44,0,7,4,43,54,0,13,7,20,74,0,3,0,4,7,0,0,3,3,10,0,128
2271412,52,0,12,0,47,59,7,6,10,23,82,0,5,0,7,12,0,3,7,10,22,4,160
2271501,81,0,18,0,34,52,8,15,6,29,81,0,0,0,6,6,3,4,6,13,19,0,181
2271502,16,0,7,0,17,24,0,4,6,10,34,0,0,0,0,0,0,0,5,5,5,0,55
2271503,37,0,5,7,22,34,3,7,9,19,53,0,0,0,9,9,0,0,0,0,9,6,105
2271504,55,5,0,0,34,39,3,6,15,24,63,0,0,0,5,5,0,4,3,7,12,0,130
2271505,70,0,19,0,39,58,7,11,21,39,97,0,0,0,5,5,3,0,15,18,23,0,190
2271506,53,0,14,4,46,64,4,10,13,27,91,0,3,0,6,9,0,0,10,10,19,3,166
2271507,72,0,3,0,49,52,4,11,9,24,76,3,0,0,3,6,0,0,5,5,11,3,162
2271508,42,0,10,0,28,38,5,10,6,21,59,0,0,0,6,6,0,0,0,0,6,0,107
2271509,36,0,3,0,23,26,3,11,3,17,43,4,0,0,4,8,0,0,10,10,18,0,97
2271510,31,0,4,5,19,28,0,5,10,15,43,0,0,0,0,0,0,5,0,5,5,0,79
2271511,42,0,11,0,29,40,0,7,10,17,57,0,4,0,3,7,0,6,0,6,13,6,118
2271601,85,0,21,0,28,49,3,14,17,34,83,0,3,0,5,8,0,4,4,8,16,4,188
2271602,43,5,5,0,16,26,0,7,5,12,38,0,0,0,0,0,0,0,9,9,9,6,96
2271603,46,0,11,0,25,36,0,6,16,22,58,0,0,0,7,7,0,0,6,6,13,8,125
2271604,88,0,13,0,42,55,9,17,15,41,96,0,0,0,8,8,0,0,4,4,12,3,199
2271605,80,0,20,0,40,60,4,17,15,36,96,0,0,0,0,0,0,3,7,10,10,0,186
2271606,64,0,13,0,52,65,4,6,19,29,94,0,0,0,5,5,0,7,0,7,12,3,173
2271607,61,0,10,0,32,42,0,10,11,21,63,0,0,0,4,4,0,0,8,8,12,0,136
2271608,84,4,20,0,45,69,10,13,16,39,108,0,0,5,4,9,0,4,13,17,26,4,222
2271609,49,0,9,5,25,39,0,10,8,18,57,0,3,0,3,6,0,4,3,7,13,0,119
2271610,59,0,7,0,16,23,5,7,11,23,46,0,3,0,3,6,3,4,5,12,18,3,126
2271701,84,0,19,0,59,78,6,24,12,42,120,0,3,0,6,9,0,5,15,20,29,0,233
2271702,39,0,8,0,33,41,10,14,14,38,79,0,0,0,6,6,0,0,0,0,6,4,128
2271703,66,0,27,0,52,79,12,21,13,46,125,0,4,0,4,8,5,9,5,19,27,0,218
2271704,50,0,12,0,42,54,3,13,15,31,85,0,0,0,3,3,0,4,3,7,10,3,148
2271705,33,0,10,0,35,45,11,8,8,27,72,0,0,0,5,5,3,0,6,9,14,0,119
2271706,69,3,9,0,75,87,9,24,19,52,139,0,0,0,4,4,3,6,16,25,29,0,237
2271707,68,0,24,0,67,91,8,15,17,40,131,0,3,0,6,9,3,9,14,26,35,3,237
2271708,51,0,7,0,57,64,5,11,13,29,93,0,8,0,4,12,0,4,9,13,25,0,169
2271709,26,0,3,3,21,27,3,3,7,13,40,0,0,0,4,4,0,7,3,10,14,0,80
2271710,45,0,6,0,37,43,3,6,12,21,64,0,3,0,5,8,4,0,4,8,16,0,125
2271711,72,0,12,0,63,75,7,16,19,42,117,0,3,0,6,9,0,6,11,17,26,0,215
2271801,67,0,18,3,57,78,11,12,10,33,111,0,0,0,0,0,0,0,8,8,8,0,186
2271802,68,0,8,0,62,70,5,13,19,37,107,0,0,0,8,8,0,10,10,20,28,3,206
2271803,31,0,0,0,11,11,0,3,5,8,19,0,0,0,3,3,3,0,3,6,9,0,59
2271804,31,0,3,0,35,38,5,7,8,20,58,0,5,0,0,5,0,0,6,6,11,5,105
2271805,59,0,13,0,61,74,10,11,8,29,103,0,5,0,4,9,0,6,10,16,25,0,187
2271806,75,0,13,0,62,75,6,12,14,32,107,0,3,0,4,7,0,0,9,9,16,0,198
2271807,74,0,13,0,35,48,6,17,9,32,80,0,0,0,10,10,0,3,9,12,22,6,182
2271808,107,0,11,0,62,73,6,19,14,39,112,0,0,0,8,8,0,5,11,16,24,0,243
2271809,69,0,11,0,47,58,5,15,7,27,85,0,0,0,4,4,0,3,5,8,12,5,171
2271810,38,0,11,0,23,34,5,9,6,20,54,0,0,0,6,6,3,3,0,6,12,0,104
2271811,56,4,9,0,76,89,5,22,24,51,140,4,0,0,7,11,4,0,4,8,19,0,215
2271901,50,0,12,0,31,43,6,12,11,29,72,0,3,0,3,6,0,0,10,10,16,4,142
2271902,89,4,7,3,55,69,8,15,20,43,112,0,0,0,11,11,0,6,13,19,30,0,231
2271903,49,0,0,0,14,14,3,3,8,14,28,0,3,0,5,8,0,3,9,12,20,3,100
2271904,95,0,10,3,37,50,11,9,7,27,77,0,3,3,8,14,0,0,16,16,30,0,202
2271905,57,0,16,0,21,37,4,13,7,24,61,0,0,0,7,7,8,0,8,16,23,0,141
2271906,81,0,12,7,40,59,4,12,21,37,96,0,0,0,5,5,0,0,7,7,12,0,189
2271907,64,5,14,0,57,76,12,20,14,46,122,0,5,0,6,11,0,6,11,17,28,3,217
2271908,81,0,12,0,50,62,5,7,19,31,93,0,0,0,6,6,0,6,10,16,22,0,196
2271909,16,0,0,0,15,15,3,3,3,9,24,0,0,0,3,3,3,0,3,6,9,0,49
2271910,36,0,0,3,22,25,5,5,0,10,35,0,0,0,0,0,0,3,3,6,6,0,77
2271911,45,4,11,0,35,50,4,6,9,19,69,0,0,0,0,0,6,0,6,12,12,0,126
2272001,57,0,19,3,42,64,8,11,17,36,100,0,0,0,6,6,0,0,7,7,13,0,170
2272002,78,0,15,0,35,50,8,17,14,39,89,0,0,0,7,7,4,0,4,8,15,0,182
2272003,43,3,10,3,50,66,3,13,13,29,95,0,3,0,3,6,0,0,4,4,10,0,148
2272004,68,3,10,4,56,73,9,19,13,41,114,5,0,0,5,10,0,5,9,14,24,3,209
2272005,91,0,12,5,54,71,9,16,26,51,122,0,5,0,3,8,3,7,3,13,21,0,234
2272006,63,0,23,4,62,89,4,8,13,25,114,0,0,0,0,0,5,0,8,13,13,3,193
2272007,76,0,10,4,54,68,11,10,23,44,112,0,5,0,6,11,0,0,6,6,17,0,205
2272008,69,0,8,0,33,41,6,9,14,29,70,0,0,0,5,5,0,5,9,14,19,3,161
2272101,69,0,19,6,74,99,8,21,8,37,136,0,0,0,14,14,0,5,8,13,27,0,232
2272102,55,5,8,0,72,85,7,14,14,35,120,0,0,0,12,12,0,4,9,13,25,4,204
2272103,25,3,10,0,36,49,4,10,7,21,70,0,0,0,4,4,0,0,8,8,12,0,107
2272104,32,0,12,0,25,37,0,6,4,10,47,0,0,0,3,3,3,6,3,12,15,6,100
2272105,45,4,6,0,58,68,6,11,4,21,89,0,0,0,10,10,5,0,8,13,23,0,157
2272106,53,0,11,6,47,64,4,10,10,24,88,0,0,0,9,9,0,3,8,11,20,0,161
2272107,44,0,13,3,68,84,6,16,21,43,127,0,5,0,16,21,0,3,10,13,34,3,208
2272108,17,0,4,0,15,19,0,4,5,9,28,0,0,0,0,0,4,0,0,4,4,0,49
2272109,36,0,8,0,48,56,0,7,8,15,71,0,0,0,0,0,0,3,4,7,7,4,118
2272110,42,4,6,0,41,51,4,3,8,15,66,0,0,0,9,9,3,8,3,14,23,0,131
2272111,16,0,3,0,17,20,0,3,6,9,29,0,0,0,0,0,0,0,4,4,4,4,53
2272112,27,0,17,0,52,69,5,10,4,19,88,0,3,0,10,13,0,0,3,3,16,0,131
2272201,68,0,11,0,37,48,11,7,9,27,75,0,0,0,6,6,6,0,4,10,16,0,159
2272202,33,0,6,5,33,44,3,9,17,29,73,0,0,0,0,0,0,0,5,5,5,0,111
2272203,41,0,3,0,34,37,0,5,10,15,52,0,0,0,6,6,0,0,9,9,15,0,108
2272204,53,0,11,0,77,88,0,15,15,30,118,0,0,0,10,10,0,5,7,12,22,0,193
2272205,67,0,8,4,63,75,9,5,18,32,107,0,7,0,5,12,0,4,7,11,23,5,202
2272206,59,0,4,0,27,31,3,8,10,21,52,0,0,0,6,6,0,4,5,9,15,0,126
2272207,26,0,0,0,20,20,0,9,6,15,35,0,0,0,0,0,0,0,5,5,5,0,66
2272208,57,0,3,0,39,42,3,8,3,14,56,0,0,0,4,4,0,0,6,6,10,7,130
2272209,53,3,3,3,45,54,0,8,6,14,68,0,0,5,15,20,0,5,14,19,39,0,160
2272210,50,0,3,0,30,33,8,7,12,27,60,0,3,0,3,6,0,0,11,11,17,0,127
2272301,79,0,12,3,100,115,9,14,20,43,158,0,6,0,19,25,0,5,17,22,47,4,288
2272302,43,0,0,0,31,31,4,10,5,19,50,0,0,4,12,16,0,0,0,0,16,3,112
2272303,37,4,9,0,29,42,0,11,5,16,58,0,0,0,8,8,0,0,9,9,17,3,115
2272304,53,0,5,4,48,57,9,3,18,30,87,0,0,0,3,3,0,8,10,18,21,3,164
2272305,88,0,11,3,60,74,5,9,25,39,113,0,3,0,17,20,0,4,14,18,38,8,247
2272306,97,0,11,0,62,73,3,7,20,30,103,0,3,0,12,15,0,4,18,22,37,5,242
2272307,50,0,6,0,64,70,5,6,8,19,89,0,0,0,6,6,0,0,9,9,15,5,159
2272308,56,0,0,0,41,41,5,8,9,22,63,0,0,0,6,6,3,0,7,10,16,3,138
2272309,40,0,3,0,44,47,0,3,4,7,54,0,0,3,4,7,0,0,8,8,15,0,109
2272310,29,0,5,0,28,33,0,7,16,23,56,0,0,0,4,4,0,0,10,10,14,3,102
2272311,80,0,12,0,79,91,9,21,23,53,144,0,0,4,13,17,3,5,17,25,42,6,272
2272401,104,4,9,3,67,83,5,10,29,44,127,0,3,0,12,15,0,4,21,25,40,3,274
2272402,51,0,10,0,24,34,3,0,16,19,53,0,0,0,3,3,0,0,12,12,15,3,122
2272403,41,0,9,0,37,46,3,3,15,21,67,0,0,0,8,8,0,4,10,14,22,4,134
2272404,63,4,8,3,35,50,0,9,20,29,79,0,0,4,9,13,0,3,8,11,24,3,169
2272405,65,0,6,0,52,58,10,4,26,40,98,0,0,0,11,11,0,0,13,13,24,6,193
2272406,75,0,4,3,35,42,6,3,24,33,75,0,3,3,15,21,0,3,18,21,42,3,195
2272407,91,3,7,3,73,86,9,7,24,40,126,0,4,0,9,13,3,3,7,13,26,0,243
2272408,73,0,12,0,50,62,3,9,23,35,97,0,3,3,8,14,3,0,11,14,28,3,201
2272409,40,0,10,5,33,48,3,9,11,23,71,0,0,0,5,5,0,4,10,14,19,3,133
2272410,40,0,10,0,29,39,4,4,11,19,58,4,0,3,5,12,3,0,10,13,25,0,123
2272411,62,3,10,3,66,82,8,11,25,44,126,0,3,0,14,17,0,5,10,15,32,4,224
2272412,40,0,5,0,20,25,3,8,12,23,48,0,4,0,9,13,0,0,11,11,24,3,115
2272413,32,0,3,3,29,35,4,4,11,19,54,0,0,0,6,6,3,4,13,20,26,3,115
2272414,59,0,13,0,36,49,5,11,15,31,80,0,0,0,4,4,0,0,19,19,23,0,162
2272501,38,0,12,0,46,58,7,7,14,28,86,0,0,0,5,5,0,4,3,7,12,3,139
2272502,56,0,9,3,43,55,0,7,15,22,77,0,4,0,3,7,0,8,7,15,22,5,160
2272503,98,0,12,4,63,79,10,12,19,41,120,0,0,0,19,19,0,0,15,15,34,0,252
2272504,56,0,5,3,43,51,4,4,15,23,74,4,3,3,6,16,0,9,4,13,29,4,163
2272505,51,3,5,3,50,61,7,10,12,29,90,0,8,0,7,15,0,0,21,21,36,4,181
2272506,55,0,6,0,31,37,6,5,15,26,63,0,0,0,12,12,0,3,9,12,24,3,145
2272507,63,0,5,4,37,46,4,5,19,28,74,0,3,0,9,12,0,0,12,12,24,8,169
2272508,43,0,9,0,36,45,9,13,11,33,78,0,3,0,12,15,3,3,3,9,24,5,150
2272509,62,0,7,0,38,45,4,5,21,30,75,3,3,0,3,9,0,0,11,11,20,7,164
2272510,26,0,0,0,22,22,0,6,12,18,40,0,0,0,3,3,0,3,3,6,9,3,78
2272511,33,0,3,0,29,32,0,0,10,10,42,0,0,0,6,6,0,0,6,6,12,3,90
2272512,12,0,5,3,34,42,3,0,8,11,53,0,4,0,3,7,0,0,0,0,7,5,77
2272601,26,0,6,0,27,33,3,6,9,18,51,0,0,0,0,0,0,0,5,5,5,0,82
2272602,52,0,4,0,45,49,0,6,9,15,64,0,3,0,3,6,6,5,4,15,21,0,137
2272603,53,3,4,0,59,66,4,10,10,24,90,0,5,0,10,15,0,0,15,15,30,6,179
2272604,60,0,25,3,71,99,8,11,13,32,131,0,5,0,4,9,5,6,9,20,29,3,223
2272605,54,0,11,0,34,45,3,5,18,26,71,0,3,0,6,9,0,9,9,18,27,10,162
2272606,61,0,7,0,37,44,0,4,12,16,60,0,0,0,6,6,0,4,12,16,22,3,146
2272607,51,3,3,4,43,53,7,12,7,26,79,0,0,3,4,7,0,5,8,13,20,6,156
2272608,35,3,7,0,33,43,6,9,5,20,63,0,0,6,5,11,0,0,5,5,16,3,117
2272609,39,0,3,0,53,56,3,10,5,18,74,0,0,0,4,4,0,3,9,12,16,4,133
2272610,37,0,10,6,34,50,4,3,9,16,66,3,0,0,3,6,0,3,3,6,12,3,118
2272611,26,4,9,0,15,28,3,3,17,23,51,0,0,0,4,4,0,3,4,7,11,0,88
2272612,28,0,7,3,40,50,7,5,14,26,76,0,0,0,7,7,0,3,4,7,14,0,118
2272613,24,0,9,0,37,46,4,3,4,11,57,0,6,0,0,6,0,0,0,0,6,0,87
2272614,68,0,0,0,0,0,0,0,0,0,0,0,0,0,0,0,0,0,0,0,0,0,68
2272701,57,4,10,0,51,65,4,10,16,30,95,0,5,0,11,16,5,4,6,15,31,4,187
2272702,48,0,9,0,48,57,4,5,11,20,77,0,0,0,8,8,0,0,13,13,21,0,146
2272703,78,3,9,3,56,71,0,5,21,26,97,0,5,0,12,17,4,3,15,22,39,0,214
2272704,32,0,10,4,21,35,3,4,5,12,47,0,0,0,4,4,0,3,9,12,16,0,95
2272705,20,0,4,3,17,24,4,7,5,16,40,0,0,0,5,5,4,0,3,7,12,0,72
2272706,98,0,13,0,79,92,9,12,21,42,134,0,3,3,9,15,0,4,15,19,34,8,274
2272707,52,0,4,0,29,33,3,3,9,15,48,0,0,4,3,7,0,5,7,12,19,4,123
2272708,43,0,11,3,40,54,11,0,12,23,77,0,0,0,10,10,0,7,8,15,25,0,145
2272709,67,3,7,3,55,68,0,8,15,23,91,0,7,0,7,14,0,4,12,16,30,0,188
2272710,36,0,13,0,44,57,4,7,4,15,72,0,0,0,9,9,5,0,3,8,17,0,125
2272801,68,0,10,0,47,57,9,4,30,43,100,0,0,0,7,7,0,3,11,14,21,3,192
2272802,29,0,10,5,27,42,3,5,14,22,64,0,0,0,3,3,3,3,3,9,12,3,108
2272803,60,0,8,0,46,54,0,8,19,27,81,0,0,0,13,13,0,0,14,14,27,8,176
2272804,80,6,6,0,42,54,5,8,14,27,81,0,3,0,8,11,3,3,8,14,25,0,186
2272805,68,0,7,0,39,46,0,5,20,25,71,0,0,0,14,14,0,7,5,12,26,4,169
2272806,72,0,9,0,45,54,4,3,19,26,80,0,0,3,6,9,3,0,16,19,28,3,183
2272807,88,0,8,6,42,56,11,13,30,54,110,0,6,0,10,16,4,3,11,18,34,3,235
2272808,44,0,5,3,25,33,5,7,19,31,64,0,4,0,3,7,0,0,13,13,20,5,133
2272809,67,4,8,5,43,60,9,9,19,37,97,0,5,0,7,12,0,6,24,30,42,4,210
2272810,85,0,10,3,60,73,10,9,32,51,124,3,4,0,3,10,3,0,14,17,27,5,241
2272901,47,3,17,0,56,76,8,17,16,41,117,0,3,0,5,8,0,0,16,16,24,4,192
2272902,19,0,8,3,38,49,7,12,14,33,82,0,0,0,5,5,0,5,0,5,10,0,111
2272903,45,0,11,0,57,68,4,12,9,25,93,0,0,0,4,4,0,4,6,10,14,0,152
2272904,65,0,10,3,42,55,10,3,12,25,80,0,0,0,5,5,0,4,12,16,21,5,171
2272905,63,3,13,0,53,69,0,19,11,30,99,0,0,0,3,3,5,0,7,12,15,4,181
2272906,63,0,10,0,54,64,5,16,14,35,99,0,0,0,7,7,0,4,10,14,21,0,183
2272907,75,0,16,0,69,85,6,13,25,44,129,0,0,0,13,13,0,6,4,10,23,3,230
2272908,62,0,25,0,107,132,9,18,23,50,182,0,4,0,5,9,5,3,9,17,26,3,273
2272909,69,3,24,0,114,141,7,19,19,45,186,3,0,0,3,6,0,10,13,23,29,3,287
2272910,15,0,5,3,7,15,0,5,0,5,20,0,0,0,0,0,0,0,0,0,0,0,35
2273001,26,0,0,0,20,20,0,6,5,11,31,0,0,0,20,20,0,8,8,16,36,0,93
2273002,53,0,15,3,62,80,6,11,12,29,109,0,3,0,7,10,3,6,7,16,26,7,195
2273003,39,0,9,0,30,39,9,12,9,30,69,0,3,0,4,7,0,0,7,7,14,3,125
2273004,55,4,12,0,46,62,4,5,12,21,83,0,3,0,5,8,3,3,5,11,19,7,164
2273005,43,0,9,0,45,54,4,19,8,31,85,0,0,0,8,8,0,0,7,7,15,0,143
2273006,40,0,14,0,44,58,6,8,12,26,84,0,3,3,6,12,4,0,12,16,28,0,152
2273007,57,3,3,0,42,48,0,8,7,15,63,0,0,0,4,4,3,3,8,14,18,3,141
2273008,34,0,7,0,20,27,0,0,6,6,33,0,0,0,4,4,0,3,3,6,10,0,77
2273009,20,0,0,0,27,27,0,0,9,9,36,0,0,0,5,5,0,3,3,6,11,4,71
2273101,55,0,8,0,25,33,4,14,14,32,65,0,0,0,3,3,0,6,0,6,9,0,129
2273102,79,0,14,0,68,82,4,23,14,41,123,0,0,0,9,9,0,4,6,10,19,6,227
2273103,74,4,14,0,57,75,12,15,22,49,124,0,6,0,4,10,3,9,9,21,31,3,232
2273104,55,0,9,3,40,52,11,12,10,33,85,0,0,0,10,10,0,5,7,12,22,6,168
2273105,30,0,0,3,21,24,0,8,3,11,35,0,0,0,0,0,5,0,6,11,11,0,76
2273106,49,0,7,0,44,51,3,9,11,23,74,0,4,0,9,13,0,5,3,8,21,0,144
2273107,65,0,9,5,63,77,7,8,15,30,107,0,0,0,8,8,0,8,9,17,25,3,200
2273108,34,0,6,0,34,40,7,16,12,35,75,0,0,5,6,11,0,3,5,8,19,8,136
2273109,11,0,0,0,15,15,0,0,6,6,21,0,0,0,3,3,0,0,3,3,6,0,38
2273110,32,0,3,0,10,13,4,0,3,7,20,0,0,0,4,4,6,0,0,6,10,3,65
2273201,55,0,12,0,58,70,4,7,19,30,100,0,3,0,3,6,0,6,11,17,23,5,183
2273202,58,6,13,0,41,60,6,5,11,22,82,3,5,0,3,11,4,5,11,20,31,0,171
2273203,66,0,8,4,50,62,10,5,10,25,87,0,3,0,3,6,4,0,15,19,25,9,187
2273204,35,0,9,0,16,25,4,7,4,15,40,0,0,0,9,9,3,3,6,12,21,3,99
2273205,39,0,9,0,46,55,0,17,3,20,75,0,0,0,6,6,3,3,3,9,15,0,129
2273206,67,0,6,0,26,32,4,9,8,21,53,0,0,0,12,12,0,7,9,16,28,0,148
2273207,27,0,6,0,22,28,4,11,11,26,54,0,0,0,3,3,0,0,0,0,3,3,87
2273208,84,0,7,0,53,60,12,10,14,36,96,0,6,0,5,11,0,0,4,4,15,0,195
2273209,86,0,16,0,64,80,6,6,13,25,105,0,5,0,11,16,3,3,11,17,33,3,227
2273210,31,3,3,3,28,37,3,0,5,8,45,0,3,0,4,7,0,5,0,5,12,0,88
2273211,61,3,19,4,31,57,3,8,7,18,75,0,0,3,3,6,5,3,4,12,18,0,154
2273301,47,4,5,0,49,58,3,3,9,15,73,0,0,0,4,4,0,4,11,15,19,3,142
2273302,65,3,8,5,54,70,4,5,10,19,89,0,0,0,8,8,0,3,17,20,28,0,182
2273303,70,0,10,3,63,76,0,5,11,16,92,0,5,0,14,19,0,3,29,32,51,6,219
2273304,48,0,9,0,54,63,4,7,13,24,87,0,5,0,7,12,0,6,14,20,32,3,170
2273305,26,3,0,5,20,28,0,3,4,7,35,0,3,5,19,27,0,5,12,17,44,3,108
2273306,68,0,3,3,48,54,3,4,14,21,75,0,0,0,12,12,0,4,19,23,35,7,185
2273307,63,0,8,5,60,73,4,8,21,33,106,0,0,0,8,8,0,3,19,22,30,7,206
2273308,55,3,3,3,41,50,3,4,15,22,72,4,0,0,4,8,0,3,6,9,17,7,151
2273309,42,0,6,5,31,42,0,8,14,22,64,0,0,3,3,6,4,5,3,12,18,3,127
2273310,48,0,7,4,51,62,0,8,16,24,86,0,0,0,11,11,0,10,9,19,30,3,167
2273311,45,0,6,0,40,46,3,0,11,14,60,0,4,4,0,8,0,0,8,8,16,3,124
2273401,86,0,7,0,44,51,0,6,8,14,65,0,0,0,16,16,0,5,9,14,30,7,188
2273402,50,0,6,0,43,49,0,3,14,17,66,0,5,0,5,10,4,3,5,12,22,8,146
2273403,39,0,3,0,43,46,11,6,7,24,70,0,0,0,10,10,3,3,6,12,22,0,131
2273404,32,0,0,0,25,25,0,6,5,11,36,0,4,0,30,34,0,6,23,29,63,4,135
2273405,42,0,7,0,31,38,4,6,13,23,61,0,0,5,13,18,4,3,10,17,35,4,142
2273406,44,0,3,0,50,53,3,9,9,21,74,0,0,0,11,11,0,0,14,14,25,5,148
2273407,60,0,6,0,36,42,0,6,10,16,58,0,0,3,13,16,0,4,15,19,35,9,162
2273408,32,0,6,4,39,49,6,8,4,18,67,0,3,0,6,9,0,3,4,7,16,5,120
2273409,72,0,15,0,90,105,8,11,12,31,136,0,0,0,7,7,0,0,10,10,17,4,229
2273410,86,0,10,0,54,64,6,0,18,24,88,0,0,4,16,20,4,5,15,24,44,4,222
2273411,65,4,5,0,42,51,9,6,6,21,72,0,4,0,7,11,4,4,9,17,28,7,172
2273412,48,3,5,4,52,64,6,5,8,19,83,3,0,3,8,14,0,5,13,18,32,5,168
2273413,46,0,7,0,37,44,5,6,10,21,65,4,0,8,8,20,3,5,16,24,44,4,159
2273414,56,0,11,0,47,58,3,11,16,30,88,0,4,5,11,20,0,7,13,20,40,4,188
2273415,28,0,10,4,43,57,10,3,4,17,74,0,3,0,0,3,0,4,3,7,10,0,112
2280101,16,0,0,0,0,0,0,0,0,0,0,0,0,0,4,4,0,3,0,3,7,0,23
2280102,48,0,0,0,3,3,0,0,0,0,3,0,4,0,0,4,0,0,0,0,4,11,66
2280103,58,0,0,0,0,0,0,0,4,4,4,0,0,0,0,0,0,0,0,0,0,0,62
2280104,37,4,5,0,23,32,3,4,6,13,45,0,0,0,8,8,3,0,3,6,14,3,99
2280105,40,0,0,0,8,8,0,0,4,4,12,0,0,0,0,0,0,0,0,0,0,0,52
2280106,44,0,5,0,13,18,0,0,5,5,23,0,0,0,3,3,0,0,4,4,7,5,79
2280107,54,0,5,0,26,31,0,0,5,5,36,0,0,0,0,0,0,0,5,5,5,0,95
2280108,26,0,0,0,7,7,3,0,0,3,10,0,0,0,3,3,0,0,0,0,3,8,47
2280109,27,0,0,0,19,19,0,0,0,0,19,0,5,0,0,5,0,0,0,0,5,0,51
2280110,47,0,0,0,10,10,0,0,0,0,10,0,0,0,0,0,0,3,0,3,3,0,60
2280111,20,0,0,0,0,0,3,0,0,3,3,0,0,0,3,3,0,0,0,0,3,0,26
2280112,28,0,0,0,0,0,0,0,0,0,0,0,0,0,0,0,0,0,0,0,0,0,28
2280113,39,0,3,0,5,8,0,0,0,0,8,3,0,3,5,11,0,3,8,11,22,4,73
2280114,15,0,0,0,0,0,0,0,0,0,0,0,0,0,0,0,0,0,0,0,0,0,15
2280115,0,0,0,0,0,0,0,0,0,0,0,0,0,0,0,0,0,0,0,0,0,0,0
2280116,32,0,6,0,6,12,0,3,0,3,15,0,0,0,0,0,0,4,0,4,4,15,66
2280117,27,0,0,0,7,7,0,0,3,3,10,0,0,0,4,4,0,0,0,0,4,4,45
2280118,13,0,0,0,5,5,0,0,0,0,5,0,0,0,0,0,0,0,0,0,0,3,21
2280201,62,0,3,0,3,6,0,0,0,0,6,0,0,0,4,4,0,3,5,8,12,5,85
2280202,52,0,3,0,11,14,0,0,3,3,17,0,0,0,10,10,3,4,8,15,25,3,97
2280203,37,0,0,0,6,6,0,0,0,0,6,0,0,0,4,4,0,0,0,0,4,5,52
2280204,30,0,3,0,4,7,0,5,0,5,12,0,0,0,0,0,0,0,3,3,3,3,48
2280205,49,0,0,4,13,17,0,0,5,5,22,0,0,0,3,3,0,4,0,4,7,4,82
2280206,38,0,0,0,17,17,0,3,4,7,24,0,0,0,4,4,0,4,8,12,16,0,78
2280207,27,0,0,0,8,8,0,3,0,3,11,0,0,0,3,3,0,3,3,6,9,3,50
2280208,49,0,0,0,7,7,0,3,0,3,10,0,0,0,0,0,3,0,0,3,3,3,65
2280209,28,0,0,0,7,7,0,3,3,6,13,0,0,0,0,0,0,0,0,0,0,0,41
2280210,37,0,0,0,12,12,0,5,0,5,17,0,0,0,0,0,0,0,0,0,0,0,54
2280211,35,0,0,0,9,9,0,0,0,0,9,0,0,0,7,7,0,0,0,0,7,0,51
2280212,10,0,0,0,5,5,0,0,4,4,9,0,0,0,0,0,0,0,0,0,0,0,19
2280301,64,0,0,0,16,16,3,0,5,8,24,0,0,0,8,8,0,4,5,9,17,3,108
2280302,29,0,0,0,7,7,0,3,4,7,14,0,0,0,5,5,0,0,0,0,5,0,48
2280303,37,0,0,0,10,10,0,0,4,4,14,0,3,0,3,6,0,4,0,4,10,3,64
2280304,45,0,3,0,29,32,0,5,8,13,45,0,0,0,0,0,0,0,5,5,5,0,95
2280305,55,0,3,0,21,24,3,0,7,10,34,0,0,0,6,6,0,5,0,5,11,6,106
2280306,64,0,4,0,18,22,0,0,0,0,22,0,0,0,8,8,0,0,12,12,20,8,114
2280307,29,0,3,0,8,11,0,0,0,0,11,0,0,0,3,3,0,3,3,6,9,0,49
2280308,48,0,0,0,19,19,0,4,6,10,29,0,0,0,0,0,0,0,0,0,0,7,84
2280309,65,0,3,4,27,34,0,3,5,8,42,0,5,0,0,5,0,4,7,11,16,4,127
2280310,19,0,0,0,0,0,0,0,0,0,0,0,0,0,3,3,0,0,0,0,3,5,27
2280311,39,0,0,0,7,7,0,0,0,0,7,0,0,0,0,0,0,0,0,0,0,6,52
2280312,39,0,4,0,9,13,0,0,3,3,16,0,0,0,4,4,0,3,3,6,10,0,65
2280401,48,0,3,0,18,21,0,3,4,7,28,0,0,0,0,0,0,4,6,10,10,0,86
2280402,53,0,6,0,14,20,0,0,5,5,25,0,0,0,0,0,0,0,8,8,8,8,94
2280403,66,0,0,0,28,28,0,9,0,9,37,0,0,0,3,3,0,0,10,10,13,5,121
2280404,50,6,0,0,16,22,0,0,9,9,31,4,0,0,4,8,0,3,3,6,14,3,98
2280405,51,0,0,0,19,19,4,0,4,8,27,0,0,0,7,7,0,3,10,13,20,6,104
2280406,62,4,5,0,27,36,0,8,0,8,44,0,0,0,6,6,0,4,0,4,10,4,120
2280407,59,4,3,0,47,54,5,6,4,15,69,0,3,0,7,10,0,0,3,3,13,3,144
2280408,31,0,0,0,8,8,0,0,5,5,13,0,0,0,0,0,0,0,8,8,8,7,59
2280409,63,0,0,0,21,21,0,0,0,0,21,0,3,0,8,11,0,0,4,4,15,4,103
2280410,41,0,3,0,0,3,0,0,0,0,3,0,0,0,3,3,0,0,0,0,3,5,52
2280411,23,0,0,0,7,7,0,3,0,3,10,0,0,0,4,4,0,0,4,4,8,3,44
2280412,38,0,0,0,6,6,0,0,0,0,6,0,0,0,6,6,0,3,3,6,12,0,56
2280413,34,0,0,0,13,13,0,0,0,0,13,0,0,0,6,6,0,0,6,6,12,0,59
2280414,17,0,0,0,8,8,0,4,0,4,12,0,0,0,0,0,0,0,0,0,0,0,29
2280415,49,0,0,0,13,13,0,0,0,0,13,0,0,0,3,3,0,0,8,8,11,5,78
2280501,37,0,0,0,5,5,0,6,0,6,11,0,0,0,4,4,0,0,6,6,10,0,58
2280502,42,0,0,0,9,9,0,0,5,5,14,0,3,0,3,6,0,0,0,0,6,0,62
2280503,64,0,0,0,14,14,0,0,4,4,18,0,0,0,0,0,0,0,9,9,9,3,94
2280504,20,0,0,0,7,7,4,3,3,10,17,0,0,0,5,5,0,5,0,5,10,8,55
2280505,34,0,0,0,9,9,0,0,0,0,9,0,0,0,6,6,0,0,4,4,10,0,53
2280506,87,0,0,0,12,12,3,3,3,9,21,0,0,0,4,4,0,0,6,6,10,7,125
2280507,26,0,0,0,6,6,0,0,0,0,6,0,0,0,0,0,0,0,0,0,0,7,39
2280508,35,0,0,0,0,0,0,0,0,0,0,0,0,0,0,0,0,0,5,5,5,6,46
2280509,22,0,0,0,10,10,0,0,0,0,10,0,0,0,3,3,0,3,0,3,6,6,44
2280510,4,0,0,0,0,0,0,0,0,0,0,0,0,0,0,0,0,0,0,0,0,0,4
2280601,54,0,0,0,11,11,0,5,0,5,16,0,0,0,0,0,0,0,5,5,5,0,75
2280602,68,0,0,0,3,3,3,0,3,6,9,0,0,0,4,4,0,3,5,8,12,9,98
2280603,57,0,0,0,22,22,0,0,5,5,27,0,0,0,8,8,0,0,0,0,8,8,100
2280604,41,0,3,0,11,14,0,4,0,4,18,0,0,0,3,3,0,3,3,6,9,7,75
2280605,38,0,0,0,15,15,0,3,3,6,21,0,0,0,0,0,0,0,5,5,5,5,69
2280606,29,0,0,0,3,3,0,4,0,4,7,0,0,0,0,0,0,0,0,0,0,3,39
2280607,14,0,0,0,3,3,0,0,3,3,6,0,0,0,0,0,0,0,0,0,0,0,20
2280608,51,0,0,0,7,7,0,4,0,4,11,0,0,0,3,3,0,0,0,0,3,3,68
2280609,34,0,0,0,3,3,0,3,0,3,6,0,0,0,3,3,0,0,0,0,3,0,43
2280701,44,0,0,0,11,11,0,0,8,8,19,0,0,0,8,8,0,0,0,0,8,0,71
2280702,32,0,0,0,10,10,0,3,3,6,16,0,0,0,3,3,0,0,4,4,7,3,58
2280703,33,0,0,0,4,4,0,0,0,0,4,0,0,0,0,0,0,0,0,0,0,0,37
2280704,62,0,0,0,18,18,0,0,0,0,18,0,0,4,5,9,0,0,0,0,9,5,94
2280705,56,0,5,0,34,39,3,4,5,12,51,0,0,0,16,16,3,6,3,12,28,0,135
2280706,54,3,3,0,33,39,5,0,3,8,47,0,0,0,6,6,0,0,7,7,13,5,119
2280707,44,0,0,0,12,12,0,0,0,0,12,0,0,0,6,6,0,0,7,7,13,6,75
2280708,47,0,0,0,10,10,0,0,0,0,10,0,0,0,0,0,0,0,0,0,0,0,57
2280709,26,0,0,0,14,14,0,0,0,0,14,0,0,0,3,3,0,3,0,3,6,3,49
2280710,38,0,4,0,9,13,4,6,0,10,23,0,0,0,3,3,0,0,3,3,6,4,71
2280711,13,0,0,0,3,3,0,0,0,0,3,0,0,0,3,3,0,0,0,0,3,3,22
2280801,73,0,5,3,43,51,0,0,12,12,63,0,0,0,10,10,0,6,4,10,20,6,162
2280802,41,0,3,0,21,24,0,0,4,4,28,0,0,0,5,5,0,5,4,9,14,9,92
2280803,66,0,0,0,14,14,0,0,5,5,19,0,0,0,4,4,5,0,0,5,9,6,100
2280804,64,0,3,0,24,27,3,3,5,11,38,0,0,0,3,3,0,3,4,7,10,4,116
2280805,68,0,0,0,16,16,0,4,3,7,23,0,0,0,7,7,0,0,0,0,7,0,98
2280806,83,0,0,0,14,14,0,0,0,0,14,0,0,0,13,13,0,0,8,8,21,9,127
2280807,57,0,0,0,26,26,0,3,5,8,34,0,0,0,5,5,0,4,3,7,12,0,103
2280808,34,0,0,0,17,17,4,3,0,7,24,0,0,0,5,5,0,0,7,7,12,0,70
2280809,37,0,0,0,23,23,0,9,0,9,32,0,0,0,4,4,0,0,5,5,9,0,78
2280810,38,0,0,0,8,8,0,0,0,0,8,0,0,0,5,5,0,0,4,4,9,0,55
2280901,38,0,0,0,15,15,0,0,0,0,15,0,0,4,4,8,0,3,3,6,14,6,73
2280902,36,0,3,0,13,16,0,3,3,6,22,0,0,0,6,6,0,0,4,4,10,0,68
2280903,44,0,0,0,20,20,0,0,4,4,24,0,0,0,6,6,0,4,3,7,13,3,84
2280904,57,0,0,0,24,24,0,4,5,9,33,0,0,0,3,3,0,0,11,11,14,6,110
2280905,29,0,3,3,13,19,3,3,0,6,25,0,0,0,0,0,0,0,4,4,4,6,64
2280906,16,0,0,0,14,14,0,3,3,6,20,0,0,0,3,3,0,3,0,3,6,3,45
2280907,35,0,0,0,15,15,4,0,3,7,22,0,0,0,5,5,0,6,3,9,14,7,78
2280908,56,0,0,0,34,34,0,6,0,6,40,0,0,0,3,3,0,4,8,12,15,7,118
2280909,28,0,0,0,12,12,0,0,3,3,15,0,0,0,0,0,0,0,0,0,0,7,50
2280910,42,0,0,4,24,28,0,4,0,4,32,3,3,0,3,9,0,3,3,6,15,11,100
2280911,39,0,6,0,32,38,3,3,3,9,47,0,0,0,5,5,0,0,8,8,13,6,105
2280912,57,0,0,0,37,37,0,0,8,8,45,0,0,0,3,3,0,4,6,10,13,7,122
2281001,32,0,0,0,12,12,0,5,0,5,17,0,0,0,0,0,0,0,5,5,5,4,58
2281002,54,0,4,0,25,29,0,4,11,15,44,0,0,0,12,12,0,0,0,0,12,4,114
2281003,59,0,3,0,25,28,4,3,0,7,35,0,0,0,6,6,0,0,7,7,13,0,107
2281004,68,0,0,4,16,20,0,0,3,3,23,0,0,4,9,13,0,4,6,10,23,7,121
2281005,44,0,5,0,22,27,0,6,3,9,36,0,0,0,4,4,0,3,3,6,10,3,93
2281006,37,0,3,3,17,23,0,0,0,0,23,0,0,0,3,3,0,0,3,3,6,0,66
2281007,45,0,0,0,8,8,0,5,0,5,13,0,0,0,9,9,0,3,6,9,18,8,84
2281008,36,0,3,0,23,26,0,6,0,6,32,0,0,0,7,7,0,3,3,6,13,0,81
2281009,51,0,6,0,35,41,3,9,0,12,53,0,0,0,12,12,0,3,3,6,18,4,126
2281010,15,0,0,0,17,17,0,3,0,3,20,0,0,0,4,4,0,0,0,0,4,3,42
2281101,48,0,0,0,25,25,5,0,5,10,35,0,0,0,0,0,0,0,0,0,0,6,89
2281102,42,0,0,0,13,13,0,5,4,9,22,0,3,0,3,6,0,3,4,7,13,4,81
2281103,49,0,4,0,18,22,0,4,0,4,26,0,0,0,0,0,0,0,7,7,7,6,88
2281104,50,0,3,0,20,23,0,8,4,12,35,0,0,0,3,3,0,0,5,5,8,4,97
2281105,23,0,3,0,8,11,3,3,0,6,17,0,0,0,0,0,0,0,0,0,0,3,43
2281106,27,0,0,0,18,18,0,0,0,0,18,0,0,0,0,0,0,0,7,7,7,0,52
2281107,58,0,0,0,25,25,0,6,0,6,31,0,3,0,10,13,0,0,0,0,13,5,107
2281108,84,0,0,0,36,36,0,0,0,0,36,0,0,0,10,10,0,0,6,6,16,0,136
2281109,55,0,3,0,27,30,0,4,5,9,39,0,0,0,9,9,0,4,5,9,18,0,112
2281110,36,0,0,0,12,12,0,0,3,3,15,0,0,0,0,0,0,6,3,9,9,8,68
2281201,24,0,3,3,10,16,3,3,15,21,37,0,6,0,12,18,0,8,16,24,42,3,106
2281202,72,0,4,0,46,50,0,7,8,15,65,0,0,0,7,7,0,0,10,10,17,4,158
2281203,65,0,5,0,23,28,0,3,7,10,38,0,0,0,0,0,0,0,9,9,9,0,112
2281204,69,3,3,0,39,45,3,3,11,17,62,0,0,0,8,8,0,0,15,15,23,3,157
2281205,56,0,3,3,33,39,3,4,22,29,68,0,0,0,0,0,6,0,12,18,18,4,146
2281206,59,0,11,0,41,52,12,3,22,37,89,0,0,0,3,3,3,0,9,12,15,5,168
2281207,48,0,0,0,23,23,4,3,8,15,38,0,0,0,10,10,0,0,20,20,30,9,125
2281208,0,0,0,0,0,0,0,0,0,0,0,0,0,0,0,0,0,0,0,0,0,0,0
2281301,33,0,0,0,9,9,4,0,3,7,16,0,0,0,24,24,4,6,15,25,49,0,98
2281302,48,0,0,0,5,5,0,0,5,5,10,3,0,0,14,17,0,3,18,21,38,4,100
2281303,84,0,4,0,31,35,3,3,8,14,49,0,0,0,3,3,0,0,8,8,11,4,148
2281304,20,3,0,0,7,10,0,0,6,6,16,3,5,0,11,19,0,3,7,10,29,0,65
2281305,63,0,4,0,18,22,0,0,10,10,32,0,0,0,0,0,0,0,16,16,16,6,117
2281306,9,0,0,0,0,0,0,0,0,0,0,0,0,0,0,0,0,0,0,0,0,0,9
2281401,43,0,0,0,21,21,0,6,6,12,33,0,0,0,4,4,0,0,7,7,11,0,87
2281402,68,0,5,0,30,35,0,3,7,10,45,0,4,0,7,11,0,8,7,15,26,5,144
2281403,46,0,0,0,9,9,0,0,0,0,9,0,0,0,4,4,0,0,0,0,4,3,62
2281404,80,0,3,0,5,8,3,5,0,8,16,0,0,0,0,0,0,5,3,8,8,3,107
2281405,65,0,0,0,9,9,5,6,4,15,24,0,0,0,3,3,0,6,5,11,14,0,103
2281406,71,0,0,0,18,18,0,0,0,0,18,0,0,0,4,4,0,0,3,3,7,9,105
2281407,82,0,4,0,16,20,0,0,8,8,28,0,0,0,3,3,0,4,3,7,10,3,123
2281408,0,0,0,0,0,0,0,0,0,0,0,0,0,0,0,0,0,0,0,0,0,0,0
2281409,40,0,0,0,9,9,0,0,3,3,12,0,0,0,3,3,0,3,0,3,6,0,58
2281410,28,0,0,0,23,23,0,4,3,7,30,0,0,5,0,5,0,0,0,0,5,0,63
2281411,88,0,0,0,10,10,3,3,3,9,19,0,0,0,3,3,3,10,5,18,21,31,159
2281412,34,0,0,0,4,4,0,5,0,5,9,0,0,0,0,0,0,0,4,4,4,5,52
2281413,56,0,0,0,0,0,0,0,3,3,3,0,0,0,6,6,0,0,8,8,14,3,76
2281414,77,0,0,0,13,13,0,0,0,0,13,0,0,0,5,5,0,3,0,3,8,8,106
2281415,18,0,0,0,9,9,0,4,0,4,13,0,0,0,0,0,0,0,0,0,0,12,43
2281416,65,0,3,0,12,15,0,5,3,8,23,0,0,0,7,7,0,7,0,7,14,22,124
2281417,76,0,0,0,10,10,0,3,0,3,13,0,0,0,4,4,3,5,3,11,15,40,144
2281418,40,0,0,0,8,8,0,0,3,3,11,0,0,0,0,0,0,5,3,8,8,0,59
2281419,61,0,0,0,7,7,0,0,4,4,11,0,0,0,3,3,0,0,0,0,3,4,79
2281420,16,0,0,0,0,0,0,0,5,5,5,0,0,0,0,0,0,0,3,3,3,0,24
2281501,73,0,6,0,34,40,0,0,11,11,51,0,0,0,0,0,0,6,6,12,12,5,141
2281502,74,0,4,0,40,44,0,6,8,14,58,0,0,0,6,6,0,5,0,5,11,0,143
2281503,51,0,0,0,32,32,0,5,6,11,43,0,0,0,4,4,0,0,4,4,8,0,102
2281504,50,0,0,0,31,31,3,6,7,16,47,0,3,0,3,6,0,0,3,3,9,5,111
2281505,70,0,8,0,44,52,3,6,14,23,75,0,0,4,3,7,5,5,0,10,17,0,162
2281506,31,0,0,0,7,7,0,4,0,4,11,0,0,0,0,0,0,3,5,8,8,0,50
2281507,35,0,0,0,21,21,0,4,5,9,30,0,0,0,0,0,0,0,0,0,0,0,65
2281508,53,0,0,0,40,40,0,5,16,21,61,0,0,0,7,7,0,5,0,5,12,6,132
2281509,73,0,6,0,30,36,0,3,12,15,51,0,0,0,10,10,0,0,6,6,16,3,143
2281601,40,0,3,0,24,27,0,0,5,5,32,0,0,0,4,4,0,0,0,0,4,9,85
2281602,53,0,0,0,18,18,0,5,10,15,33,0,0,0,3,3,0,3,3,6,9,5,100
2281603,45,0,3,0,20,23,0,6,3,9,32,0,0,0,4,4,0,0,7,7,11,0,88
2281604,39,0,4,0,22,26,0,5,6,11,37,0,0,0,3,3,0,3,5,8,11,0,87
2281605,28,0,0,0,17,17,4,0,4,8,25,0,0,0,3,3,3,0,0,3,6,0,59
2281606,42,0,0,0,11,11,0,3,0,3,14,0,4,0,3,7,0,0,4,4,11,5,72
2281607,73,0,0,0,37,37,0,3,13,16,53,0,0,0,6,6,0,0,10,10,16,3,145
2281608,50,0,4,0,26,30,0,5,0,5,35,0,0,0,6,6,0,0,9,9,15,0,100
2281609,71,0,0,0,32,32,0,4,6,10,42,0,0,0,3,3,0,5,3,8,11,3,127
2281610,34,0,3,3,12,18,4,3,4,11,29,0,5,0,17,22,5,5,21,31,53,3,119
2281611,14,0,5,0,11,16,0,0,0,0,16,0,0,0,0,0,0,0,0,0,0,6,36
2281701,57,0,0,0,32,32,0,5,5,10,42,0,0,0,5,5,0,6,7,13,18,4,121
2281702,24,0,0,0,12,12,5,5,4,14,26,0,0,0,0,0,0,0,6,6,6,0,56
2281703,87,0,3,0,35,38,5,7,9,21,59,0,3,0,4,7,3,4,13,20,27,7,180
2281704,69,0,5,0,23,28,0,4,9,13,41,0,0,0,3,3,0,0,6,6,9,5,124
2281705,59,0,0,0,30,30,0,5,10,15,45,0,0,0,0,0,0,4,6,10,10,0,114
2281706,26,0,0,0,20,20,0,0,10,10,30,0,0,0,0,0,0,0,4,4,4,3,63
2281707,48,0,3,0,21,24,3,6,4,13,37,0,0,0,6,6,0,0,4,4,10,0,95
2281708,39,0,0,0,19,19,0,0,0,0,19,0,0,0,3,3,0,0,3,3,6,6,70
2281709,46,0,0,0,30,30,3,7,4,14,44,0,0,0,0,0,3,0,4,7,7,0,97
2281710,24,0,0,0,6,6,0,0,0,0,6,0,0,0,4,4,0,0,3,3,7,0,37
2281711,31,0,0,0,7,7,0,4,3,7,14,0,0,0,0,0,0,5,0,5,5,5,55
2281712,21,0,0,0,14,14,0,0,0,0,14,0,0,0,0,0,0,0,0,0,0,0,35
2281801,52,0,0,0,23,23,0,0,14,14,37,0,0,0,10,10,4,3,7,14,24,4,117
2281802,42,0,0,0,16,16,0,0,4,4,20,0,4,0,10,14,0,0,9,9,23,4,89
2281803,66,3,0,0,29,32,0,5,5,10,42,0,0,0,0,0,0,0,12,12,12,0,120
2281804,60,0,0,0,30,30,0,0,8,8,38,0,0,0,7,7,0,0,8,8,15,6,119
2281805,41,0,3,0,12,15,0,5,4,9,24,0,0,0,4,4,0,3,3,6,10,4,79
2281806,49,0,0,0,15,15,0,0,0,0,15,0,0,0,5,5,0,0,7,7,12,0,76
2281807,55,0,0,0,18,18,0,0,8,8,26,0,0,0,0,0,0,0,4,4,4,4,89
2281808,65,0,0,0,17,17,3,0,7,10,27,0,0,0,5,5,0,0,7,7,12,0,104
2281809,25,0,0,3,15,18,0,4,4,8,26,0,0,8,15,23,0,6,7,13,36,3,90
2281810,73,0,3,4,51,58,3,8,11,22,80,0,0,0,5,5,0,0,0,0,5,5,163
2281811,40,0,4,0,16,20,0,0,0,0,20,0,0,0,4,4,0,0,4,4,8,0,68
2281812,95,0,0,0,22,22,3,8,7,18,40,0,0,0,8,8,0,0,13,13,21,5,161
2281813,73,0,0,0,5,5,0,3,3,6,11,0,0,0,5,5,0,0,0,0,5,0,89
2281814,101,0,5,0,21,26,3,6,8,17,43,0,0,0,0,0,3,3,6,12,12,5,161
2281815,37,4,0,4,13,21,0,0,0,0,21,0,7,0,15,22,0,6,15,21,43,0,101
2281816,58,0,5,0,49,54,0,0,17,17,71,0,0,0,7,7,0,0,10,10,17,6,152
2281817,37,0,0,0,5,5,0,0,4,4,9,0,0,5,7,12,0,0,8,8,20,0,66
2281818,103,0,0,0,12,12,3,4,5,12,24,0,0,0,0,0,0,0,0,0,0,0,127
2281819,36,0,0,0,7,7,0,0,3,3,10,0,0,0,0,0,0,3,0,3,3,3,52
2281820,66,0,0,0,12,12,0,0,7,7,19,0,0,0,5,5,0,0,0,0,5,5,95
2281821,80,0,0,0,19,19,0,5,6,11,30,0,0,0,0,0,0,0,0,0,0,4,114
2281822,96,0,0,0,10,10,0,0,3,3,13,0,3,0,3,6,0,0,0,0,6,5,120
2290103,59,0,0,0,37,37,0,7,5,12,49,0,0,0,6,6,4,4,3,11,17,10,135
2290104,32,0,0,0,10,10,0,0,0,0,10,0,8,0,12,20,0,0,0,0,20,7,69
2290105,80,0,0,0,53,53,3,4,9,16,69,0,3,0,3,6,0,0,8,8,14,9,172
2290106,31,0,3,0,17,20,0,0,3,3,23,0,0,0,0,0,3,3,0,6,6,3,63
2290107,32,0,3,0,16,19,0,0,3,3,22,0,0,0,12,12,0,3,9,12,24,4,82
2290108,61,0,3,4,62,69,4,8,7,19,88,0,0,0,10,10,0,0,4,4,14,13,176
2290109,47,0,0,0,25,25,0,0,4,4,29,0,0,3,9,12,0,4,4,8,20,0,96
2290110,100,0,0,3,22,25,5,5,6,16,41,0,0,0,11,11,0,0,5,5,16,15,172
2290111,64,0,3,0,3,6,0,3,0,3,9,0,0,0,3,3,0,0,3,3,6,10,89
2290112,12,0,0,0,7,7,3,0,0,3,10,0,3,3,7,13,0,3,10,13,26,3,51
2290113,78,0,0,0,42,42,0,6,6,12,54,0,0,0,4,4,0,9,6,15,19,14,165
2290201,47,0,0,0,20,20,3,4,4,11,31,0,0,0,8,8,0,0,5,5,13,7,98
2290202,59,0,5,0,22,27,0,7,10,17,44,0,0,0,0,0,0,8,8,16,16,3,122
2290203,63,0,4,0,24,28,0,5,11,16,44,0,0,0,4,4,0,3,4,7,11,10,128
2290204,64,0,3,0,36,39,0,7,3,10,49,0,3,0,0,3,0,4,0,4,7,9,129
2290205,30,0,0,0,30,30,0,3,10,13,43,0,0,4,6,10,4,0,11,15,25,8,106
2290206,32,0,0,0,10,10,0,0,0,0,10,0,0,0,3,3,0,5,0,5,8,6,56
2290207,30,0,0,0,15,15,0,0,3,3,18,0,0,0,10,10,0,0,0,0,10,0,58
2290208,68,0,0,0,13,13,0,0,3,3,16,0,0,0,3,3,0,5,0,5,8,11,103
2290209,42,0,5,3,15,23,0,5,4,9,32,0,0,0,4,4,3,6,0,9,13,5,92
2290210,53,0,0,0,20,20,4,6,3,13,33,0,3,0,0,3,0,4,7,11,14,7,107
2290211,28,0,3,0,10,13,6,0,0,6,19,0,0,0,5,5,0,0,4,4,9,0,56
2290212,35,0,0,0,32,32,0,10,7,17,49,0,0,0,0,0,3,3,0,6,6,3,93
2290213,44,0,3,4,15,22,0,0,13,13,35,0,0,0,5,5,0,0,14,14,19,0,98
2290214,31,0,0,0,3,3,0,0,3,3,6,0,0,0,0,0,0,3,3,6,6,4,47
2290301,79,0,3,0,31,34,0,0,9,9,43,0,0,0,5,5,0,3,7,10,15,12,149
2290302,68,0,3,0,32,35,0,3,14,17,52,0,0,0,6,6,0,0,11,11,17,11,148
2290303,84,0,3,0,15,18,6,5,14,25,43,0,0,0,7,7,0,0,7,7,14,10,151
2290304,59,0,4,0,21,25,3,3,8,14,39,0,0,0,0,0,0,0,10,10,10,5,113
2290305,64,0,3,0,24,27,0,4,3,7,34,0,3,0,5,8,0,0,7,7,15,10,123
2290306,49,0,5,0,17,22,0,5,9,14,36,0,0,0,0,0,0,0,9,9,9,6,100
2290307,55,0,4,0,14,18,0,0,0,0,18,0,0,0,3,3,0,0,5,5,8,5,86
2290308,21,0,5,0,7,12,0,3,3,6,18,0,0,0,0,0,0,0,0,0,0,4,43
2290309,27,0,0,0,6,6,0,0,9,9,15,0,0,0,0,0,0,0,0,0,0,4,46
2290310,38,0,0,0,12,12,0,5,0,5,17,0,0,0,0,0,0,3,8,11,11,0,66
2290311,27,0,0,0,14,14,0,0,7,7,21,0,0,0,4,4,0,0,0,0,4,3,55
2290401,39,0,3,0,16,19,0,4,4,8,27,0,0,0,3,3,0,0,4,4,7,3,76
2290402,41,0,5,0,22,27,3,3,3,9,36,0,0,0,0,0,0,6,0,6,6,3,86
2290403,29,3,0,0,13,16,0,0,3,3,19,0,0,0,7,7,0,3,3,6,13,7,68
2290404,20,0,0,0,15,15,0,3,4,7,22,0,0,0,15,15,3,3,9,15,30,12,84
2290405,49,0,0,0,27,27,0,3,3,6,33,0,0,0,7,7,0,3,3,6,13,11,106
2290406,44,0,3,0,12,15,0,0,0,0,15,0,4,0,10,14,0,3,5,8,22,16,97
2290407,60,0,0,0,22,22,0,0,0,0,22,0,0,0,8,8,0,4,5,9,17,5,104
2290408,46,0,0,0,13,13,0,6,7,13,26,0,0,0,3,3,0,3,5,8,11,7,90
2290409,34,0,4,0,15,19,4,0,4,8,27,0,0,0,0,0,0,0,4,4,4,5,70
2290410,44,0,0,0,13,13,0,3,4,7,20,0,3,0,3,6,0,3,3,6,12,0,76
2290411,41,0,5,0,19,24,5,3,3,11,35,0,0,3,3,6,0,3,5,8,14,3,93
2290501,29,0,0,0,8,8,0,3,3,6,14,0,0,0,6,6,0,0,6,6,12,3,58
2290502,37,0,4,0,23,27,0,5,7,12,39,0,3,0,16,19,0,5,4,9,28,0,104
2290503,48,0,0,3,21,24,0,8,14,22,46,0,0,0,3,3,0,3,7,10,13,4,111
2290504,74,0,5,0,27,32,6,6,7,19,51,0,0,0,3,3,0,0,11,11,14,3,142
2290505,18,0,0,0,17,17,0,0,0,0,17,0,0,0,6,6,0,0,0,0,6,0,41
2290506,35,0,0,0,0,0,0,0,4,4,4,0,0,0,0,0,0,0,0,0,0,12,51
2290507,49,3,0,0,17,20,0,0,4,4,24,0,0,0,0,0,0,3,6,9,9,15,97
2290508,43,0,4,0,9,13,0,6,0,6,19,0,0,0,0,0,0,3,3,6,6,10,78
2290509,33,0,0,0,17,17,0,0,0,0,17,3,0,0,4,7,0,3,0,3,10,9,69
2290510,54,0,7,0,23,30,3,10,8,21,51,0,0,0,10,10,0,0,5,5,15,6,126
2290511,32,0,0,0,20,20,5,6,3,14,34,0,0,0,5,5,0,0,3,3,8,3,77
2290512,0,0,0,0,0,0,0,0,0,0,0,0,0,0,0,0,0,0,0,0,0,0,0
2290513,30,0,3,0,12,15,0,9,0,9,24,0,0,0,9,9,0,0,0,0,9,6,69
2290514,62,0,0,0,8,8,0,0,0,0,8,0,0,0,3,3,0,4,0,4,7,10,87
2290515,0,0,0,0,0,0,0,0,0,0,0,0,0,0,0,0,0,0,0,0,0,0,0
2290601,80,0,3,0,27,30,0,3,6,9,39,0,0,0,6,6,0,0,10,10,16,21,156
2290602,61,0,0,0,27,27,0,7,11,18,45,0,0,0,0,0,0,5,7,12,12,3,121
2290603,51,0,0,0,37,37,0,6,8,14,51,0,0,0,3,3,0,0,10,10,13,5,120
2290604,59,0,0,0,33,33,0,6,13,19,52,0,0,0,4,4,0,0,8,8,12,7,130
2290605,75,0,6,4,28,38,0,0,5,5,43,0,0,0,7,7,0,3,3,6,13,5,136
2290606,53,0,5,0,19,24,0,4,10,14,38,0,0,0,5,5,0,4,10,14,19,5,115
2290607,69,0,5,0,23,28,7,4,8,19,47,0,0,0,7,7,0,0,9,9,16,11,143
2290608,53,0,7,0,30,37,0,0,0,0,37,0,3,0,4,7,0,0,8,8,15,6,111
2290609,32,0,0,0,21,21,0,0,0,0,21,0,0,0,7,7,0,0,3,3,10,4,67
2290610,49,0,0,0,13,13,3,0,0,3,16,0,0,0,5,5,5,0,0,5,10,14,89
2290611,59,0,3,0,12,15,0,0,5,5,20,0,0,0,8,8,0,4,9,13,21,13,113
2290701,16,0,0,0,4,4,0,0,6,6,10,0,0,0,0,0,0,0,6,6,6,0,32
2290702,12,0,0,0,14,14,0,5,4,9,23,3,0,3,9,15,5,9,16,30,45,5,85
2290703,25,0,0,0,7,7,0,0,3,3,10,0,0,0,0,0,0,0,0,0,0,3,38
2290704,49,0,0,0,8,8,0,4,3,7,15,0,0,0,0,0,0,0,4,4,4,9,77
2290705,26,0,0,0,5,5,0,3,3,6,11,0,0,0,5,5,0,0,0,0,5,18,60
2290706,15,0,0,0,8,8,0,0,0,0,8,0,0,0,5,5,0,0,0,0,5,14,42
2290707,28,0,0,0,5,5,0,0,0,0,5,0,0,0,4,4,0,4,0,4,8,0,41
2290708,54,0,0,0,15,15,0,4,6,10,25,0,0,0,3,3,0,3,4,7,10,3,92
2290709,33,0,0,0,6,6,0,3,0,3,9,0,0,0,0,0,0,3,3,6,6,11,59
2290710,23,0,0,0,12,12,0,3,0,3,15,0,0,0,3,3,0,4,4,8,11,9,58
2290711,10,0,0,0,3,3,0,0,3,3,6,0,0,0,0,0,0,3,0,3,3,7,26
2290712,25,0,7,0,0,7,0,7,0,7,14,0,0,0,0,0,0,0,0,0,0,8,47
2290713,54,0,0,0,11,11,0,0,0,0,11,0,0,0,0,0,0,0,0,0,0,12,77
2290714,19,0,0,0,0,0,3,0,3,6,6,0,0,0,0,0,0,0,0,0,0,10,35
2290715,0,0,0,0,0,0,0,0,0,0,0,0,0,0,0,0,0,0,0,0,0,0,0
2290716,10,0,0,0,3,3,0,0,0,0,3,0,0,0,4,4,3,0,0,3,7,19,39
2290717,30,0,0,0,5,5,0,0,0,0,5,0,0,0,0,0,0,0,0,0,0,33,68
2290718,45,0,0,0,12,12,0,5,0,5,17,0,0,0,3,3,0,8,0,8,11,71,144
2290801,0,0,0,0,0,0,0,0,0,0,0,0,0,0,4,4,0,0,0,0,4,0,4
2290802,17,0,5,0,33,38,0,3,3,6,44,0,11,5,34,50,5,8,8,21,71,9,141
2290803,39,0,0,0,9,9,0,0,4,4,13,0,0,0,0,0,0,0,7,7,7,6,65
2290804,8,0,12,0,31,43,8,0,0,8,51,3,5,5,12,25,4,3,7,14,39,5,103
2290805,65,0,4,0,15,19,0,0,9,9,28,0,0,0,6,6,0,0,6,6,12,17,122
2290806,14,0,3,0,16,19,0,0,0,0,19,0,0,0,23,23,0,4,8,12,35,6,74
2290807,42,0,0,0,12,12,0,0,6,6,18,0,0,0,0,0,0,0,0,0,0,6,66
2290808,4,0,0,0,3,3,0,3,0,3,6,0,0,0,0,0,0,0,3,3,3,0,13
2290809,53,0,0,0,11,11,0,0,0,0,11,3,0,0,0,3,0,4,0,4,7,13,84
2290810,36,0,0,0,5,5,0,0,0,0,5,0,0,0,0,0,0,0,4,4,4,15,60
2290811,3,0,0,0,0,0,0,0,0,0,0,0,0,0,0,0,0,0,0,0,0,5,8
2290812,0,0,0,0,0,0,0,0,0,0,0,0,0,0,0,0,0,0,0,0,0,9,9
2290813,8,0,0,0,0,0,0,0,0,0,0,0,0,0,0,0,0,0,0,0,0,10,18
2290814,0,0,0,0,0,0,0,0,0,0,0,0,0,0,0,0,0,0,0,0,0,8,8
2290815,4,0,0,0,0,0,0,0,0,0,0,0,0,0,3,3,0,0,0,0,3,3,10
2290816,37,0,0,0,5,5,0,0,0,0,5,0,0,0,3,3,0,3,0,3,6,31,79
2290901,32,0,0,3,3,6,0,0,0,0,6,0,0,0,0,0,3,0,3,6,6,10,54
2290902,69,0,3,0,18,21,0,3,3,6,27,0,0,0,13,13,0,0,7,7,20,9,125
2290903,64,0,0,0,21,21,0,0,0,0,21,0,0,0,0,0,5,0,5,10,10,7,102
2290904,70,0,4,0,14,18,0,4,3,7,25,0,3,0,3,6,0,3,5,8,14,4,113
2290905,45,0,3,0,15,18,0,5,4,9,27,0,4,0,0,4,4,0,3,7,11,0,83
2290906,46,0,3,0,15,18,0,4,7,11,29,0,0,0,6,6,0,0,4,4,10,8,93
2290907,14,0,0,0,0,0,0,0,0,0,0,0,0,0,0,0,0,6,5,11,11,7,32
2290908,81,0,6,0,15,21,0,0,0,0,21,0,3,0,4,7,0,0,3,3,10,6,118
2290909,51,3,3,0,16,22,0,0,3,3,25,0,0,0,4,4,0,0,3,3,7,7,90
2290910,86,0,6,0,11,17,0,0,8,8,25,0,0,0,0,0,0,0,0,0,0,15,126
2290911,49,0,0,0,15,15,0,0,7,7,22,0,3,0,0,3,0,0,0,0,3,25,99
2290912,41,0,0,0,3,3,0,3,3,6,9,0,0,0,0,0,0,4,0,4,4,14,68
2290913,7,0,0,0,0,0,0,0,0,0,0,0,0,0,3,3,0,0,0,0,3,16,26
2290914,28,0,0,0,3,3,3,0,3,6,9,0,0,0,0,0,0,0,4,4,4,13,54
2290915,41,0,0,0,5,5,0,0,0,0,5,0,0,0,0,0,0,0,0,0,0,34,80
2290916,91,0,0,0,7,7,0,0,3,3,10,0,0,0,3,3,0,0,3,3,6,5,112
2290917,0,0,0,0,0,0,0,0,0,0,0,0,0,0,0,0,0,0,0,0,0,0,0
2290918,44,0,0,0,11,11,0,0,0,0,11,0,0,0,0,0,0,3,4,7,7,5,67
2290919,61,0,0,0,4,4,0,3,3,6,10,0,0,0,4,4,0,0,0,0,4,36,111
2290920,0,0,0,0,0,0,0,0,0,0,0,0,0,0,0,0,0,0,0,0,0,0,0
2290921,48,0,0,0,18,18,3,3,0,6,24,0,3,0,3,6,0,0,5,5,11,7,90
2290922,78,0,0,0,13,13,0,0,0,0,13,0,0,0,0,0,0,0,0,0,0,47,138
2290923,0,0,0,0,0,0,0,0,0,0,0,0,0,0,0,0,0,0,0,0,0,0,0
2290924,15,0,0,0,4,4,0,0,0,0,4,0,0,0,0,0,0,0,0,0,0,4,23
2290925,92,0,0,0,10,10,0,3,3,6,16,0,0,0,0,0,0,5,4,9,9,9,126
2290926,37,0,0,0,0,0,0,0,8,8,8,0,0,0,0,0,0,0,0,0,0,0,45
2290927,44,0,0,0,10,10,0,0,0,0,10,0,0,0,0,0,0,3,3,6,6,5,65
2290928,55,0,0,0,4,4,0,3,3,6,10,0,0,0,0,0,0,0,0,0,0,4,69
2290930,67,0,5,0,5,10,0,4,6,10,20,0,0,0,0,0,0,3,3,6,6,5,98
2290931,29,0,0,0,7,7,4,0,0,4,11,0,0,0,0,0,0,5,0,5,5,4,49
2290932,38,0,0,0,6,6,0,3,7,10,16,0,0,0,3,3,0,0,3,3,6,3,63
2290933,48,0,0,0,0,0,0,0,6,6,6,0,0,0,0,0,0,0,8,8,8,10,72
2290934,69,0,0,0,6,6,0,0,0,0,6,0,0,0,0,0,0,0,0,0,0,14,89
2290935,71,0,4,0,4,8,0,0,3,3,11,0,0,0,0,0,0,0,0,0,0,21,103
2290936,0,0,0,0,0,0,0,0,0,0,0,0,0,0,0,0,0,0,0,0,0,0,0
2291001,59,0,0,0,5,5,0,0,0,0,5,0,0,0,0,0,0,0,3,3,3,15,82
2291002,25,0,0,0,4,4,0,3,0,3,7,0,0,0,0,0,0,3,3,6,6,31,69
2291003,39,0,0,0,13,13,0,0,0,0,13,0,0,0,0,0,0,3,0,3,3,10,65
2291004,10,0,0,0,0,0,0,3,0,3,3,0,0,0,0,0,0,0,0,0,0,0,13
2291005,37,0,0,0,9,9,0,0,0,0,9,0,0,0,3,3,0,0,4,4,7,8,61
2291006,24,0,0,0,4,4,0,0,0,0,4,0,0,0,0,0,0,0,0,0,0,10,38
2291007,20,0,0,0,5,5,0,0,0,0,5,0,0,0,0,0,0,0,0,0,0,5,30
2291008,36,0,0,0,6,6,0,0,3,3,9,0,0,0,0,0,0,3,3,6,6,10,61
2291009,37,0,0,0,0,0,0,0,0,0,0,0,0,0,0,0,0,0,0,0,0,8,45
2291010,32,0,0,0,0,0,0,0,0,0,0,0,0,0,0,0,0,0,4,4,4,13,49
2291011,51,0,0,0,4,4,0,0,5,5,9,0,0,0,0,0,0,0,0,0,0,14,74
2291012,20,0,0,0,9,9,0,0,0,0,9,0,0,0,3,3,0,0,0,0,3,0,32
2291013,52,3,0,0,8,11,0,0,3,3,14,0,0,0,0,0,0,0,0,0,0,0,66
2291014,46,0,0,0,10,10,0,6,0,6,16,0,0,0,0,0,0,0,6,6,6,20,88
2291015,21,0,0,0,6,6,0,0,0,0,6,0,0,0,0,0,0,0,5,5,5,15,47
2291016,50,0,0,0,9,9,0,7,5,12,21,0,3,0,3,6,4,7,5,16,22,48,141
2291017,10,0,0,0,0,0,0,0,0,0,0,0,0,0,0,0,0,0,0,0,0,0,10
2291018,21,0,0,0,3,3,0,0,0,0,3,0,0,0,0,0,0,0,0,0,0,5,29
2291019,13,0,0,0,3,3,0,0,0,0,3,0,0,0,0,0,0,0,0,0,0,5,21
2291020,52,0,0,0,9,9,0,0,0,0,9,0,0,0,3,3,0,3,3,6,9,11,81
2291021,49,0,0,0,4,4,0,0,0,0,4,0,0,0,0,0,0,0,7,7,7,13,73
2291022,51,0,0,0,4,4,0,0,0,0,4,0,0,0,3,3,3,0,3,6,9,8,72
2291023,0,0,0,0,0,0,0,0,0,0,0,0,0,0,0,0,0,0,0,0,0,0,0
2291024,65,0,0,0,6,6,5,0,0,5,11,0,3,0,0,3,0,0,0,0,3,41,120
2291025,24,0,0,0,0,0,0,6,4,10,10,0,0,0,0,0,0,0,0,0,0,0,34
2291026,34,0,0,0,3,3,0,0,0,0,3,0,0,0,0,0,0,0,0,0,0,16,53
2291027,92,0,0,0,8,8,0,3,3,6,14,0,0,0,8,8,0,3,5,8,16,52,174
2291028,24,0,0,0,0,0,0,0,0,0,0,0,0,0,0,0,0,3,3,6,6,20,50
2291029,11,0,0,0,0,0,0,0,0,0,0,0,0,0,0,0,0,0,0,0,0,6,17
2291030,0,0,0,0,0,0,0,0,0,0,0,0,0,0,0,0,0,0,0,0,0,0,0
2291031,38,0,0,0,3,3,0,4,3,7,10,0,0,0,0,0,0,0,3,3,3,15,66
2291032,29,0,0,0,0,0,0,0,4,4,4,0,0,0,0,0,0,0,0,0,0,0,33
2291033,24,0,0,0,8,8,0,0,0,0,8,0,0,0,0,0,0,0,0,0,0,6,38
2291101,32,0,0,0,0,0,0,0,4,4,4,0,0,0,0,0,0,0,3,3,3,0,39
2291102,43,0,0,0,12,12,0,5,0,5,17,0,0,0,0,0,0,0,0,0,0,0,60
2291103,118,0,0,0,12,12,0,0,0,0,12,0,0,0,0,0,0,0,4,4,4,11,145
2291104,40,0,0,0,8,8,0,0,5,5,13,0,0,0,0,0,0,0,4,4,4,0,57
2291105,16,0,0,0,0,0,0,0,0,0,0,0,0,0,0,0,0,0,0,0,0,0,16
2291106,40,0,0,0,7,7,0,0,8,8,15,0,0,0,0,0,0,0,0,0,0,4,59
2291107,50,0,0,4,11,15,0,4,6,10,25,0,0,0,4,4,0,0,5,5,9,3,87
2291108,46,0,0,0,15,15,0,0,11,11,26,0,0,0,0,0,0,0,0,0,0,4,76
2291109,15,0,0,0,0,0,0,0,0,0,0,0,0,0,0,0,0,3,0,3,3,0,18
2291110,29,0,0,0,8,8,0,0,0,0,8,0,0,0,0,0,0,0,0,0,0,0,37
2291111,81,0,0,0,10,10,0,6,0,6,16,0,0,0,3,3,0,0,6,6,9,4,110
2291112,63,0,0,0,10,10,0,8,8,16,26,0,3,0,3,6,0,0,0,0,6,9,104
2291113,0,0,0,0,0,0,0,0,0,0,0,0,0,0,0,0,0,0,0,0,0,0,0
2291114,40,0,3,3,7,13,0,5,4,9,22,0,0,0,0,0,0,0,0,0,0,4,66
2291115,0,0,0,0,0,0,0,0,0,0,0,0,0,0,0,0,0,0,0,0,0,0,0
2291116,32,0,0,0,10,10,0,0,0,0,10,0,0,0,0,0,0,0,0,0,0,0,42
2291201,73,0,4,0,14,18,6,4,4,14,32,0,0,0,0,0,0,3,0,3,3,0,108
2291202,39,0,0,0,15,15,0,0,5,5,20,0,3,0,3,6,0,0,5,5,11,5,75
2291203,29,0,3,0,3,6,0,0,0,0,6,0,0,0,0,0,0,0,0,0,0,0,35
2291204,30,0,0,0,13,13,0,0,0,0,13,0,0,0,0,0,0,4,0,4,4,3,50
2291205,31,0,8,0,12,20,0,0,0,0,20,0,4,0,0,4,0,0,0,0,4,0,55
2291206,50,0,0,0,11,11,0,0,10,10,21,0,0,0,3,3,0,3,6,9,12,6,89
2291207,17,0,0,0,16,16,0,3,5,8,24,0,0,0,0,0,3,0,0,3,3,3,47
2291208,43,0,0,0,7,7,0,0,0,0,7,0,0,0,0,0,0,0,4,4,4,8,62
2291209,42,0,0,0,0,0,0,3,3,6,6,0,0,0,0,0,0,3,0,3,3,0,51
2291210,42,0,0,0,8,8,0,7,3,10,18,0,0,0,4,4,0,0,0,0,4,0,64
2291211,73,0,0,0,9,9,0,4,3,7,16,0,0,0,0,0,0,0,5,5,5,6,100
2291212,32,0,5,0,17,22,0,3,3,6,28,0,0,0,4,4,0,4,5,9,13,5,78
2291213,3,0,0,0,0,0,0,0,0,0,0,0,0,0,0,0,0,0,0,0,0,0,3
2291214,37,0,3,0,3,6,0,9,0,9,15,0,0,0,4,4,0,0,0,0,4,9,65
2291215,62,0,0,0,8,8,0,3,4,7,15,0,0,0,0,0,0,0,0,0,0,0,77
2291301,78,0,3,0,11,14,7,7,5,19,33,0,0,0,3,3,3,3,0,6,9,0,120
2291302,60,0,0,0,7,7,0,6,0,6,13,0,0,0,0,0,0,0,0,0,0,12,85
2291303,64,0,0,0,14,14,0,0,4,4,18,0,0,0,0,0,0,0,3,3,3,23,108
2291304,75,0,0,0,16,16,0,0,4,4,20,0,0,0,5,5,0,0,0,0,5,17,117
2291306,0,0,0,0,0,0,0,0,0,0,0,0,0,0,0,0,0,0,0,0,0,0,0
2291307,55,0,0,0,11,11,0,5,4,9,20,0,0,0,7,7,0,4,4,8,15,35,125
2291308,0,0,0,0,0,0,0,0,0,0,0,0,0,0,0,0,0,0,0,0,0,0,0
2291309,65,0,0,0,4,4,5,0,0,5,9,0,0,0,0,0,0,4,4,8,8,24,106
2291310,63,0,0,0,5,5,0,3,0,3,8,0,0,0,0,0,0,4,0,4,4,7,82
2291311,46,0,0,0,9,9,0,3,3,6,15,0,0,0,3,3,0,0,5,5,8,9,78
2291312,70,0,3,0,6,9,0,3,10,13,22,0,3,3,0,6,0,3,3,6,12,17,121
2291313,108,0,0,0,12,12,3,4,5,12,24,0,0,0,5,5,0,0,0,0,5,13,150
2291314,66,0,0,0,7,7,3,0,3,6,13,0,3,0,4,7,3,4,0,7,14,21,114
2291315,73,0,0,0,13,13,3,3,5,11,24,0,3,0,3,6,0,0,0,0,6,42,145
2291316,46,0,0,0,6,6,0,0,4,4,10,0,0,0,3,3,0,0,5,5,8,5,69
2291317,40,0,0,0,9,9,0,0,4,4,13,0,0,0,0,0,3,0,4,7,7,8,68
2291318,103,0,3,0,16,19,3,3,0,6,25,0,0,0,3,3,0,6,0,6,9,42,179
2291319,45,0,0,0,14,14,0,0,0,0,14,0,0,0,0,0,5,0,0,5,5,20,84
2291320,51,0,0,0,8,8,0,3,3,6,14,0,0,0,3,3,0,3,3,6,9,21,95
2291321,49,0,0,0,9,9,0,0,0,0,9,0,0,0,0,0,0,0,0,0,0,22,80
2291401,15,3,0,3,8,14,0,0,0,0,14,0,3,3,3,9,0,0,8,8,17,4,50
2291402,122,0,0,0,15,15,0,0,4,4,19,0,0,0,0,0,0,0,4,4,4,4,149
2291403,21,0,0,0,29,29,0,0,0,0,29,0,6,0,39,45,0,7,9,16,61,6,117
2291404,50,0,0,0,3,3,0,0,3,3,6,0,0,0,3,3,0,3,3,6,9,3,68
2291405,16,0,3,3,14,20,0,4,0,4,24,0,5,5,37,47,0,8,4,12,59,7,106
2291406,9,0,0,0,14,14,0,3,3,6,20,0,3,0,21,24,0,3,3,6,30,3,62
2291407,25,0,3,0,11,14,3,4,0,7,21,3,3,0,16,22,3,7,11,21,43,4,93
2291408,28,0,0,3,3,6,0,0,3,3,9,0,0,3,0,3,0,0,3,3,6,3,46
2291409,65,0,0,0,7,7,0,0,0,0,7,0,0,0,0,0,0,0,0,0,0,6,78
2291410,15,0,0,0,7,7,0,0,0,0,7,0,0,0,0,0,0,5,0,5,5,4,31
2291501,24,0,0,0,8,8,0,4,0,4,12,0,0,0,0,0,0,0,4,4,4,3,43
2291502,47,0,0,0,19,19,0,0,7,7,26,0,0,0,5,5,0,4,10,14,19,0,92
2291503,28,0,0,0,15,15,0,0,6,6,21,0,0,0,4,4,0,0,5,5,9,3,61
2291504,40,0,3,0,20,23,3,3,4,10,33,0,0,0,3,3,0,4,0,4,7,4,84
2291505,68,0,5,0,30,35,0,4,14,18,53,0,0,0,7,7,0,0,9,9,16,10,147
2291506,41,0,0,0,11,11,6,0,0,6,17,0,0,0,4,4,0,0,0,0,4,6,68
2291507,63,0,3,0,25,28,0,4,6,10,38,0,0,0,9,9,0,5,11,16,25,8,134
2291508,15,0,0,3,10,13,5,0,0,5,18,3,0,0,0,3,0,3,3,6,9,4,46
2291509,21,0,6,0,19,25,0,0,8,8,33,0,0,0,4,4,0,0,4,4,8,4,66
2291510,39,0,0,0,6,6,0,0,9,9,15,0,0,0,4,4,0,0,4,4,8,0,62
2291601,57,0,0,0,20,20,0,5,3,8,28,3,0,0,0,3,0,0,8,8,11,4,100
2291602,65,0,9,0,26,35,0,0,6,6,41,0,0,0,14,14,0,3,11,14,28,3,137
2291603,64,0,0,0,24,24,5,4,0,9,33,0,0,4,8,12,0,0,11,11,23,7,127
2291604,84,0,0,0,25,25,0,9,4,13,38,0,0,0,6,6,0,3,10,13,19,5,146
2291605,44,0,0,0,17,17,0,0,0,0,17,0,0,0,3,3,0,3,3,6,9,8,78
2291606,26,0,0,0,13,13,0,6,0,6,19,0,0,0,6,6,3,0,0,3,9,7,61
2291607,48,0,0,4,14,18,0,3,8,11,29,0,0,0,6,6,3,3,4,10,16,3,96
2291608,37,0,0,0,9,9,0,3,4,7,16,0,0,0,0,0,0,0,0,0,0,6,59
2291609,59,0,0,0,22,22,0,0,7,7,29,0,0,0,5,5,0,0,6,6,11,5,104
2291701,28,0,3,0,15,18,0,0,9,9,27,0,0,0,9,9,0,0,9,9,18,0,73
2291702,47,0,7,0,22,29,0,9,5,14,43,0,0,0,5,5,0,0,5,5,10,0,100
2291703,37,0,7,0,26,33,4,3,4,11,44,0,3,0,3,6,0,0,3,3,9,3,93
2291704,52,3,5,0,31,39,0,6,8,14,53,0,0,0,7,7,0,0,4,4,11,3,119
2291705,59,0,4,0,22,26,0,3,3,6,32,0,0,0,4,4,0,6,4,10,14,10,115
2291706,30,3,3,0,17,23,0,5,9,14,37,0,0,0,7,7,0,0,12,12,19,0,86
2291707,39,0,6,0,44,50,5,10,14,29,79,0,0,0,6,6,0,0,5,5,11,4,133
2291708,61,0,0,5,34,39,9,3,9,21,60,0,4,0,7,11,0,3,6,9,20,0,141
2291709,36,0,12,0,34,46,7,13,10,30,76,0,0,0,3,3,0,5,8,13,16,0,128
2291710,54,0,3,0,25,28,0,3,10,13,41,0,0,0,0,0,3,0,3,6,6,3,104
2291711,34,0,0,0,37,37,3,9,6,18,55,0,3,0,6,9,0,5,7,12,21,0,110
2291712,40,4,3,0,17,24,3,9,4,16,40,0,0,0,4,4,4,0,4,8,12,4,96
2291713,49,0,0,0,23,23,0,0,5,5,28,0,3,0,3,6,0,4,9,13,19,4,100
2291801,30,0,0,0,24,24,0,5,12,17,41,0,0,0,6,6,0,3,3,6,12,5,88
2291802,24,0,0,0,15,15,0,0,8,8,23,0,5,0,16,21,0,14,12,26,47,6,100
2291803,24,0,3,0,22,25,0,4,0,4,29,3,6,4,41,54,0,9,11,20,74,5,132
2291804,29,3,8,3,15,29,3,3,12,18,47,0,3,3,20,26,0,8,23,31,57,6,139
2291805,84,5,3,0,17,25,3,6,5,14,39,0,0,0,3,3,0,5,4,9,12,8,143
2291806,52,0,0,0,16,16,0,4,6,10,26,0,0,0,5,5,0,0,12,12,17,4,99
2291807,32,0,0,0,15,15,0,0,0,0,15,0,0,0,9,9,0,3,3,6,15,4,66
2291808,82,0,0,0,21,21,3,6,21,30,51,0,0,0,4,4,0,3,10,13,17,6,156
2291809,22,3,6,4,12,25,0,7,0,7,32,0,7,0,20,27,6,8,13,27,54,4,112
2291810,31,0,3,0,13,16,0,8,11,19,35,0,4,0,29,33,5,3,11,19,52,7,125
2291811,25,0,4,0,21,25,4,7,3,14,39,0,5,4,29,38,0,3,16,19,57,9,130
2291812,0,0,0,0,0,0,0,0,0,0,0,0,0,0,0,0,0,0,0,0,0,0,0
2291901,49,0,0,0,18,18,0,0,7,7,25,0,0,0,6,6,0,0,0,0,6,6,86
2291902,31,0,0,0,16,16,0,0,6,6,22,0,0,0,0,0,0,0,3,3,3,4,60
2291903,22,0,0,0,9,9,0,0,3,3,12,0,0,0,0,0,0,0,3,3,3,3,40
2291904,47,0,0,5,23,28,0,0,8,8,36,0,0,0,0,0,0,3,6,9,9,4,96
2291905,58,0,0,0,13,13,0,3,3,6,19,0,0,0,7,7,0,0,4,4,11,8,96
2291906,39,0,3,0,8,11,0,0,4,4,15,0,6,0,0,6,0,0,4,4,10,6,70
2291907,82,0,0,0,35,35,0,5,9,14,49,0,5,0,5,10,4,0,7,11,21,6,158
2291908,42,0,3,0,10,13,0,0,3,3,16,0,0,0,5,5,3,0,0,3,8,0,66
2291909,62,0,0,0,5,5,0,0,0,0,5,0,0,0,3,3,0,0,0,0,3,0,70
2291910,8,0,3,0,8,11,0,3,3,6,17,0,0,0,0,0,0,0,0,0,0,3,28
2291911,0,0,0,0,0,0,0,0,0,0,0,0,0,0,0,0,0,0,0,0,0,0,0
2292001,47,0,0,0,13,13,0,0,0,0,13,0,0,0,0,0,0,0,5,5,5,0,65
2292002,49,0,0,0,13,13,0,0,7,7,20,0,0,0,5,5,3,0,0,3,8,5,82
2292003,69,0,4,0,14,18,3,3,10,16,34,0,0,0,0,0,0,0,0,0,0,8,111
2292004,49,0,4,0,20,24,0,0,5,5,29,0,3,0,0,3,0,0,0,0,3,10,91
2292005,60,0,0,0,24,24,0,0,10,10,34,0,0,0,3,3,0,0,8,8,11,5,110
2292006,64,0,3,0,21,24,4,4,9,17,41,0,0,0,6,6,0,0,6,6,12,9,126
2292007,54,0,0,0,17,17,0,0,9,9,26,0,0,0,3,3,0,3,5,8,11,4,95
2292008,50,0,5,0,6,11,0,4,5,9,20,0,0,0,5,5,0,3,3,6,11,5,86
2292009,55,0,7,0,8,15,0,0,4,4,19,0,0,0,0,0,0,0,9,9,9,4,87
2292010,36,0,5,0,11,16,0,0,4,4,20,0,0,0,0,0,0,0,5,5,5,0,61
2292011,78,0,0,0,5,5,0,0,0,0,5,0,0,0,3,3,3,0,0,3,6,4,93
2292101,34,0,6,0,17,23,0,8,7,15,38,0,0,0,8,8,0,3,3,6,14,3,89
2292102,44,0,0,0,26,26,6,0,7,13,39,0,0,0,4,4,0,3,0,3,7,0,90
2292103,36,0,3,0,23,26,3,3,6,12,38,0,0,0,0,0,0,0,4,4,4,5,83
2292104,32,0,5,0,12,17,0,6,6,12,29,0,0,0,4,4,3,0,3,6,10,3,74
2292105,56,0,0,0,30,30,0,7,6,13,43,0,0,0,0,0,0,0,7,7,7,0,106
2292106,97,0,7,0,36,43,3,3,3,9,52,0,0,0,9,9,5,0,6,11,20,6,175
2292107,43,0,0,0,16,16,0,4,0,4,20,0,0,0,6,6,0,0,3,3,9,5,77
2292108,77,0,0,0,25,25,0,3,0,3,28,0,0,3,5,8,0,6,7,13,21,8,134
2292109,46,0,5,3,19,27,3,3,3,9,36,0,4,5,9,18,0,3,17,20,38,8,128
2292110,37,0,0,0,22,22,0,3,3,6,28,0,0,0,5,5,0,4,0,4,9,3,77
2292111,58,0,0,0,34,34,4,0,9,13,47,0,0,0,8,8,3,4,7,14,22,4,131
2292112,24,0,3,3,21,27,0,5,4,9,36,0,0,0,5,5,0,3,5,8,13,0,73
2292113,32,0,4,0,12,16,0,6,0,6,22,0,0,0,3,3,0,7,0,7,10,0,64
2292114,18,0,3,0,6,9,0,0,0,0,9,0,0,0,3,3,0,4,0,4,7,3,37
2292115,0,0,0,0,0,0,0,0,0,0,0,0,0,0,0,0,0,0,0,0,0,0,0
2292201,66,0,0,0,28,28,3,5,9,17,45,0,3,0,3,6,0,0,6,6,12,0,123
2292202,87,0,9,3,44,56,4,16,3,23,79,0,0,0,3,3,3,0,11,14,17,8,191
2292203,29,0,3,3,19,25,0,6,3,9,34,0,0,0,8,8,0,0,0,0,8,0,71
2292204,67,3,0,0,45,48,0,9,8,17,65,0,0,0,0,0,3,8,3,14,14,0,146
2292205,17,0,0,0,10,10,0,0,0,0,10,0,0,0,15,15,0,3,5,8,23,0,50
2292206,31,0,0,0,8,8,0,6,0,6,14,0,3,0,0,3,0,0,0,0,3,3,51
2292301,76,0,3,0,20,23,0,7,0,7,30,0,0,0,0,0,0,3,5,8,8,3,117
2292302,44,0,0,0,36,36,5,5,0,10,46,0,0,0,12,12,0,4,6,10,22,8,120
2292303,84,0,0,4,14,18,0,4,3,7,25,0,0,0,4,4,3,0,3,6,10,8,127
2292304,72,0,0,0,19,19,3,3,3,9,28,0,0,3,0,3,0,0,7,7,10,3,113
2292305,88,0,0,0,23,23,0,0,7,7,30,0,0,0,7,7,0,4,5,9,16,4,138
2292306,48,0,0,0,7,7,0,0,0,0,7,0,0,0,0,0,0,7,0,7,7,0,62
2292307,65,0,0,0,21,21,0,3,6,9,30,0,0,0,4,4,0,3,4,7,11,3,109
2292308,52,0,0,0,7,7,0,0,0,0,7,0,0,0,0,0,0,0,0,0,0,0,59
2292309,44,0,0,0,15,15,0,0,4,4,19,0,3,0,4,7,0,0,0,0,7,3,73
2292310,47,0,0,0,13,13,3,0,3,6,19,0,0,0,6,6,0,0,9,9,15,9,90
2292311,56,0,3,0,14,17,0,3,6,9,26,0,0,0,0,0,0,0,6,6,6,4,92
2292401,60,0,4,0,19,23,0,0,0,0,23,0,0,0,0,0,0,4,0,4,4,6,93
2292402,12,0,10,0,23,33,0,4,0,4,37,0,7,0,31,38,4,8,8,20,58,3,110
2292403,74,0,0,0,21,21,0,0,7,7,28,0,0,4,4,8,0,5,5,10,18,3,123
2292404,74,0,0,0,18,18,0,0,0,0,18,0,0,0,12,12,0,0,11,11,23,14,129
2292405,40,0,0,0,11,11,0,0,7,7,18,0,0,0,0,0,0,4,4,8,8,0,66
2292406,26,0,0,0,0,0,0,8,7,15,15,0,0,0,0,0,0,0,7,7,7,0,48
2292407,56,0,0,0,7,7,3,0,4,7,14,0,0,0,0,0,0,0,0,0,0,0,70
2292408,23,0,0,0,18,18,0,0,4,4,22,0,3,5,26,34,0,12,14,26,60,7,112
2292409,19,0,0,0,10,10,0,0,3,3,13,0,0,0,0,0,3,4,0,7,7,0,39
2292410,20,3,3,0,6,12,0,0,0,0,12,0,4,4,29,37,0,5,8,13,50,8,90
2292411,32,0,7,0,21,28,0,0,9,9,37,0,10,0,27,37,3,3,9,15,52,4,125
2300101,44,0,4,0,31,35,0,5,14,19,54,0,0,3,8,11,3,3,9,15,26,4,128
2300102,31,3,3,0,15,21,3,6,8,17,38,0,3,0,3,6,0,3,11,14,20,3,92
2300103,65,0,7,0,49,56,0,5,23,28,84,3,3,3,9,18,3,4,18,25,43,5,197
2300104,43,0,0,0,23,23,0,0,7,7,30,0,0,4,12,16,0,0,7,7,23,4,100
2300105,40,0,3,4,23,30,0,4,6,10,40,0,0,0,15,15,0,9,5,14,29,12,121
2300106,36,0,3,0,16,19,4,4,11,19,38,0,0,0,7,7,0,0,7,7,14,4,92
2300107,34,3,0,3,35,41,0,5,0,5,46,0,0,0,13,13,0,4,0,4,17,8,105
2300108,62,0,6,0,31,37,0,6,10,16,53,0,0,0,10,10,0,0,10,10,20,5,140
2300109,21,0,0,0,4,4,0,0,6,6,10,0,0,0,4,4,0,3,3,6,10,0,41
2300110,44,0,3,0,22,25,0,3,0,3,28,0,0,0,7,7,7,0,9,16,23,11,106
2300111,17,0,6,0,24,30,0,4,4,8,38,0,4,0,0,4,0,0,0,0,4,0,59
2300112,51,0,15,9,47,71,10,6,18,34,105,0,3,5,10,18,0,3,16,19,37,5,198
2300113,34,0,0,0,6,6,0,0,0,0,6,0,0,0,3,3,3,0,3,6,9,5,54
2300114,82,0,6,0,24,30,5,0,6,11,41,0,0,0,7,7,0,3,12,15,22,5,150
2300115,40,0,7,5,32,44,0,7,10,17,61,0,0,5,10,15,0,0,4,4,19,0,120
2300201,16,3,4,0,13,20,0,0,4,4,24,3,0,0,3,6,0,0,3,3,9,3,52
2300202,49,0,4,3,33,40,3,5,30,38,78,0,4,0,15,19,0,3,11,14,33,4,164
2300203,26,0,3,3,23,29,5,0,10,15,44,0,0,0,10,10,0,4,12,16,26,4,100
2300204,47,0,0,3,8,11,0,6,0,6,17,0,0,0,3,3,0,3,4,7,10,5,79
2300205,27,0,0,0,14,14,0,4,3,7,21,0,6,0,17,23,0,0,11,11,34,10,92
2300206,43,0,0,0,19,19,3,3,3,9,28,0,4,0,4,8,4,3,6,13,21,4,96
2300207,15,0,8,0,13,21,0,0,9,9,30,0,0,0,3,3,0,0,5,5,8,5,58
2300208,33,0,5,0,23,28,0,3,12,15,43,0,0,3,11,14,0,0,11,11,25,3,104
2300209,31,0,3,0,19,22,5,4,4,13,35,0,3,0,5,8,0,0,6,6,14,4,84
2300210,56,0,5,0,29,34,5,3,9,17,51,0,0,0,10,10,0,0,13,13,23,7,137
2300211,38,0,0,3,18,21,0,6,5,11,32,0,0,0,6,6,0,5,3,8,14,6,90
2300212,32,0,0,0,23,23,0,9,5,14,37,0,3,0,14,17,0,0,11,11,28,7,104
2300213,15,0,3,0,12,15,0,5,0,5,20,0,0,0,11,11,0,0,5,5,16,6,57
2300214,45,0,3,4,20,27,5,4,8,17,44,0,0,3,11,14,0,0,7,7,21,0,110
2300301,51,0,3,5,16,24,5,0,7,12,36,0,3,0,12,15,0,5,8,13,28,8,123
2300302,45,3,0,3,14,20,0,3,3,6,26,3,0,0,6,9,0,4,8,12,21,8,100
2300303,20,0,5,0,7,12,0,0,3,3,15,0,0,0,0,0,0,0,6,6,6,5,46
2300304,77,0,4,0,22,26,3,3,12,18,44,0,0,0,15,15,0,4,7,11,26,7,154
2300305,30,0,0,0,21,21,3,4,7,14,35,0,4,0,4,8,0,5,8,13,21,9,95
2300306,25,3,0,0,31,34,0,0,7,7,41,0,0,4,7,11,0,3,7,10,21,9,96
2300307,20,0,6,0,12,18,0,7,6,13,31,0,0,0,7,7,0,0,5,5,12,6,69
2300308,62,3,5,0,32,40,4,8,12,24,64,0,6,5,31,42,3,10,12,25,67,12,205
2300309,45,4,0,0,22,26,3,3,10,16,42,0,0,0,10,10,0,0,9,9,19,9,115
2300401,28,0,6,0,22,28,3,4,5,12,40,0,0,0,8,8,0,0,10,10,18,4,90
2300402,74,0,5,0,53,58,4,7,23,34,92,0,0,0,9,9,0,5,16,21,30,5,201
2300403,49,0,8,4,41,53,4,7,14,25,78,0,0,5,15,20,0,3,14,17,37,4,168
2300404,57,0,9,0,41,50,3,4,18,25,75,0,3,3,6,12,0,3,13,16,28,5,165
2300405,62,4,0,0,24,28,3,0,3,6,34,0,0,6,7,13,0,5,0,5,18,0,114
2300406,53,0,8,0,33,41,7,3,11,21,62,0,8,0,12,20,4,3,16,23,43,3,161
2300407,64,4,5,3,35,47,4,3,5,12,59,0,0,0,17,17,0,4,15,19,36,10,169
2300408,59,0,3,3,35,41,4,3,4,11,52,0,4,0,13,17,0,3,12,15,32,0,143
2300409,48,3,9,3,52,67,0,8,12,20,87,0,0,0,17,17,0,3,18,21,38,3,176
2300410,27,0,0,0,19,19,0,0,0,0,19,0,0,0,5,5,0,4,3,7,12,0,58
2300411,37,3,8,3,26,40,0,4,6,10,50,0,0,5,4,9,0,0,12,12,21,3,111
2300412,14,0,0,0,19,19,0,0,3,3,22,0,0,0,5,5,0,0,10,10,15,8,59
2300413,27,3,0,5,21,29,0,5,5,10,39,0,0,4,6,10,0,0,7,7,17,4,87
2300501,43,0,4,0,13,17,5,0,0,5,22,0,0,0,7,7,0,5,3,8,15,5,85
2300502,28,0,3,0,16,19,0,0,5,5,24,0,0,0,3,3,0,0,5,5,8,0,60
2300503,43,0,7,0,48,55,5,0,6,11,66,0,0,0,10,10,0,3,10,13,23,0,132
2300504,68,0,7,0,50,57,3,5,15,23,80,0,0,0,11,11,0,0,11,11,22,5,175
2300505,91,0,0,0,61,61,4,4,14,22,83,0,3,3,6,12,3,3,17,23,35,4,213
2300506,71,0,3,0,40,43,4,0,14,18,61,0,0,0,11,11,0,6,4,10,21,3,156
2300507,74,0,0,0,46,46,8,5,12,25,71,0,4,0,7,11,3,4,18,25,36,6,187
2300508,77,0,6,0,42,48,3,3,14,20,68,0,4,0,11,15,3,3,15,21,36,6,187
2300509,51,0,6,0,22,28,3,3,6,12,40,0,0,0,5,5,3,0,9,12,17,6,114
2300510,18,3,0,0,15,18,0,0,0,0,18,0,0,0,3,3,0,0,0,0,3,0,39
2300511,34,0,0,0,12,12,3,3,3,9,21,0,0,0,5,5,0,0,3,3,8,0,63
2300512,44,4,0,0,30,34,0,3,5,8,42,0,0,0,5,5,0,0,6,6,11,4,101
2300601,36,0,3,0,22,25,3,3,6,12,37,0,0,0,11,11,0,3,9,12,23,9,105
2300602,69,0,0,0,42,42,0,0,14,14,56,0,0,0,8,8,0,0,8,8,16,3,144
2300603,73,4,0,0,42,46,0,6,9,15,61,0,0,0,6,6,4,0,11,15,21,3,158
2300604,30,0,0,0,26,26,0,0,9,9,35,0,0,0,9,9,0,6,5,11,20,4,89
2300605,50,0,5,0,66,71,3,6,11,20,91,0,4,0,10,14,0,0,10,10,24,5,170
2300606,26,0,4,0,31,35,0,0,5,5,40,0,0,0,8,8,0,0,7,7,15,3,84
2300607,15,0,4,0,25,29,4,3,13,20,49,0,0,0,8,8,5,0,0,5,13,4,81
2300608,47,0,5,0,17,22,4,0,13,17,39,0,0,3,3,6,0,4,3,7,13,0,99
2300609,63,0,5,0,32,37,0,3,10,13,50,0,0,0,8,8,3,0,8,11,19,7,139
2300610,61,0,3,3,29,35,3,3,5,11,46,0,0,0,24,24,0,5,15,20,44,12,163
2300611,46,0,0,0,42,42,0,0,7,7,49,0,0,0,4,4,3,0,4,7,11,0,106
2300701,62,0,8,0,69,77,0,5,13,18,95,0,3,0,10,13,3,0,9,12,25,6,188
2300702,76,0,10,0,40,50,4,6,12,22,72,3,0,0,15,18,3,5,6,14,32,5,185
2300703,78,0,8,0,43,51,0,3,20,23,74,3,5,0,5,13,5,4,12,21,34,4,190
2300704,105,0,0,0,40,40,5,5,8,18,58,0,4,0,7,11,0,6,15,21,32,4,199
2300705,51,4,7,0,37,48,3,5,16,24,72,0,3,3,7,13,0,6,5,11,24,3,150
2300706,90,0,0,0,53,53,0,3,18,21,74,0,7,0,15,22,0,0,13,13,35,11,210
2300707,95,0,3,0,34,37,3,3,10,16,53,0,0,0,0,0,3,6,13,22,22,3,173
2300708,58,0,5,0,40,45,6,0,12,18,63,0,0,0,6,6,0,4,7,11,17,0,138
2300709,44,0,0,3,26,29,3,3,5,11,40,0,0,0,5,5,4,0,7,11,16,0,100
2300710,0,0,0,0,0,0,0,0,0,0,0,0,0,0,0,0,0,0,0,0,0,0,0
2300801,54,0,7,0,35,42,3,3,11,17,59,0,0,4,7,11,3,6,23,32,43,7,163
2300802,75,0,6,0,53,59,4,3,9,16,75,0,0,5,10,15,0,5,11,16,31,6,187
2300803,43,0,6,0,17,23,0,0,5,5,28,0,0,0,0,0,0,4,3,7,7,6,84
2300804,84,0,9,3,58,70,3,4,19,26,96,0,6,3,3,12,3,3,7,13,25,7,212
2300805,48,0,7,3,36,46,5,3,9,17,63,0,5,0,6,11,4,0,7,11,22,4,137
2300806,70,0,3,4,45,52,5,4,10,19,71,0,3,0,5,8,3,3,8,14,22,8,171
2300807,65,6,10,5,30,51,3,0,20,23,74,0,3,3,19,25,0,5,21,26,51,13,203
2300808,61,0,5,0,32,37,6,7,11,24,61,0,3,3,16,22,0,5,24,29,51,0,173
2300809,11,0,5,0,3,8,0,0,4,4,12,0,6,0,0,6,0,0,0,0,6,0,29
2300810,47,0,3,0,42,45,0,3,9,12,57,0,4,0,7,11,0,0,6,6,17,3,124
2300811,0,0,0,0,0,0,0,0,0,0,0,0,0,0,0,0,0,0,0,0,0,0,0
2300812,14,3,0,0,5,8,0,0,7,7,15,0,0,0,3,3,0,0,4,4,7,0,36
2300813,0,0,0,0,0,0,0,0,0,0,0,0,0,0,0,0,0,0,0,0,0,0,0
2300901,17,0,3,3,15,21,0,0,5,5,26,0,3,0,0,3,0,0,7,7,10,0,53
2300902,74,0,4,0,66,70,3,9,17,29,99,0,6,4,11,21,0,5,16,21,42,9,224
2300903,56,0,0,0,30,30,0,10,7,17,47,0,5,0,6,11,5,0,9,14,25,0,128
2300904,86,0,11,0,63,74,3,9,11,23,97,0,0,0,8,8,0,3,23,26,34,7,224
2300905,64,0,5,0,52,57,5,0,22,27,84,0,0,0,15,15,0,0,18,18,33,10,191
2300906,60,0,17,0,78,95,4,3,16,23,118,0,4,0,10,14,0,3,12,15,29,8,215
2300907,57,0,7,0,63,70,4,3,15,22,92,0,3,3,13,19,0,5,11,16,35,3,187
2300908,35,3,5,0,30,38,6,3,7,16,54,0,3,3,3,9,0,0,7,7,16,4,109
2300909,35,0,4,0,42,46,3,7,9,19,65,0,0,0,9,9,0,5,5,10,19,0,119
2300910,36,0,7,5,24,36,0,5,7,12,48,0,0,0,11,11,0,3,8,11,22,0,106
2300911,0,0,0,0,0,0,0,0,0,0,0,0,0,0,0,0,0,0,0,0,0,0,0
2301001,74,0,6,0,90,96,7,6,19,32,128,0,3,0,4,7,4,0,9,13,20,3,225
2301002,25,0,0,0,29,29,0,6,9,15,44,0,0,0,7,7,3,3,6,12,19,3,91
2301003,80,5,11,0,69,85,10,8,14,32,117,3,0,0,13,16,0,3,7,10,26,0,223
2301004,76,0,9,0,45,54,3,10,11,24,78,0,0,0,13,13,0,4,4,8,21,6,181
2301005,81,0,19,0,66,85,8,6,18,32,117,0,4,0,8,12,0,0,14,14,26,3,227
2301006,59,3,8,3,55,69,4,3,14,21,90,0,0,0,11,11,3,0,9,12,23,6,178
2301007,76,0,4,0,40,44,0,6,11,17,61,0,0,0,7,7,0,6,6,12,19,3,159
2301008,76,0,3,3,38,44,0,3,12,15,59,0,0,0,9,9,0,0,13,13,22,3,160
2301009,38,0,6,0,16,22,3,4,6,13,35,0,0,0,16,16,0,0,5,5,21,4,98
2301101,85,4,18,3,119,144,4,14,20,38,182,0,0,0,6,6,4,0,3,7,13,0,280
2301102,76,0,25,3,68,96,4,16,20,40,136,0,5,0,6,11,0,0,15,15,26,3,241
2301103,44,0,5,0,37,42,0,6,10,16,58,0,0,0,7,7,0,0,12,12,19,6,127
2301104,32,0,3,0,21,24,3,0,14,17,41,0,0,0,38,38,0,5,10,15,53,6,132
2301105,43,0,9,0,39,48,0,9,9,18,66,0,4,0,16,20,0,8,13,21,41,5,155
2301106,42,3,4,0,42,49,4,10,4,18,67,0,3,0,11,14,0,7,7,14,28,0,137
2301107,67,0,15,0,54,69,7,4,16,27,96,0,6,0,12,18,5,8,13,26,44,4,211
2301108,84,0,12,6,84,102,8,8,16,32,134,4,0,0,5,9,0,0,10,10,19,0,237
2301109,60,0,16,0,53,69,12,13,18,43,112,4,0,0,5,9,0,5,8,13,22,0,194
2301110,60,0,0,0,37,37,3,3,11,17,54,0,0,0,8,8,0,0,12,12,20,0,134
2301111,39,0,7,0,27,34,0,0,10,10,44,0,0,0,4,4,0,3,3,6,10,0,93
2301112,77,4,16,0,70,90,12,12,8,32,122,0,0,4,4,8,0,0,5,5,13,0,212
2301113,50,3,25,6,78,112,8,15,12,35,147,0,0,0,18,18,0,0,0,0,18,0,215
2301201,38,0,5,0,19,24,0,0,9,9,33,0,0,0,3,3,0,0,3,3,6,3,80
2301202,40,3,3,3,27,36,4,4,11,19,55,0,0,0,16,16,3,4,8,15,31,3,129
2301203,55,0,8,0,38,46,0,6,12,18,64,0,0,5,9,14,0,0,13,13,27,4,150
2301204,65,0,4,3,39,46,3,5,8,16,62,0,0,0,14,14,0,5,10,15,29,0,156
2301205,78,0,3,3,42,48,3,6,11,20,68,0,0,0,13,13,0,0,14,14,27,4,177
2301206,54,0,11,0,45,56,4,9,6,19,75,0,8,0,10,18,3,3,5,11,29,3,161
2301207,61,0,6,0,48,54,5,0,14,19,73,0,6,0,12,18,0,4,15,19,37,0,171
2301208,69,0,3,0,52,55,4,7,15,26,81,0,4,0,8,12,0,0,14,14,26,0,176
2301209,60,0,13,3,67,83,4,3,10,17,100,0,4,0,6,10,0,0,10,10,20,0,180
2301210,53,5,4,3,35,47,4,5,8,17,64,0,6,0,4,10,0,8,10,18,28,10,155
2301211,0,0,0,0,0,0,0,0,0,0,0,0,0,0,0,0,0,0,0,0,0,0,0
2301212,0,0,0,0,0,0,0,0,0,0,0,0,0,0,0,0,0,0,0,0,0,0,0
2301213,0,0,0,0,0,0,0,0,0,0,0,0,0,0,0,0,0,0,0,0,0,0,0
2301214,56,3,9,0,76,88,11,7,4,22,110,0,0,0,10,10,3,3,3,9,19,3,188
2301301,34,0,7,0,16,23,3,6,19,28,51,0,0,0,3,3,0,0,9,9,12,3,100
2301302,85,0,7,6,58,71,3,5,24,32,103,0,0,4,11,15,3,5,16,24,39,7,234
2301303,32,0,0,0,18,18,8,0,8,16,34,0,4,0,3,7,0,4,5,9,16,0,82
2301304,52,0,10,5,36,51,4,4,14,22,73,5,5,0,27,37,7,4,23,34,71,0,196
2301305,88,0,6,0,35,41,0,12,14,26,67,0,0,0,15,15,3,5,16,24,39,6,200
2301306,72,0,5,0,46,51,3,5,11,19,70,0,4,0,11,15,0,5,15,20,35,5,182
2301307,48,0,4,5,38,47,0,0,8,8,55,0,0,0,8,8,0,0,15,15,23,5,131
2301308,73,4,10,0,49,63,0,8,32,40,103,0,3,3,11,17,0,0,17,17,34,4,214
2301309,31,0,6,4,28,38,3,0,12,15,53,0,0,3,3,6,0,0,3,3,9,0,93
2301310,38,5,10,3,42,60,8,5,22,35,95,3,3,0,7,13,0,0,16,16,29,0,162
2301311,54,0,0,0,27,27,6,3,17,26,53,0,6,0,8,14,3,0,9,12,26,0,133
2301401,78,4,5,6,34,49,0,0,20,20,69,0,0,4,9,13,3,3,10,16,29,5,181
2301402,53,0,5,3,28,36,6,0,26,32,68,0,0,0,10,10,0,3,14,17,27,5,153
2301403,75,0,4,3,19,26,3,3,26,32,58,0,0,0,16,16,0,3,16,19,35,5,173
2301404,98,3,11,0,46,60,5,3,27,35,95,0,4,0,13,17,0,0,17,17,34,5,232
2301405,94,0,6,6,34,46,6,4,32,42,88,0,4,4,10,18,0,5,16,21,39,0,221
2301406,41,4,4,0,17,25,0,4,13,17,42,0,3,3,3,9,0,0,8,8,17,3,103
2301407,60,0,5,5,21,31,3,0,10,13,44,0,0,0,8,8,3,0,5,8,16,0,120
2301408,61,0,10,3,26,39,3,3,23,29,68,0,0,0,13,13,3,0,21,24,37,3,169
2301409,67,3,3,0,32,38,3,5,30,38,76,0,3,3,9,15,3,3,12,18,33,5,181
2301410,63,0,3,3,21,27,3,0,23,26,53,0,6,0,7,13,0,5,8,13,26,6,148
2301411,22,0,0,0,9,9,0,3,4,7,16,0,0,0,0,0,0,0,5,5,5,0,43
2301501,62,0,3,0,31,34,0,3,17,20,54,0,0,0,14,14,0,3,11,14,28,3,147
2301502,39,0,3,3,37,43,3,6,10,19,62,0,3,0,15,18,3,3,18,24,42,3,146
2301503,48,0,8,6,33,47,0,0,18,18,65,0,7,5,25,37,0,7,18,25,62,3,178
2301504,26,0,0,0,20,20,4,0,8,12,32,0,0,0,12,12,0,0,8,8,20,0,78
2301505,47,0,15,5,41,61,3,6,10,19,80,0,7,0,20,27,0,7,20,27,54,7,188
2301506,84,0,10,0,33,43,5,12,21,38,81,0,0,0,9,9,0,0,18,18,27,3,195
2301507,27,0,3,4,14,21,0,0,6,6,27,0,0,0,5,5,0,0,7,7,12,0,66
2301508,48,0,7,0,22,29,5,0,6,11,40,0,0,0,9,9,3,3,11,17,26,6,120
2301509,38,0,8,0,11,19,0,5,12,17,36,0,0,0,5,5,0,0,11,11,16,0,90
2301510,0,0,0,0,0,0,0,0,0,0,0,0,0,0,0,0,0,0,0,0,0,0,0
2301511,105,0,3,3,32,38,3,0,25,28,66,0,0,0,9,9,0,4,10,14,23,6,200
2301512,70,0,3,3,24,30,4,5,13,22,52,0,0,0,10,10,0,0,13,13,23,3,148
2301513,93,0,3,0,45,48,3,7,20,30,78,0,0,0,14,14,0,7,13,20,34,3,208
2301514,0,0,0,0,0,0,0,0,0,0,0,0,0,0,0,0,0,0,0,0,0,0,0
2301515,0,0,0,0,0,0,0,0,0,0,0,0,0,0,0,0,0,0,0,0,0,0,0
2301601,84,0,14,0,49,63,10,9,34,53,116,4,6,0,11,21,4,0,23,27,48,4,252
2301602,68,4,10,0,45,59,13,10,37,60,119,5,4,0,24,33,0,11,12,23,56,6,249
2301603,49,0,3,4,51,58,7,10,27,44,102,0,3,3,20,26,0,5,17,22,48,6,205
2301604,40,0,9,5,39,53,3,6,8,17,70,0,3,0,18,21,0,4,12,16,37,3,150
2301605,63,0,18,9,77,104,4,7,20,31,135,0,5,0,25,30,6,0,14,20,50,0,248
2301606,69,3,14,8,37,62,8,19,38,65,127,0,0,0,11,11,4,4,15,23,34,4,234
2301607,77,3,17,0,40,60,11,18,21,50,110,0,0,6,8,14,0,4,14,18,32,6,225
2301608,75,0,16,6,67,89,9,13,23,45,134,0,0,0,21,21,0,0,13,13,34,4,247
2301609,64,4,17,3,43,67,16,13,34,63,130,0,0,0,13,13,0,5,11,16,29,7,230
2301610,44,4,13,0,55,72,8,4,16,28,100,0,3,0,5,8,4,4,5,13,21,3,168
2301611,47,5,4,3,26,38,5,5,19,29,67,0,0,0,14,14,3,3,7,13,27,3,144
2301612,45,5,13,0,37,55,14,3,27,44,99,0,3,3,14,20,0,3,8,11,31,3,178
2301613,62,0,9,7,58,74,0,8,17,25,99,0,4,0,17,21,4,4,7,15,36,7,204
2301614,65,3,9,0,38,50,3,4,15,22,72,0,4,4,14,22,4,3,3,10,32,3,172
2301615,0,0,0,0,0,0,0,0,0,0,0,0,0,0,0,0,0,0,0,0,0,0,0
2301616,29,3,12,4,23,42,0,10,22,32,74,0,3,0,7,10,0,4,5,9,19,4,126
2301617,26,0,0,3,10,13,0,4,10,14,27,0,0,0,3,3,3,3,4,10,13,0,66
2301618,42,0,8,0,41,49,0,5,19,24,73,0,3,0,12,15,5,0,13,18,33,0,148
2301701,64,0,9,3,28,40,0,6,11,17,57,0,0,0,15,15,0,4,19,23,38,4,163
2301702,71,0,11,0,38,49,14,0,16,30,79,0,3,3,3,9,0,7,7,14,23,3,176
2301703,46,0,3,0,26,29,0,10,10,20,49,0,0,0,0,0,0,0,9,9,9,0,104
2301704,69,0,14,4,38,56,7,5,15,27,83,0,0,0,4,4,0,0,8,8,12,6,170
2301705,80,3,7,0,33,43,0,3,20,23,66,0,3,0,14,17,0,5,16,21,38,7,191
2301706,56,0,6,3,17,26,0,9,16,25,51,0,0,3,9,12,0,0,12,12,24,0,131
2301707,66,0,6,6,18,30,0,5,8,13,43,3,0,0,3,6,0,0,14,14,20,0,129
2301708,115,3,5,4,45,57,6,6,27,39,96,0,4,0,8,12,0,0,16,16,28,0,239
2301709,43,0,9,0,20,29,0,7,13,20,49,0,0,0,6,6,3,0,10,13,19,3,114
2301710,64,0,9,4,37,50,3,6,21,30,80,0,0,0,20,20,3,0,12,15,35,6,185
2301711,87,0,5,3,35,43,5,3,23,31,74,0,0,4,10,14,0,0,20,20,34,4,199
2301712,61,0,10,0,23,33,8,5,28,41,74,0,0,0,6,6,0,0,11,11,17,4,156
2301713,0,0,0,0,0,0,0,0,0,0,0,0,0,0,0,0,0,0,0,0,0,0,0
2301714,0,0,0,0,0,0,0,0,0,0,0,0,0,0,0,0,0,0,0,0,0,0,0
2301715,12,0,0,0,8,8,3,3,9,15,23,0,0,0,7,7,0,3,7,10,17,0,52
2301801,50,0,0,0,26,26,0,0,7,7,33,0,0,0,8,8,0,3,9,12,20,8,111
2301802,14,0,9,0,18,27,7,7,8,22,49,0,0,0,11,11,0,0,5,5,16,4,83
2301803,48,5,7,0,43,55,4,8,21,33,88,3,0,3,15,21,0,6,20,26,47,6,189
2301804,37,0,3,0,12,15,0,3,12,15,30,0,3,0,8,11,0,0,8,8,19,4,90
2301805,35,0,0,0,18,18,4,5,8,17,35,0,0,0,5,5,0,0,9,9,14,7,91
2301806,55,0,6,4,34,44,5,0,18,23,67,0,3,3,11,17,0,5,18,23,40,5,167
2301807,55,3,6,0,32,41,3,3,17,23,64,0,8,3,22,33,0,8,22,30,63,6,188
2301808,39,3,9,0,30,42,9,5,13,27,69,0,3,0,12,15,3,5,9,17,32,7,147
2301809,20,0,11,3,16,30,0,0,11,11,41,0,0,0,16,16,0,4,10,14,30,5,96
2301810,43,0,3,3,22,28,5,3,11,19,47,0,0,0,7,7,0,0,16,16,23,3,116
2301811,67,0,6,0,35,41,6,0,14,20,61,0,7,3,10,20,0,9,12,21,41,4,173
2301812,78,0,10,0,47,57,6,4,17,27,84,0,3,3,19,25,3,3,14,20,45,7,214
2301813,62,0,12,6,94,112,10,10,20,40,152,0,4,0,4,8,0,0,7,7,15,5,234
2301814,0,0,0,0,0,0,0,0,0,0,0,0,0,0,0,0,0,0,0,0,0,0,0
2301815,31,0,0,3,23,26,0,3,10,13,39,0,0,0,9,9,4,0,9,13,22,5,97
2301816,0,0,0,0,0,0,0,0,0,0,0,0,0,0,0,0,0,0,0,0,0,0,0
2301817,28,3,3,0,11,17,4,0,6,10,27,0,0,0,4,4,0,0,6,6,10,9,74
2301818,42,0,13,0,78,91,18,9,20,47,138,0,3,0,7,10,3,0,5,8,18,4,202
2301819,30,0,6,0,60,66,11,5,11,27,93,3,3,0,3,9,0,5,5,10,19,0,142
2301820,21,0,6,0,39,45,4,10,4,18,63,0,0,0,5,5,0,0,0,0,5,6,95
2301821,85,0,0,0,20,20,0,0,6,6,26,0,0,0,9,9,0,0,5,5,14,6,131
2301822,32,0,0,0,8,8,3,0,0,3,11,0,0,0,4,4,0,0,0,0,4,3,50
2301901,42,0,11,3,38,52,7,11,11,29,81,0,0,0,10,10,0,3,3,6,16,0,139
2301902,70,3,7,0,75,85,7,0,25,32,117,0,0,4,24,28,0,0,14,14,42,4,233
2301903,46,0,5,0,22,27,6,5,12,23,50,3,4,3,20,30,4,3,22,29,59,7,162
2301904,39,6,4,0,21,31,0,3,13,16,47,0,6,0,17,23,4,3,18,25,48,0,134
2301905,49,0,3,4,61,68,4,8,13,25,93,0,3,0,21,24,5,0,14,19,43,3,188
2301906,22,3,3,0,12,18,0,10,5,15,33,3,3,0,6,12,3,5,8,16,28,3,86
2301907,51,3,9,4,50,66,7,8,11,26,92,0,3,3,14,20,0,5,5,10,30,0,173
2301908,38,0,4,0,17,21,7,12,20,39,60,0,5,0,14,19,0,0,11,11,30,5,133
2301909,40,0,7,3,27,37,13,4,13,30,67,0,0,4,12,16,3,3,6,12,28,3,138
2301910,39,0,6,0,27,33,0,5,13,18,51,0,3,0,15,18,3,4,14,21,39,3,132
2301911,31,6,9,0,46,61,8,11,14,33,94,0,0,0,23,23,0,5,14,19,42,7,174
2301912,38,0,6,3,21,30,4,0,19,23,53,0,3,5,12,20,0,5,14,19,39,6,136
2301913,61,0,11,11,39,61,7,12,36,55,116,3,0,0,25,28,0,3,16,19,47,3,227
2301914,83,4,11,4,89,108,5,8,20,33,141,0,0,5,21,26,3,4,7,14,40,4,268
2301915,25,0,0,0,21,21,0,5,7,12,33,0,0,0,8,8,0,3,8,11,19,0,77
2301916,50,0,6,4,54,64,0,0,12,12,76,0,5,0,9,14,0,8,8,16,30,0,156
2301917,45,7,11,6,46,70,7,7,21,35,105,0,0,0,17,17,0,0,13,13,30,7,187
2301918,28,0,5,0,24,29,0,6,8,14,43,0,0,0,9,9,0,0,0,0,9,0,80
2301919,29,0,14,9,83,106,4,3,10,17,123,0,0,0,8,8,0,0,8,8,16,0,168
2301920,36,5,18,4,82,109,7,8,13,28,137,0,3,0,3,6,3,0,3,6,12,3,188
2301921,54,6,6,5,34,51,6,6,6,18,69,3,3,0,12,18,0,0,13,13,31,3,157
2301922,51,3,6,4,93,106,9,3,18,30,136,0,3,0,17,20,0,7,8,15,35,3,225
2301923,44,3,6,0,63,72,3,4,14,21,93,0,3,0,22,25,0,0,9,9,34,0,171
2301924,21,0,10,4,48,62,6,0,5,11,73,0,0,0,8,8,0,0,5,5,13,0,107
2302001,17,0,8,0,7,15,0,0,9,9,24,0,0,0,16,16,0,4,13,17,33,0,74
2302002,32,0,8,3,14,25,0,6,0,6,31,4,3,5,30,42,6,4,13,23,65,3,131
2302003,28,0,12,0,24,36,3,6,12,21,57,0,6,4,19,29,4,5,18,27,56,10,151
2302004,30,0,4,3,20,27,6,7,14,27,54,0,0,0,17,17,0,0,14,14,31,11,126
2302005,25,0,5,3,21,29,0,4,7,11,40,0,4,5,19,28,3,3,9,15,43,7,115
2302006,32,3,10,0,27,40,0,4,11,15,55,0,3,3,17,23,0,5,15,20,43,4,134
2302007,24,0,4,3,18,25,0,0,0,0,25,0,0,0,6,6,0,0,3,3,9,3,61
2302008,48,0,6,3,30,39,4,0,13,17,56,0,4,0,9,13,5,4,11,20,33,6,143
2302009,33,3,9,8,25,45,0,9,14,23,68,0,6,0,31,37,3,5,16,24,61,4,166
2302010,10,0,0,0,10,10,3,0,3,6,16,0,0,0,5,5,0,0,7,7,12,0,38
2302011,27,3,3,3,10,19,0,0,11,11,30,0,3,0,9,12,0,0,11,11,23,3,83
2302012,39,0,4,0,28,32,3,3,11,17,49,0,3,4,25,32,3,11,20,34,66,5,159
2302013,35,0,5,5,24,34,0,4,14,18,52,0,0,0,17,17,0,7,19,26,43,0,130
2302014,0,0,0,0,0,0,0,0,0,0,0,0,0,0,0,0,0,0,0,0,0,0,0
2302015,0,0,0,0,0,0,0,0,0,0,0,0,0,0,0,0,0,0,0,0,0,0,0
2302016,39,7,11,4,32,54,3,9,6,18,72,3,3,3,20,29,0,4,10,14,43,3,157
2310101,61,3,9,0,41,53,5,9,13,27,80,0,3,0,4,7,0,6,5,11,18,4,163
2310102,27,0,4,0,26,30,3,3,6,12,42,0,0,0,8,8,0,3,3,6,14,3,86
2310103,21,0,4,0,26,30,0,5,0,5,35,0,4,0,0,4,0,3,6,9,13,4,73
2310104,31,0,5,4,24,33,6,4,8,18,51,0,3,0,5,8,0,4,11,15,23,7,112
2310105,69,3,12,3,59,77,8,16,17,41,118,0,4,0,7,11,0,0,14,14,25,5,217
2310106,41,0,21,0,46,67,7,17,19,43,110,0,0,0,0,0,0,0,12,12,12,0,163
2310107,65,4,20,3,69,96,6,18,22,46,142,0,5,0,0,5,5,0,15,20,25,4,236
2310108,42,0,8,4,31,43,3,8,16,27,70,0,3,0,5,8,3,3,8,14,22,0,134
2310109,65,4,26,4,48,82,18,15,18,51,133,0,0,0,0,0,0,0,15,15,15,10,223
2310110,40,3,16,3,37,59,13,17,15,45,104,0,0,3,3,6,0,3,7,10,16,4,164
2310111,60,0,18,3,49,70,7,11,16,34,104,0,5,0,12,17,4,4,15,23,40,3,207
2310112,71,4,0,3,33,40,5,12,30,47,87,0,3,4,3,10,0,3,8,11,21,3,182
2310113,58,4,12,0,59,75,9,4,23,36,111,0,4,0,12,16,0,0,12,12,28,4,201
2310114,27,0,4,0,21,25,3,11,10,24,49,0,0,0,3,3,0,0,8,8,11,0,87
2310115,0,0,0,0,0,0,0,0,0,0,0,0,0,0,0,0,0,0,0,0,0,0,0
2310116,41,0,11,0,32,43,7,7,7,21,64,0,0,0,5,5,0,7,0,7,12,5,122
2310201,69,0,15,0,47,62,0,10,13,23,85,0,0,0,5,5,0,0,9,9,14,6,174
2310202,43,0,0,0,14,14,9,0,10,19,33,0,0,0,9,9,0,3,5,8,17,6,99
2310203,50,0,14,0,32,46,0,14,14,28,74,0,0,0,6,6,0,6,0,6,12,0,136
2310204,60,0,7,0,33,40,14,18,13,45,85,0,0,0,0,0,4,6,0,10,10,6,161
2310205,37,0,3,0,13,16,5,0,3,8,24,0,0,0,0,0,0,0,5,5,5,5,71
2310206,41,0,9,0,36,45,8,8,18,34,79,3,3,0,6,12,4,0,9,13,25,3,148
2310207,46,3,3,0,35,41,4,6,3,13,54,0,0,6,7,13,0,0,10,10,23,5,128
2310208,58,0,8,6,48,62,0,10,20,30,92,0,0,0,0,0,3,4,7,14,14,4,168
2310209,48,0,16,0,40,56,0,4,17,21,77,0,0,0,5,5,0,4,5,9,14,4,143
2310210,48,0,10,0,40,50,6,7,6,19,69,0,0,0,8,8,0,0,14,14,22,0,139
2310301,34,3,18,0,51,72,8,16,17,41,113,0,0,0,4,4,0,0,8,8,12,4,163
2310302,69,0,13,0,67,80,3,14,18,35,115,0,3,0,7,10,3,7,6,16,26,4,214
2310303,24,0,5,0,15,20,3,3,5,11,31,0,0,0,4,4,0,3,3,6,10,3,68
2310304,57,0,13,0,49,62,7,5,20,32,94,0,3,0,0,3,0,6,15,21,24,7,182
2310305,49,0,19,0,41,60,10,13,12,35,95,0,7,0,3,10,3,7,4,14,24,4,172
2310306,27,3,14,0,44,61,10,10,12,32,93,0,0,0,0,0,0,0,9,9,9,4,133
2310307,21,0,12,0,33,45,5,6,3,14,59,0,0,0,4,4,0,4,10,14,18,0,98
2310308,31,0,6,0,17,23,0,5,7,12,35,0,0,0,0,0,3,0,4,7,7,6,79
2310309,44,0,8,0,40,48,3,9,9,21,69,0,6,0,0,6,0,4,10,14,20,6,139
2310401,46,0,10,3,44,57,4,13,13,30,87,0,6,0,4,10,0,0,11,11,21,10,164
2310402,41,0,7,5,31,43,3,3,4,10,53,0,0,0,5,5,0,0,0,0,5,6,105
2310403,61,0,7,0,25,32,0,6,9,15,47,0,3,0,6,9,0,3,6,9,18,6,132
2310404,65,0,6,0,51,57,0,4,13,17,74,0,0,0,5,5,0,4,8,12,17,7,163
2310405,60,0,13,0,52,65,5,10,15,30,95,0,0,4,11,15,0,6,12,18,33,5,193
2310406,52,0,10,0,47,57,3,9,8,20,77,0,5,0,0,5,0,0,9,9,14,5,148
2310407,41,0,7,0,38,45,11,4,10,25,70,0,0,0,11,11,0,0,10,10,21,5,137
2310408,40,0,10,0,25,35,8,11,9,28,63,0,0,0,4,4,0,0,14,14,18,0,121
2310501,33,3,14,0,43,60,4,6,8,18,78,0,0,0,0,0,0,5,7,12,12,5,128
2310502,53,0,14,0,48,62,9,8,15,32,94,0,5,0,12,17,3,3,8,14,31,0,178
2310503,68,0,11,0,43,54,3,13,22,38,92,0,3,0,9,12,0,6,9,15,27,6,193
2310504,26,0,5,0,22,27,3,6,11,20,47,0,0,0,0,0,0,0,8,8,8,3,84
2310505,56,0,8,3,52,63,13,12,10,35,98,0,0,0,6,6,0,0,8,8,14,4,172
2310506,50,3,10,3,33,49,9,12,7,28,77,0,0,0,7,7,0,0,8,8,15,0,142
2310507,17,0,8,0,23,31,0,14,7,21,52,0,3,0,5,8,0,4,4,8,16,4,89
2310508,27,0,10,4,31,45,0,9,10,19,64,0,3,0,3,6,0,0,6,6,12,0,103
2310509,35,0,10,4,33,47,9,12,14,35,82,0,0,0,0,0,0,0,8,8,8,5,130
2310510,51,6,7,0,54,67,4,7,14,25,92,0,4,0,11,15,0,0,9,9,24,0,167
2310511,27,0,7,5,29,41,5,0,7,12,53,0,0,0,6,6,0,0,7,7,13,0,93
2310601,64,0,8,3,46,57,6,11,15,32,89,0,0,0,9,9,0,5,15,20,29,8,190
2310602,50,0,8,0,40,48,5,10,14,29,77,0,0,0,7,7,3,3,13,19,26,5,158
2310603,58,0,12,0,49,61,4,6,15,25,86,0,4,0,8,12,0,4,9,13,25,0,169
2310604,67,0,5,3,46,54,4,4,7,15,69,0,0,0,5,5,0,3,13,16,21,10,167
2310605,27,0,0,0,15,15,0,0,8,8,23,0,3,0,3,6,0,0,7,7,13,0,63
2310606,37,0,3,3,33,39,0,5,10,15,54,0,0,0,4,4,0,0,13,13,17,3,111
2310607,60,0,3,0,30,33,5,9,6,20,53,0,0,0,3,3,0,0,12,12,15,7,135
2310608,37,0,5,0,30,35,0,6,8,14,49,0,0,0,6,6,0,0,5,5,11,0,97
2310609,46,4,0,0,35,39,0,0,8,8,47,0,0,0,7,7,0,3,9,12,19,5,117
2310610,39,0,4,0,25,29,0,4,6,10,39,0,3,0,8,11,0,0,9,9,20,6,104
2310611,34,0,0,3,13,16,0,6,4,10,26,0,0,0,0,0,0,0,0,0,0,3,63
2310701,31,0,12,0,35,47,8,4,11,23,70,0,0,0,3,3,0,0,7,7,10,0,111
2310702,34,0,11,4,40,55,3,8,9,20,75,0,4,0,3,7,0,3,8,11,18,0,127
2310703,44,0,9,0,35,44,0,0,12,12,56,0,0,0,3,3,0,4,7,11,14,0,114
2310704,60,0,5,3,36,44,3,7,10,20,64,0,3,0,8,11,0,3,11,14,25,4,153
2310705,36,0,4,0,32,36,3,6,10,19,55,0,0,0,8,8,0,0,5,5,13,0,104
2310706,47,0,6,0,32,38,8,14,8,30,68,0,0,0,4,4,5,0,0,5,9,5,129
2310707,51,0,9,0,46,55,3,3,13,19,74,0,0,0,3,3,3,3,3,9,12,6,143
2310708,33,0,3,0,33,36,3,3,3,9,45,0,3,0,3,6,0,0,9,9,15,0,93
2310709,43,0,5,0,37,42,6,9,7,22,64,0,0,3,3,6,0,0,6,6,12,0,119
2310710,26,0,3,3,21,27,0,6,9,15,42,0,6,0,0,6,0,3,5,8,14,4,86
2310801,80,3,13,0,64,80,10,10,14,34,114,0,3,0,10,13,0,3,10,13,26,5,225
2310802,64,0,3,3,40,46,3,0,8,11,57,0,3,0,6,9,0,4,5,9,18,3,142
2310803,66,6,7,0,35,48,0,5,12,17,65,0,0,0,7,7,4,5,8,17,24,3,158
2310804,51,0,4,0,21,25,3,4,6,13,38,0,0,0,0,0,0,0,12,12,12,6,107
2310805,50,0,3,3,23,29,3,0,6,9,38,0,0,0,11,11,0,7,9,16,27,6,121
2310806,44,5,3,0,34,42,8,9,17,34,76,3,3,0,6,12,0,0,11,11,23,6,149
2310807,42,0,6,0,43,49,6,13,12,31,80,0,0,0,7,7,0,5,8,13,20,3,145
2310808,67,0,9,0,44,53,8,5,17,30,83,0,0,0,9,9,0,0,10,10,19,5,174
2310809,40,0,4,0,38,42,3,10,6,19,61,0,0,0,0,0,0,0,0,0,0,0,101
2310810,36,0,3,0,20,23,5,7,4,16,39,0,8,0,0,8,0,0,6,6,14,7,96
2310811,52,0,7,0,23,30,0,7,5,12,42,0,0,0,0,0,0,0,4,4,4,5,103
2310812,14,0,4,0,18,22,3,4,3,10,32,0,3,0,21,24,4,3,14,21,45,4,95
2310813,17,0,0,0,18,18,3,3,5,11,29,0,0,0,3,3,0,3,3,6,9,0,55
2310814,17,0,0,0,17,17,0,0,0,0,17,0,0,0,13,13,0,3,6,9,22,7,63
2310815,35,0,3,0,27,30,3,0,8,11,41,0,3,0,8,11,0,4,0,4,15,5,96
2310901,70,0,7,4,47,58,13,8,57,78,136,4,3,0,18,25,6,3,18,27,52,7,265
2310902,60,0,6,5,26,37,4,4,37,45,82,0,5,0,3,8,4,0,10,14,22,0,164
2310903,103,0,9,4,42,55,3,9,49,61,116,0,0,0,10,10,0,0,15,15,25,3,247
2310904,103,0,8,3,53,64,12,12,42,66,130,0,0,0,8,8,4,5,15,24,32,9,274
2310905,61,3,4,3,21,31,8,3,10,21,52,0,0,0,11,11,0,0,14,14,25,5,143
2310906,47,3,8,0,28,39,3,3,20,26,65,0,0,0,11,11,3,3,9,15,26,0,138
2310907,80,0,9,5,22,36,0,5,19,24,60,0,0,0,11,11,0,0,13,13,24,9,173
2310908,66,0,6,0,36,42,6,0,34,40,82,0,0,0,9,9,3,0,19,22,31,7,186
2310909,89,0,8,5,48,61,7,4,32,43,104,0,0,4,9,13,0,4,11,15,28,4,225
2310910,32,0,3,0,26,29,0,9,11,20,49,0,4,0,4,8,0,0,10,10,18,0,99
2310911,41,3,3,3,21,30,0,0,14,14,44,0,0,0,8,8,0,0,9,9,17,0,102
2310912,37,0,4,0,32,36,3,5,13,21,57,0,3,0,3,6,0,0,12,12,18,0,112
2310913,60,0,7,4,22,33,4,4,27,35,68,0,0,3,5,8,0,0,10,10,18,3,149
2310914,32,0,3,0,28,31,3,3,24,30,61,0,0,0,9,9,0,0,7,7,16,0,109
2310915,44,3,8,4,28,43,8,7,24,39,82,0,0,0,9,9,7,0,4,11,20,7,153
2311001,55,0,0,0,15,15,4,0,11,15,30,0,0,0,6,6,0,5,0,5,11,8,104
2311002,69,0,0,4,39,43,0,9,15,24,67,0,0,0,8,8,0,0,15,15,23,6,165
2311003,55,0,4,4,56,64,7,4,16,27,91,0,0,0,7,7,0,3,14,17,24,7,177
2311004,27,0,0,3,19,22,0,3,14,17,39,0,0,0,0,0,0,0,7,7,7,3,76
2311005,9,0,0,0,15,15,0,3,3,6,21,0,0,6,26,32,0,7,0,7,39,5,74
2311006,9,0,0,0,19,19,0,0,0,0,19,0,4,0,30,34,0,6,9,15,49,5,82
2311007,6,0,0,0,15,15,0,0,0,0,15,0,4,0,21,25,0,5,11,16,41,3,65
2311008,65,0,12,0,46,58,5,3,18,26,84,0,0,0,5,5,5,0,5,10,15,4,168
2311009,63,0,0,3,36,39,3,9,18,30,69,0,0,0,6,6,6,5,4,15,21,5,158
2311010,33,0,0,0,11,11,0,5,0,5,16,0,0,0,0,0,0,0,7,7,7,10,66
2311011,13,0,0,0,14,14,0,0,4,4,18,0,0,0,4,4,0,0,3,3,7,4,42
2311012,69,3,3,0,59,65,5,5,14,24,89,0,0,0,10,10,0,0,9,9,19,4,181
2311013,71,0,3,5,44,52,4,3,11,18,70,0,3,0,4,7,0,3,7,10,17,10,168
2311014,52,0,0,0,35,35,7,10,24,41,76,0,0,0,9,9,4,0,4,8,17,9,154
2311015,19,0,4,0,18,22,0,0,7,7,29,0,0,0,0,0,0,0,5,5,5,0,53
2311016,22,0,0,0,17,17,0,0,12,12,29,3,3,0,4,10,3,3,16,22,32,0,83
2311017,23,0,0,0,17,17,4,0,0,4,21,0,3,4,8,15,0,0,9,9,24,0,68
2311101,69,0,8,0,43,51,8,9,33,50,101,0,0,0,21,21,0,0,14,14,35,4,209
2311102,60,3,3,0,27,33,0,3,22,25,58,0,3,0,3,6,4,0,11,15,21,3,142
2311103,74,0,0,4,31,35,7,8,37,52,87,0,0,0,12,12,0,0,22,22,34,10,205
2311104,27,0,0,0,24,24,0,0,13,13,37,0,3,0,3,6,0,0,5,5,11,0,75
2311105,90,0,13,3,51,67,13,6,22,41,108,0,0,0,11,11,3,3,18,24,35,9,242
2311106,52,4,13,0,32,49,5,4,9,18,67,0,0,0,4,4,0,0,15,15,19,0,138
2311107,116,4,21,4,43,72,8,23,40,71,143,0,3,0,3,6,0,5,20,25,31,0,290
2311108,85,4,5,0,32,41,0,9,35,44,85,0,0,0,0,0,0,5,14,19,19,8,197
2311109,108,0,3,0,36,39,9,3,24,36,75,0,3,3,11,17,0,0,18,18,35,0,218
2311110,58,0,8,0,22,30,5,5,21,31,61,0,0,0,8,8,0,5,10,15,23,5,147
2311111,110,0,16,9,54,79,15,19,74,108,187,0,0,0,5,5,0,0,19,19,24,3,324
2311112,92,0,13,7,30,50,10,0,39,49,99,0,3,0,19,22,6,0,17,23,45,3,239
2311113,110,0,18,10,46,74,28,20,64,112,186,0,0,0,9,9,0,6,9,15,24,8,328
2311114,84,6,16,6,60,88,15,21,47,83,171,0,4,3,10,17,0,0,19,19,36,3,294
2311201,84,0,7,3,28,38,5,4,18,27,65,0,3,0,13,16,3,3,18,24,40,3,192
2311202,82,0,7,0,28,35,11,8,32,51,86,0,0,0,9,9,0,0,14,14,23,0,191
2311203,52,6,0,0,33,39,9,3,18,30,69,0,0,0,0,0,0,8,12,20,20,0,141
2311204,38,0,6,0,29,35,0,6,8,14,49,0,0,0,4,4,0,0,14,14,18,0,105
2311205,82,0,6,0,36,42,5,10,29,44,86,0,0,0,9,9,0,7,21,28,37,3,208
2311206,67,0,0,5,56,61,3,10,18,31,92,0,0,0,9,9,4,5,13,22,31,4,194
2311207,87,0,11,0,53,64,0,5,31,36,100,0,0,0,16,16,0,5,17,22,38,11,236
2311208,57,0,20,0,84,104,8,13,36,57,161,0,3,3,7,13,0,5,8,13,26,6,250
2311209,119,3,11,6,36,56,8,4,24,36,92,0,4,0,11,15,0,0,16,16,31,9,251
2311210,49,0,0,5,31,36,6,6,26,38,74,0,0,0,7,7,5,4,0,9,16,0,139
2311211,44,0,10,0,30,40,14,4,28,46,86,0,3,0,4,7,0,0,10,10,17,5,152
2311212,49,0,5,0,31,36,0,4,13,17,53,0,0,0,9,9,4,0,15,19,28,4,134
2311213,66,0,7,7,44,58,7,13,34,54,112,0,0,0,4,4,0,3,8,11,15,3,196
2311214,65,0,4,0,22,26,0,6,16,22,48,0,0,0,6,6,0,4,8,12,18,0,131
2311215,59,5,10,0,48,63,4,10,27,41,104,0,3,3,6,12,3,0,4,7,19,6,188
2311216,51,3,14,0,41,58,3,9,15,27,85,0,0,0,8,8,0,7,11,18,26,0,162
2311217,44,4,12,0,44,60,6,17,18,41,101,0,4,0,14,18,0,3,11,14,32,5,182
2311301,68,0,0,3,31,34,0,3,3,6,40,0,8,0,23,31,0,5,16,21,52,18,178
2311302,56,0,0,0,22,22,0,5,6,11,33,0,0,0,3,3,0,3,10,13,16,0,105
2311303,71,0,3,3,38,44,0,3,3,6,50,0,0,0,8,8,0,0,0,0,8,5,134
2311304,37,0,4,0,28,32,0,3,3,6,38,0,0,0,0,0,0,0,0,0,0,0,75
2311305,8,0,0,0,0,0,0,0,0,0,0,0,0,0,4,4,0,0,3,3,7,0,15
2311306,58,0,0,0,39,39,0,7,4,11,50,0,0,0,6,6,0,0,5,5,11,0,119
2311307,44,0,0,0,15,15,0,0,5,5,20,0,0,0,5,5,0,0,4,4,9,0,73
2311308,51,0,7,0,29,36,0,0,11,11,47,0,0,0,4,4,0,0,8,8,12,3,113
2311309,60,0,0,0,20,20,4,0,4,8,28,0,0,0,7,7,0,0,7,7,14,8,110
2311310,56,0,3,0,24,27,0,3,6,9,36,0,0,0,4,4,0,0,3,3,7,4,103
2311311,19,0,3,0,7,10,0,3,3,6,16,0,0,0,0,0,0,0,0,0,0,0,35
2311312,43,0,3,0,24,27,0,0,8,8,35,0,0,0,5,5,0,0,5,5,10,4,92
2311313,27,0,3,0,22,25,3,9,4,16,41,0,3,3,0,6,0,0,3,3,9,0,77
2311314,18,0,0,0,11,11,3,0,0,3,14,0,0,0,0,0,0,0,4,4,4,0,36
2311315,14,0,3,0,11,14,6,5,9,20,34,0,0,0,0,0,0,5,4,9,9,0,57
2311316,38,4,0,3,4,11,3,0,0,3,14,0,0,3,0,3,0,3,9,12,15,4,71
2311317,48,0,0,0,12,12,0,4,3,7,19,0,0,0,7,7,0,3,5,8,15,8,90
2311401,51,0,0,0,32,32,0,0,9,9,41,0,0,0,5,5,0,3,3,6,11,3,106
2311402,22,0,0,0,11,11,0,0,0,0,11,0,5,0,0,5,0,3,11,14,19,4,56
2311403,10,0,0,5,16,21,4,4,0,8,29,3,4,5,31,43,3,8,5,16,59,5,103
2311404,8,0,4,0,32,36,0,4,4,8,44,0,9,0,29,38,0,9,8,17,55,7,114
2311405,22,0,9,0,26,35,0,0,4,4,39,0,9,0,27,36,0,8,13,21,57,0,118
2311406,13,0,6,0,26,32,4,0,0,4,36,0,11,0,36,47,0,8,16,24,71,3,123
2311407,52,0,0,0,13,13,0,5,3,8,21,0,0,0,0,0,0,0,9,9,9,0,82
2311408,57,0,0,4,27,31,3,0,5,8,39,0,0,0,3,3,0,3,3,6,9,5,110
2311409,14,0,0,3,15,18,0,3,3,6,24,0,6,0,23,29,0,3,8,11,40,6,84
2311410,18,0,0,0,5,5,0,0,0,0,5,0,0,0,0,0,0,0,0,0,0,0,23
2311411,23,0,0,0,15,15,0,7,0,7,22,0,3,3,15,21,0,4,10,14,35,5,85
2311412,59,3,0,0,11,14,0,5,0,5,19,0,3,0,3,6,0,3,3,6,12,6,96
2311413,11,0,0,0,14,14,0,0,0,0,14,0,3,0,23,26,0,4,4,8,34,3,62
2311414,17,3,5,0,7,15,3,3,7,13,28,0,9,8,20,37,4,9,16,29,66,4,115
2311415,3,4,5,3,17,29,0,5,4,9,38,4,0,0,16,20,0,4,12,16,36,0,77
2311416,3,0,0,0,0,0,0,0,0,0,0,0,0,0,0,0,0,0,0,0,0,0,3
2311501,34,3,3,3,21,30,4,0,16,20,50,0,0,0,11,11,0,3,10,13,24,3,111
2311502,72,3,3,3,24,33,6,4,27,37,70,0,4,0,4,8,4,3,4,11,19,0,161
2311503,69,0,9,4,36,49,3,0,20,23,72,0,0,0,17,17,0,11,15,26,43,8,192
2311504,50,0,3,0,25,28,4,0,17,21,49,3,0,0,5,8,0,4,3,7,15,0,114
2311505,49,0,0,0,19,19,3,7,12,22,41,0,0,0,13,13,0,0,13,13,26,0,116
2311506,58,0,5,0,51,56,0,12,14,26,82,0,0,3,9,12,3,0,14,17,29,4,173
2311507,54,0,8,0,30,38,7,4,19,30,68,5,0,0,6,11,0,0,16,16,27,3,152
2311508,46,4,0,3,14,21,4,0,19,23,44,0,3,3,6,12,0,0,5,5,17,4,111
2311509,59,6,5,0,27,38,0,8,18,26,64,0,0,0,6,6,0,4,11,15,21,3,147
2311510,78,0,11,8,35,54,9,12,32,53,107,0,0,0,8,8,0,0,7,7,15,4,204
2311511,58,0,3,0,28,31,4,0,9,13,44,0,0,4,7,11,0,7,8,15,26,6,134
2311512,50,0,0,0,19,19,0,5,15,20,39,0,0,0,12,12,4,0,11,15,27,4,120
2311513,46,0,5,4,19,28,0,0,18,18,46,0,0,4,13,17,0,3,13,16,33,6,131
2311514,79,4,5,0,46,55,6,6,19,31,86,0,3,0,3,6,4,0,11,15,21,6,192
2311515,65,0,0,4,26,30,3,3,9,15,45,0,0,0,7,7,0,7,19,26,33,4,147
2311516,76,3,7,3,40,53,7,3,24,34,87,0,0,0,11,11,0,0,25,25,36,0,199
2311517,17,0,0,0,3,3,0,0,5,5,8,0,4,0,0,4,0,0,5,5,9,0,34
2320101,35,0,0,0,12,12,0,3,0,3,15,0,0,0,0,0,0,6,0,6,6,0,56
2320102,34,0,0,0,13,13,4,4,12,20,33,0,0,0,0,0,0,0,9,9,9,3,79
2320103,78,0,6,0,33,39,0,7,5,12,51,0,0,0,7,7,0,0,12,12,19,5,153
2320104,50,3,3,0,31,37,0,0,14,14,51,0,0,0,6,6,0,0,9,9,15,3,119
2320105,72,0,7,4,46,57,6,9,13,28,85,3,0,0,9,12,3,3,12,18,30,6,193
2320106,42,0,0,3,17,20,0,3,9,12,32,0,0,0,3,3,0,0,9,9,12,3,89
2320107,71,0,0,0,34,34,0,7,7,14,48,0,0,0,6,6,0,0,9,9,15,7,141
2320108,22,0,0,0,14,14,0,3,6,9,23,0,0,0,5,5,0,0,3,3,8,0,53
2320109,52,0,3,4,20,27,0,5,12,17,44,0,0,0,0,0,0,3,10,13,13,7,116
2320110,47,0,3,4,22,29,0,5,15,20,49,0,0,0,10,10,0,0,0,0,10,9,115
2320201,27,0,0,0,17,17,0,0,5,5,22,0,0,0,3,3,0,0,3,3,6,3,58
2320202,67,0,4,0,23,27,0,5,5,10,37,0,0,0,4,4,0,5,6,11,15,12,131
2320203,41,0,3,0,20,23,0,3,9,12,35,0,0,0,8,8,0,0,3,3,11,6,93
2320204,45,0,3,0,14,17,3,0,8,11,28,0,0,0,0,0,0,3,3,6,6,3,82
2320205,90,0,8,0,32,40,3,8,7,18,58,0,0,4,3,7,0,7,5,12,19,5,172
2320206,53,0,3,0,38,41,3,4,11,18,59,0,0,0,10,10,0,3,16,19,29,3,144
2320207,13,0,0,0,6,6,0,3,0,3,9,0,0,0,3,3,0,0,0,0,3,6,31
2320208,21,0,3,0,9,12,0,0,4,4,16,0,0,0,4,4,0,0,7,7,11,8,56
2320209,18,3,0,0,6,9,0,0,9,9,18,0,0,0,3,3,0,3,3,6,9,0,45
2320210,11,0,0,0,14,14,0,0,3,3,17,0,0,0,0,0,0,0,4,4,4,5,37
2320211,66,0,4,0,26,30,3,4,4,11,41,4,0,0,0,4,0,5,9,14,18,6,131
2320212,49,0,5,0,16,21,0,4,9,13,34,0,0,0,5,5,0,0,4,4,9,3,95
2320213,68,0,3,0,13,16,0,0,7,7,23,0,0,0,0,0,5,0,5,10,10,6,107
2320301,57,0,3,3,25,31,0,5,17,22,53,0,0,0,7,7,0,4,15,19,26,6,142
2320302,75,5,6,0,37,48,0,3,13,16,64,0,3,0,11,14,0,3,6,9,23,13,175
2320303,66,0,7,3,42,52,0,6,19,25,77,0,0,0,8,8,0,6,15,21,29,7,179
2320304,71,0,5,4,36,45,5,4,19,28,73,0,3,3,5,11,0,4,8,12,23,12,179
2320305,60,0,4,0,15,19,3,3,7,13,32,0,0,0,8,8,0,3,3,6,14,10,116
2320306,56,0,3,0,29,32,3,9,10,22,54,0,0,0,0,0,0,4,6,10,10,8,128
2320307,51,0,3,0,23,26,5,4,15,24,50,0,0,0,6,6,0,0,10,10,16,0,117
2320308,82,0,4,0,25,29,5,3,8,16,45,0,0,3,3,6,3,0,16,19,25,7,159
2320309,24,3,7,0,20,30,0,9,12,21,51,0,3,0,4,7,0,0,6,6,13,0,88
2320401,55,0,6,0,42,48,0,3,13,16,64,5,4,0,0,9,0,4,7,11,20,11,150
2320402,52,0,3,0,26,29,0,0,7,7,36,0,0,0,7,7,3,3,12,18,25,0,113
2320403,41,0,4,0,18,22,4,3,12,19,41,0,0,4,4,8,0,7,9,16,24,0,106
2320404,57,0,0,0,31,31,0,0,6,6,37,0,3,0,5,8,0,0,18,18,26,9,129
2320405,49,0,5,0,22,27,0,0,21,21,48,0,0,0,5,5,0,0,12,12,17,8,122
2320406,57,3,3,0,36,42,0,0,15,15,57,0,3,0,7,10,0,0,10,10,20,7,141
2320407,15,0,0,0,8,8,0,4,0,4,12,0,0,0,4,4,0,4,3,7,11,0,38
2320408,25,0,0,0,13,13,0,0,0,0,13,0,0,0,0,0,0,0,4,4,4,6,48
2320409,41,0,0,0,9,9,3,0,3,6,15,0,0,0,0,0,3,0,3,6,6,10,72
2320501,25,3,9,0,34,46,5,0,12,17,63,0,0,0,20,20,0,4,16,20,40,3,131
2320502,49,0,8,0,22,30,3,3,13,19,49,0,3,0,12,15,3,0,12,15,30,0,128
2320503,27,0,13,4,22,39,4,0,7,11,50,0,0,0,13,13,0,0,22,22,35,5,117
2320504,35,3,3,3,24,33,4,3,12,19,52,5,3,0,11,19,3,4,8,15,34,9,130
2320505,52,4,11,9,40,64,0,6,20,26,90,0,8,6,22,36,4,4,32,40,76,4,222
2320506,32,0,7,8,38,53,0,5,22,27,80,0,8,3,14,25,5,3,10,18,43,4,159
2320507,26,4,4,0,24,32,4,0,14,18,50,0,0,0,16,16,0,0,16,16,32,0,108
2320508,59,0,6,0,25,31,3,4,7,14,45,0,0,0,6,6,0,4,11,15,21,10,135
2320509,107,3,12,7,60,82,7,14,35,56,138,0,3,0,13,16,3,4,19,26,42,0,287
2320510,50,0,3,5,39,47,4,3,20,27,74,0,0,4,6,10,0,0,14,14,24,0,148
2320511,38,0,12,0,71,83,4,10,9,23,106,0,4,0,7,11,0,0,6,6,17,3,164
2320512,35,0,0,0,25,25,4,0,11,15,40,3,0,0,11,14,0,0,13,13,27,4,106
2320513,7,0,0,0,3,3,3,3,0,6,9,0,0,0,3,3,3,0,0,3,6,0,22
2320514,40,4,10,0,43,57,0,4,7,11,68,0,0,0,10,10,0,4,6,10,20,0,128
2320515,66,3,10,4,81,98,3,14,12,29,127,0,0,0,15,15,0,5,9,14,29,6,228
2320601,50,0,3,0,30,33,3,0,6,9,42,0,0,0,8,8,0,0,7,7,15,3,110
2320602,66,3,8,3,39,53,0,0,15,15,68,0,0,0,10,10,0,4,13,17,27,6,167
2320603,65,0,5,3,53,61,6,0,24,30,91,0,6,0,4,10,0,6,13,19,29,5,190
2320604,64,0,5,0,28,33,5,0,17,22,55,0,0,5,8,13,0,5,8,13,26,0,145
2320605,46,0,0,0,28,28,0,0,10,10,38,0,0,0,6,6,0,0,10,10,16,8,108
2320606,32,0,0,0,18,18,0,3,7,10,28,0,0,0,3,3,3,0,3,6,9,5,74
2320607,60,0,4,6,38,48,4,4,13,21,69,0,0,0,7,7,0,0,12,12,19,6,154
2320608,41,0,3,0,35,38,6,3,18,27,65,0,5,0,7,12,0,6,18,24,36,5,147
2320609,20,0,3,0,8,11,0,3,8,11,22,0,3,0,6,9,0,0,4,4,13,0,55
2320610,20,0,6,0,5,11,0,0,3,3,14,0,0,0,7,7,0,0,0,0,7,4,45
2320701,20,0,0,0,10,10,4,0,3,7,17,0,0,0,0,0,0,0,8,8,8,0,45
2320702,58,0,6,0,14,20,7,4,11,22,42,0,0,0,10,10,0,3,17,20,30,14,144
2320703,61,0,6,3,39,48,0,13,19,32,80,0,0,0,7,7,0,0,13,13,20,0,161
2320704,23,0,0,0,10,10,0,0,5,5,15,0,0,0,6,6,0,0,3,3,9,0,47
2320705,32,0,7,0,9,16,0,4,15,19,35,0,0,0,0,0,0,3,3,6,6,0,73
2320706,29,3,3,3,4,13,0,3,0,3,16,0,0,0,4,4,0,3,7,10,14,4,63
2320707,37,4,3,0,19,26,6,0,6,12,38,0,7,0,14,21,0,0,10,10,31,0,106
2320708,49,3,3,0,42,48,5,6,14,25,73,0,3,0,11,14,0,4,8,12,26,3,151
2320709,70,4,6,0,46,56,0,0,27,27,83,0,3,3,5,11,0,4,13,17,28,3,184
2320710,13,0,0,0,8,8,0,0,9,9,17,0,3,0,12,15,0,0,11,11,26,6,62
2320711,42,0,0,0,9,9,3,4,0,7,16,0,0,0,4,4,0,3,3,6,10,5,73
2320712,48,0,0,0,23,23,5,3,7,15,38,0,0,0,5,5,0,5,6,11,16,6,108
2320713,39,0,3,0,14,17,3,3,0,6,23,0,3,0,9,12,0,4,4,8,20,6,88
2320801,66,5,6,3,28,42,4,0,19,23,65,0,0,0,9,9,0,4,15,19,28,0,159
2320802,0,0,0,0,0,0,0,0,0,0,0,0,0,0,0,0,0,0,0,0,0,0,0
2320803,53,0,14,0,43,57,7,0,10,17,74,0,0,3,10,13,0,3,17,20,33,4,164
2320804,62,3,5,0,26,34,3,3,18,24,58,0,4,0,4,8,0,0,11,11,19,5,144
2320805,74,0,5,4,37,46,0,10,23,33,79,5,0,0,14,19,0,3,23,26,45,0,198
2320806,62,3,5,8,40,56,6,0,25,31,87,0,0,3,3,6,3,3,15,21,27,4,180
2320807,58,3,9,3,24,39,7,5,19,31,70,0,0,4,4,8,0,0,13,13,21,6,155
2320808,103,0,10,0,48,58,7,8,36,51,109,0,5,0,6,11,0,0,21,21,32,0,244
2320809,44,4,9,0,25,38,6,0,17,23,61,0,0,0,9,9,0,0,11,11,20,7,132
2320810,48,0,7,0,38,45,0,6,16,22,67,0,5,0,14,19,0,0,12,12,31,0,146
2320811,57,3,11,0,27,41,5,3,25,33,74,0,0,5,8,13,0,5,12,17,30,4,165
2320812,48,3,6,0,28,37,6,4,12,22,59,0,0,0,11,11,0,0,14,14,25,4,136
2320813,91,4,16,4,45,69,5,6,41,52,121,0,0,5,14,19,0,0,24,24,43,7,262
2320814,54,4,8,3,37,52,6,3,18,27,79,0,0,3,3,6,0,0,14,14,20,3,156
2320815,98,3,3,5,23,34,0,4,23,27,61,0,4,0,3,7,0,4,18,22,29,3,191
2320901,40,0,5,3,34,42,4,3,12,19,61,0,0,0,5,5,3,0,12,15,20,7,128
2320902,74,3,4,0,24,31,4,3,14,21,52,3,0,0,9,12,0,5,3,8,20,0,146
2320903,74,0,3,3,34,40,4,0,10,14,54,0,3,0,4,7,0,0,11,11,18,5,151
2320904,31,0,0,0,6,6,0,3,0,3,9,0,0,0,3,3,0,3,3,6,9,7,56
2320905,55,0,4,0,27,31,0,0,10,10,41,0,0,0,5,5,5,0,4,9,14,5,115
2320906,76,0,0,0,15,15,0,0,4,4,19,0,5,0,0,5,0,3,4,7,12,16,123
2320907,60,0,0,0,45,45,4,6,11,21,66,0,0,0,4,4,0,3,10,13,17,6,149
2320908,67,5,3,0,49,57,3,4,11,18,75,0,0,0,4,4,0,0,10,10,14,3,159
2320909,60,0,0,0,25,25,0,0,5,5,30,0,0,0,8,8,0,0,12,12,20,4,114
2320910,29,3,3,0,18,24,4,3,5,12,36,0,3,0,3,6,0,3,0,3,9,0,74
2320911,54,0,0,0,24,24,5,0,18,23,47,0,0,0,8,8,0,4,5,9,17,12,130
2321001,45,0,0,7,26,33,4,0,13,17,50,0,3,0,6,9,0,3,7,10,19,0,114
2321002,48,0,3,0,30,33,0,7,12,19,52,0,0,3,19,22,0,4,14,18,40,8,148
2321003,60,0,7,0,28,35,0,3,5,8,43,0,0,0,6,6,0,4,13,17,23,5,131
2321004,30,0,3,3,16,22,4,5,3,12,34,0,0,0,9,9,0,4,7,11,20,0,84
2321005,79,0,11,3,50,64,8,8,34,50,114,0,6,0,20,26,0,0,14,14,40,4,237
2321006,55,0,7,4,41,52,4,0,22,26,78,0,0,0,7,7,3,0,11,14,21,0,154
2321007,65,0,8,3,39,50,8,7,6,21,71,0,0,0,10,10,0,4,12,16,26,3,165
2321008,81,0,15,3,50,68,12,6,21,39,107,0,0,0,14,14,3,4,12,19,33,3,224
2321009,63,0,5,0,24,29,8,3,11,22,51,0,3,0,3,6,0,6,6,12,18,4,136
2321010,44,4,3,3,34,44,0,6,6,12,56,0,0,0,6,6,4,0,10,14,20,4,124
2321011,44,3,0,0,23,26,3,3,8,14,40,0,4,0,3,7,3,4,5,12,19,3,106
2321012,54,0,11,0,47,58,7,7,12,26,84,3,3,0,10,16,0,0,10,10,26,3,167
2321013,34,4,0,3,21,28,0,3,3,6,34,0,3,0,7,10,0,4,8,12,22,0,90
2321014,30,0,3,0,25,28,0,0,11,11,39,0,6,0,6,12,0,0,3,3,15,7,91
2321015,45,5,0,0,6,11,0,0,7,7,18,0,0,0,6,6,0,3,6,9,15,4,82
2321101,83,0,6,7,30,43,0,9,14,23,66,3,4,0,9,16,3,6,19,28,44,6,199
2321102,70,0,10,4,56,70,6,6,22,34,104,0,5,0,17,22,0,3,20,23,45,4,223
2321103,21,0,0,3,14,17,0,5,9,14,31,0,0,0,9,9,0,0,15,15,24,0,76
2321104,50,3,6,3,30,42,0,4,14,18,60,0,0,0,8,8,0,0,18,18,26,4,140
2321105,44,3,3,0,24,30,5,6,11,22,52,0,0,5,5,10,0,0,8,8,18,4,118
2321106,97,0,15,7,39,61,10,4,16,30,91,0,5,0,11,16,5,0,18,23,39,10,237
2321107,44,0,11,4,21,36,7,0,15,22,58,0,0,0,8,8,0,5,8,13,21,0,123
2321108,32,0,0,0,14,14,3,3,3,9,23,0,0,0,4,4,0,0,6,6,10,0,65
2321109,40,3,3,0,22,28,3,4,0,7,35,0,0,0,5,5,0,0,8,8,13,3,91
2321110,54,0,3,4,45,52,8,6,12,26,78,3,0,0,12,15,0,5,12,17,32,0,164
2321111,54,3,6,3,29,41,6,3,3,12,53,0,0,0,6,6,0,6,8,14,20,5,132
2321112,58,7,13,5,44,69,6,15,17,38,107,0,0,4,11,15,0,0,13,13,28,0,193
2321113,0,0,0,0,0,0,0,0,0,0,0,0,0,0,0,0,0,0,0,0,0,0,0
2321114,36,0,4,0,31,35,0,3,9,12,47,0,4,0,8,12,0,4,6,10,22,0,105
2321201,80,0,7,5,59,71,3,9,25,37,108,0,9,0,11,20,0,0,16,16,36,6,230
2321202,75,0,10,3,47,60,5,4,25,34,94,0,3,5,17,25,0,0,15,15,40,4,213
2321203,51,4,9,0,25,38,4,9,14,27,65,0,0,0,8,8,0,0,16,16,24,0,140
2321204,95,4,8,0,41,53,5,4,27,36,89,0,0,0,7,7,7,0,16,23,30,0,214
2321205,79,6,10,3,37,56,8,4,33,45,101,0,3,3,3,9,0,4,10,14,23,0,203
2321206,79,0,3,7,30,40,3,3,22,28,68,0,4,3,21,28,3,0,15,18,46,4,197
2321207,52,0,6,0,33,39,5,5,11,21,60,0,3,3,10,16,0,0,8,8,24,3,139
2321208,28,0,4,0,15,19,0,0,0,0,19,0,0,4,4,8,0,0,5,5,13,0,60
2321209,51,0,5,6,28,39,3,0,24,27,66,0,5,0,9,14,0,6,5,11,25,0,142
2321210,66,4,13,0,48,65,6,10,23,39,104,0,0,0,13,13,3,3,17,23,36,5,211
2321211,41,0,4,3,31,38,4,8,14,26,64,0,5,0,7,12,0,0,15,15,27,0,132
2321212,55,0,6,0,34,40,3,6,11,20,60,0,3,3,13,19,3,4,6,13,32,0,147
2321213,20,0,0,4,15,19,0,0,11,11,30,0,0,0,5,5,0,0,5,5,10,0,60
2321214,51,0,0,0,18,18,0,0,7,7,25,0,0,4,6,10,0,0,13,13,23,0,99
2321301,94,3,6,6,37,52,3,4,21,28,80,0,3,4,18,25,0,4,22,26,51,4,229
2321302,33,0,7,0,16,23,4,6,10,20,43,0,0,3,7,10,0,3,9,12,22,0,98
2321303,55,3,11,6,55,75,9,5,20,34,109,0,3,4,11,18,5,0,20,25,43,0,207
2321304,66,0,10,6,63,79,0,6,13,19,98,0,3,0,8,11,0,3,19,22,33,3,200
2321305,57,3,8,0,50,61,4,3,22,29,90,0,0,0,10,10,0,0,12,12,22,0,169
2321306,55,5,12,0,30,47,3,3,20,26,73,0,0,5,7,12,3,0,10,13,25,4,157
2321307,37,0,7,0,25,32,3,0,11,14,46,3,3,0,3,9,0,3,5,8,17,3,103
2321308,71,4,12,3,42,61,12,4,24,40,101,3,6,0,24,33,0,7,27,34,67,0,239
2321309,77,4,15,5,65,89,4,4,28,36,125,0,7,3,23,33,4,0,23,27,60,4,266
2321401,54,3,6,0,38,47,0,4,22,26,73,0,0,0,3,3,0,3,20,23,26,4,157
2321402,61,0,6,5,19,30,6,0,18,24,54,0,0,0,5,5,0,0,12,12,17,0,132
2321403,71,0,16,0,38,54,8,0,16,24,78,0,0,0,10,10,0,0,15,15,25,4,178
2321404,42,0,6,0,18,24,0,3,11,14,38,0,0,0,5,5,0,0,7,7,12,0,92
2321405,18,0,0,6,21,27,0,5,7,12,39,0,0,0,6,6,0,3,3,6,12,3,72
2321406,44,3,9,0,28,40,3,3,6,12,52,0,3,4,17,24,0,5,14,19,43,6,145
2321407,42,0,10,0,32,42,7,4,19,30,72,0,5,4,12,21,3,3,22,28,49,0,163
2321408,46,3,0,3,24,30,0,0,15,15,45,0,0,0,22,22,0,8,15,23,45,5,141
2321409,20,0,0,0,9,9,3,0,3,6,15,0,0,0,0,0,0,3,7,10,10,10,55
2321501,42,0,5,0,34,39,3,7,6,16,55,0,4,0,6,10,0,0,19,19,29,5,131
2321502,70,0,13,0,37,50,3,4,20,27,77,0,0,4,7,11,0,5,23,28,39,4,190
2321503,56,3,8,3,33,47,0,4,20,24,71,0,0,4,10,14,0,0,14,14,28,5,160
2321504,26,4,4,0,17,25,0,3,7,10,35,0,0,0,4,4,0,4,7,11,15,0,76
2321505,27,0,0,0,14,14,7,0,14,21,35,0,0,0,7,7,0,0,13,13,20,3,85
2321506,48,0,6,0,20,26,3,4,10,17,43,0,0,0,11,11,0,0,16,16,27,5,123
2321507,59,0,4,3,46,53,3,0,19,22,75,0,0,5,12,17,0,0,20,20,37,10,181
2321601,57,3,10,5,43,61,3,7,24,34,95,0,0,0,7,7,0,10,10,20,27,3,182
2321602,68,0,9,0,52,61,5,8,19,32,93,0,0,0,8,8,0,0,29,29,37,0,198
2321603,68,0,10,0,47,57,3,3,16,22,79,0,0,0,13,13,0,4,12,16,29,9,185
2321604,50,3,8,0,31,42,4,4,17,25,67,3,0,0,7,10,3,0,11,14,24,0,141
2321605,53,0,11,0,43,54,6,0,18,24,78,0,0,0,12,12,0,4,21,25,37,5,173
2321606,61,0,5,0,25,30,3,0,11,14,44,0,0,0,10,10,4,0,11,15,25,5,135
2321607,43,0,0,0,51,51,4,8,10,22,73,0,0,0,0,0,0,5,8,13,13,5,134
2321608,51,0,5,6,22,33,0,3,11,14,47,0,0,0,6,6,0,0,14,14,20,0,118
2321609,27,0,4,6,18,28,0,0,7,7,35,0,0,3,7,10,0,0,10,10,20,0,82
2321610,36,0,6,3,39,48,4,0,9,13,61,0,0,0,5,5,0,0,9,9,14,8,119
2321611,42,0,6,0,28,34,0,7,11,18,52,0,0,0,5,5,0,0,9,9,14,0,108
2321701,64,8,14,0,37,59,7,4,13,24,83,0,0,0,15,15,0,0,17,17,32,6,185
2321702,58,5,3,0,24,32,4,0,12,16,48,0,0,0,12,12,0,3,8,11,23,4,133
2321703,51,0,5,4,39,48,3,6,13,22,70,0,5,0,7,12,0,5,9,14,26,8,155
2321704,61,0,12,3,55,70,6,5,17,28,98,0,0,0,15,15,8,0,12,20,35,6,200
2321705,39,0,3,3,62,68,7,4,16,27,95,0,0,3,7,10,0,6,8,14,24,4,162
2321706,51,0,6,0,36,42,3,4,17,24,66,0,0,0,7,7,0,0,8,8,15,8,140
2321707,51,0,9,5,50,64,4,6,19,29,93,0,0,0,10,10,0,0,15,15,25,3,172
2321708,53,0,3,0,23,26,3,7,11,21,47,0,0,0,5,5,0,3,7,10,15,5,120
2321709,32,0,3,0,25,28,3,8,4,15,43,0,0,0,4,4,0,0,7,7,11,0,86
2321710,21,0,5,0,27,32,0,3,7,10,42,0,0,0,7,7,0,0,4,4,11,6,80
2321711,52,3,5,0,30,38,3,3,19,25,63,0,0,0,4,4,3,3,9,15,19,0,134
2321712,53,0,6,3,45,54,9,0,13,22,76,0,3,0,3,6,0,0,8,8,14,3,146
2321801,68,4,12,0,69,85,0,8,22,30,115,3,3,0,11,17,0,5,6,11,28,0,211
2321802,35,0,3,3,30,36,3,3,19,25,61,0,0,0,3,3,0,0,9,9,12,3,111
2321803,60,0,11,0,72,83,6,3,30,39,122,3,0,3,15,21,3,6,24,33,54,4,240
2321804,63,3,5,3,65,76,3,4,21,28,104,0,9,0,9,18,0,0,14,14,32,6,205
2321805,82,5,7,4,40,56,9,0,25,34,90,3,0,0,8,11,0,3,12,15,26,6,204
2321806,58,0,4,4,42,50,6,5,14,25,75,0,5,0,10,15,3,0,11,14,29,8,170
2321807,65,0,5,0,40,45,3,7,18,28,73,0,0,0,14,14,4,4,17,25,39,7,184
2321808,69,4,7,0,46,57,10,0,21,31,88,0,3,0,8,11,0,6,18,24,35,7,199
2321809,71,0,0,6,38,44,4,9,25,38,82,0,0,0,14,14,0,0,13,13,27,7,187
2321810,26,5,3,0,21,29,0,0,10,10,39,0,0,0,0,0,8,0,0,8,8,0,73
2321901,12,0,3,0,12,15,3,0,3,6,21,0,3,0,0,3,0,0,5,5,8,3,44
2321902,56,4,6,0,50,60,3,7,20,30,90,0,4,0,8,12,0,8,20,28,40,5,191
2321903,37,0,3,0,32,35,7,0,15,22,57,0,0,0,3,3,0,4,8,12,15,5,114
2321904,44,0,6,0,39,45,0,8,17,25,70,0,3,0,5,8,4,0,12,16,24,6,144
2321905,43,5,4,0,42,51,0,0,12,12,63,0,5,0,4,9,0,0,12,12,21,5,132
2321906,59,3,3,0,51,57,4,5,20,29,86,0,0,3,9,12,0,3,10,13,25,4,174
2321907,63,3,9,3,53,68,4,3,27,34,102,0,0,0,7,7,0,4,6,10,17,5,187
2321908,51,0,4,3,35,42,4,3,17,24,66,3,0,0,9,12,0,3,19,22,34,8,159
2321909,35,3,0,0,21,24,0,4,14,18,42,0,0,0,5,5,0,0,9,9,14,0,91
2321910,40,0,6,4,23,33,8,4,10,22,55,0,0,0,5,5,0,0,16,16,21,4,120
2321911,63,0,9,5,70,84,3,10,9,22,106,0,0,0,10,10,0,0,5,5,15,5,189
2322001,42,0,6,0,25,31,3,5,10,18,49,0,3,0,3,6,0,0,11,11,17,0,108
2322002,56,0,9,0,32,41,0,5,19,24,65,0,3,0,4,7,0,6,17,23,30,4,155
2322003,43,4,3,3,35,45,3,9,15,27,72,0,0,0,4,4,0,4,5,9,13,8,136
2322004,73,4,3,4,36,47,0,11,19,30,77,0,3,3,7,13,0,8,15,23,36,4,190
2322101,44,4,5,3,28,40,0,8,18,26,66,0,6,0,0,6,0,3,11,14,20,6,136
2322102,29,0,3,4,29,36,0,3,10,13,49,0,5,0,0,5,5,0,7,12,17,3,98
2322103,59,0,9,0,63,72,4,7,37,48,120,0,3,0,7,10,0,5,15,20,30,7,216
2322104,60,3,4,3,28,38,0,0,7,7,45,0,3,0,11,14,0,7,13,20,34,0,139
2322105,63,0,0,8,41,49,5,3,25,33,82,0,3,0,22,25,0,3,12,15,40,7,192
2322106,53,0,11,0,44,55,7,0,17,24,79,0,8,0,7,15,0,0,9,9,24,8,164
2322107,42,0,4,0,38,42,6,6,18,30,72,0,0,0,0,0,0,0,14,14,14,5,133
2322108,81,3,10,0,55,68,5,6,12,23,91,0,0,0,17,17,0,0,21,21,38,8,218
2322109,39,0,12,0,24,36,3,3,12,18,54,0,0,0,0,0,0,0,7,7,7,3,103
2322110,34,0,0,0,34,34,5,5,8,18,52,0,0,0,8,8,0,0,14,14,22,4,112
2322111,51,0,4,0,46,50,4,3,10,17,67,0,0,0,5,5,0,0,5,5,10,6,134
2322201,56,0,9,0,55,64,0,10,16,26,90,0,3,0,12,15,0,3,17,20,35,3,184
2322202,34,0,10,0,28,38,0,6,6,12,50,0,0,0,7,7,0,0,12,12,19,0,103
2322203,53,0,7,3,37,47,0,0,10,10,57,0,3,0,8,11,0,4,7,11,22,0,132
2322204,42,0,3,0,47,50,4,3,6,13,63,0,0,0,8,8,3,3,3,9,17,0,122
2322205,54,0,6,0,50,56,6,0,11,17,73,0,0,0,9,9,0,3,3,6,15,0,142
2322206,50,0,16,5,60,81,0,10,16,26,107,0,0,0,7,7,0,0,13,13,20,7,184
2322207,39,3,3,4,51,61,0,9,13,22,83,0,0,3,7,10,0,4,12,16,26,8,156
2322208,68,4,0,3,57,64,4,16,20,40,104,0,4,0,11,15,0,0,14,14,29,9,210
2322209,52,3,0,3,44,50,5,7,16,28,78,0,0,0,9,9,0,0,12,12,21,3,154
2322210,47,5,9,4,45,63,4,5,15,24,87,0,3,0,3,6,0,7,4,11,17,3,154
2322211,31,0,9,0,29,38,3,7,8,18,56,0,0,0,3,3,3,3,4,10,13,13,113
2322212,18,0,0,0,23,23,0,7,0,7,30,0,0,0,0,0,0,4,0,4,4,4,56
2322301,60,0,10,0,38,48,4,11,8,23,71,0,3,0,5,8,0,7,8,15,23,5,159
2322302,48,0,3,0,34,37,3,6,8,17,54,0,0,0,0,0,0,0,10,10,10,0,112
2322303,39,0,5,3,38,46,0,4,8,12,58,0,0,0,11,11,0,0,10,10,21,4,122
2322304,34,0,12,0,20,32,3,8,9,20,52,5,0,0,0,5,0,0,7,7,12,0,98
2322305,40,0,6,0,22,28,3,0,12,15,43,0,0,0,0,0,0,0,7,7,7,4,94
2322306,32,0,5,0,16,21,0,0,0,0,21,0,0,0,4,4,0,0,0,0,4,5,62
2322307,14,0,0,0,7,7,0,0,4,4,11,4,0,0,7,11,0,0,8,8,19,0,44
2322308,16,0,0,0,9,9,3,3,0,6,15,0,0,0,6,6,0,3,0,3,9,0,40
2322309,63,0,7,0,26,33,0,0,5,5,38,0,3,3,0,6,0,0,9,9,15,8,124
2322310,39,0,0,0,17,17,4,3,3,10,27,0,0,0,0,0,0,0,10,10,10,6,82
2322311,31,3,4,0,16,23,4,5,6,15,38,0,0,0,4,4,0,0,6,6,10,6,85
2322312,41,0,3,0,18,21,3,3,3,9,30,0,3,0,0,3,0,0,9,9,12,7,90
2330101,69,0,6,0,62,68,4,6,10,20,88,0,0,0,10,10,0,3,4,7,17,6,180
2330102,70,0,4,0,38,42,0,7,8,15,57,0,0,0,9,9,0,3,7,10,19,5,151
2330103,40,0,4,0,48,52,0,5,8,13,65,0,0,0,10,10,0,0,9,9,19,4,128
2330104,55,0,10,0,69,79,4,8,16,28,107,0,4,0,11,15,4,4,9,17,32,4,198
2330105,41,0,6,3,20,29,3,0,7,10,39,0,0,0,7,7,0,4,13,17,24,4,108
2330106,25,0,3,0,13,16,0,0,4,4,20,0,0,0,8,8,0,0,5,5,13,4,62
2330107,51,0,4,0,29,33,0,6,0,6,39,0,0,0,3,3,3,5,3,11,14,8,112
2330108,35,0,0,6,34,40,0,0,12,12,52,0,0,0,6,6,0,0,6,6,12,5,104
2330109,85,5,7,0,46,58,3,3,16,22,80,0,0,0,18,18,4,0,9,13,31,0,196
2330110,53,0,8,4,53,65,5,10,10,25,90,0,0,0,4,4,0,5,8,13,17,5,165
2330111,19,0,0,0,19,19,3,0,6,9,28,0,0,0,4,4,0,0,0,0,4,6,57
2330112,25,0,5,3,40,48,0,0,5,5,53,0,0,0,7,7,0,3,5,8,15,8,101
2330113,26,0,0,0,24,24,0,3,12,15,39,0,0,4,0,4,0,3,7,10,14,3,82
2330114,51,0,7,0,31,38,0,3,8,11,49,0,5,0,0,5,0,0,7,7,12,3,115
2330201,34,0,0,0,24,24,0,0,8,8,32,0,0,0,5,5,0,3,5,8,13,9,88
2330202,62,4,3,0,24,31,0,3,7,10,41,0,0,0,4,4,3,6,5,14,18,6,127
2330203,69,0,4,0,27,31,3,3,10,16,47,0,3,0,11,14,0,0,9,9,23,7,146
2330204,50,0,5,0,32,37,0,6,6,12,49,0,0,0,3,3,0,3,7,10,13,6,118
2330205,31,0,3,3,17,23,3,0,12,15,38,0,0,0,0,0,0,3,7,10,10,3,82
2330206,75,0,3,0,50,53,0,5,9,14,67,0,0,0,7,7,0,3,4,7,14,8,164
2330207,50,0,0,0,30,30,5,0,5,10,40,0,0,0,0,0,0,7,15,22,22,9,121
2330208,34,0,0,4,15,19,3,3,9,15,34,0,0,0,0,0,0,0,6,6,6,0,74
2330209,32,0,0,0,18,18,0,0,5,5,23,0,0,0,4,4,0,0,0,0,4,7,66
2330210,33,0,0,0,30,30,0,3,5,8,38,0,0,0,5,5,0,3,8,11,16,4,91
2330211,39,0,4,0,21,25,3,3,7,13,38,0,0,0,3,3,0,0,0,0,3,3,83
2330301,32,0,0,0,15,15,0,0,8,8,23,0,0,0,7,7,0,0,7,7,14,0,69
2330302,67,5,7,0,38,50,7,4,23,34,84,0,4,0,19,23,8,0,19,27,50,4,205
2330303,51,0,5,3,31,39,0,0,20,20,59,0,3,3,5,11,3,0,14,17,28,9,147
2330304,54,0,8,0,41,49,5,0,24,29,78,0,0,0,10,10,5,0,21,26,36,0,168
2330305,40,0,0,0,9,9,0,0,16,16,25,0,0,0,10,10,0,0,6,6,16,5,86
2330306,27,0,3,0,12,15,4,0,7,11,26,0,0,0,3,3,0,3,5,8,11,0,64
2330307,51,0,3,0,31,34,0,9,14,23,57,0,0,0,6,6,3,3,8,14,20,5,133
2330308,48,5,4,0,20,29,0,6,17,23,52,0,0,4,8,12,0,3,9,12,24,0,124
2330309,35,4,0,0,21,25,0,0,9,9,34,0,0,3,7,10,0,5,5,10,20,3,92
2330310,29,0,3,0,15,18,0,0,5,5,23,0,0,0,4,4,0,0,6,6,10,4,66
2330401,71,0,0,0,47,47,0,3,12,15,62,0,0,0,8,8,0,3,12,15,23,6,162
2330402,53,3,3,0,24,30,3,6,15,24,54,0,0,0,3,3,0,0,8,8,11,3,121
2330403,66,0,9,0,62,71,5,0,18,23,94,0,0,0,11,11,0,0,14,14,25,4,189
2330404,46,0,0,4,33,37,0,0,12,12,49,0,0,0,4,4,3,0,12,15,19,3,117
2330405,56,0,6,0,36,42,7,6,16,29,71,4,4,0,3,11,0,4,9,13,24,0,151
2330406,28,0,4,0,33,37,0,7,7,14,51,0,0,0,6,6,4,0,6,10,16,0,95
2330407,56,0,0,0,22,22,5,0,0,5,27,0,0,0,9,9,0,4,10,14,23,8,114
2330408,31,0,0,0,15,15,0,0,13,13,28,0,0,0,5,5,0,0,3,3,8,4,71
2330501,59,0,5,0,28,33,3,5,13,21,54,0,0,0,7,7,3,3,3,9,16,9,138
2330502,79,0,3,0,30,33,0,5,14,19,52,0,0,0,11,11,0,0,15,15,26,8,165
2330503,52,5,3,5,39,52,0,0,12,12,64,0,3,0,0,3,3,0,11,14,17,5,138
2330504,70,0,3,5,47,55,4,0,17,21,76,0,0,0,13,13,0,0,18,18,31,8,185
2330505,71,0,6,0,65,71,4,13,12,29,100,0,3,0,7,10,0,3,11,14,24,5,200
2330506,61,0,9,0,73,82,10,6,15,31,113,0,0,0,5,5,0,5,14,19,24,3,201
2330507,34,3,3,0,27,33,3,0,8,11,44,0,7,3,15,25,0,3,17,20,45,3,126
2330508,87,0,3,0,39,42,0,5,7,12,54,0,0,0,9,9,0,3,6,9,18,4,163
2330509,48,0,0,0,40,40,0,6,16,22,62,0,0,0,10,10,0,0,9,9,19,5,134
2330601,29,7,0,0,27,34,0,0,13,13,47,0,0,0,7,7,0,0,10,10,17,0,93
2330602,57,0,0,0,25,25,0,0,18,18,43,0,0,0,5,5,0,0,9,9,14,5,119
2330603,48,3,3,7,26,39,3,5,6,14,53,0,5,0,8,13,0,0,3,3,16,4,121
2330604,32,0,3,0,46,49,5,8,7,20,69,0,0,0,6,6,4,6,6,16,22,0,123
2330605,46,0,4,5,44,53,3,3,13,19,72,0,0,0,5,5,0,4,10,14,19,0,137
2330606,42,0,10,0,54,64,6,5,10,21,85,0,0,0,8,8,6,5,6,17,25,5,157
2330607,54,0,6,0,31,37,0,4,11,15,52,0,0,0,0,0,0,7,11,18,18,4,128
2330608,20,0,0,0,15,15,3,7,6,16,31,0,0,0,0,0,0,0,7,7,7,0,58
2330609,64,0,11,0,65,76,3,10,21,34,110,0,5,0,9,14,0,5,18,23,37,6,217
2330610,11,0,3,0,22,25,0,4,4,8,33,0,0,0,0,0,0,5,5,10,10,0,54
2330611,38,0,10,0,48,58,4,8,12,24,82,0,0,0,7,7,0,3,3,6,13,3,136
2330612,32,0,5,0,16,21,0,0,7,7,28,0,0,3,3,6,0,3,3,6,12,0,72
2330701,37,0,0,0,12,12,5,4,0,9,21,0,0,0,8,8,0,0,6,6,14,5,77
2330702,50,0,8,0,40,48,0,6,10,16,64,0,0,4,10,14,3,3,3,9,23,5,142
2330703,55,0,0,0,43,43,0,8,9,17,60,0,0,0,8,8,0,4,8,12,20,4,139
2330704,64,0,0,0,35,35,3,3,9,15,50,0,4,0,4,8,0,0,7,7,15,6,135
2330705,16,0,0,0,15,15,6,3,0,9,24,0,0,0,3,3,0,0,4,4,7,4,51
2330706,38,0,6,0,36,42,3,4,4,11,53,0,3,0,4,7,0,4,4,8,15,4,110
2330707,50,0,0,0,29,29,0,0,9,9,38,0,3,0,6,9,3,3,3,9,18,3,109
2330708,45,0,0,3,33,36,0,5,11,16,52,0,0,0,5,5,0,0,6,6,11,0,108
2330709,40,0,6,0,37,43,3,7,3,13,56,0,0,0,0,0,0,0,5,5,5,0,101
2330801,58,0,9,3,52,64,5,7,12,24,88,0,3,0,3,6,0,3,16,19,25,5,176
2330802,31,6,0,0,25,31,3,6,6,15,46,0,0,0,0,0,0,3,3,6,6,3,86
2330803,55,0,7,0,52,59,5,5,15,25,84,0,0,4,4,8,0,3,10,13,21,4,164
2330804,49,5,7,3,53,68,6,7,17,30,98,3,0,0,5,8,0,10,5,15,23,8,178
2330805,57,0,10,0,58,68,3,0,17,20,88,0,0,0,6,6,0,3,3,6,12,3,160
2330806,27,0,4,0,28,32,0,3,15,18,50,0,0,0,4,4,0,0,5,5,9,0,86
2330807,47,0,3,0,36,39,6,0,8,14,53,0,7,0,0,7,3,0,5,8,15,0,115
2330808,66,0,3,0,31,34,0,8,12,20,54,0,0,0,8,8,0,0,9,9,17,7,144
2330809,63,0,0,3,70,73,6,9,16,31,104,0,0,0,9,9,0,7,13,20,29,4,200
2330901,12,0,6,0,0,6,0,3,3,6,12,0,0,0,0,0,0,0,5,5,5,0,29
2330902,42,0,8,0,22,30,0,0,12,12,42,0,0,0,8,8,0,4,4,8,16,4,104
2330903,28,0,0,0,12,12,3,3,6,12,24,0,0,0,3,3,0,3,3,6,9,4,65
2330904,48,3,0,0,20,23,0,0,3,3,26,0,0,0,9,9,3,0,3,6,15,6,95
2330905,53,0,3,0,43,46,6,0,15,21,67,0,3,0,3,6,0,0,7,7,13,3,136
2330906,74,0,3,0,41,44,4,7,4,15,59,0,0,0,10,10,3,3,3,9,19,4,156
2330907,53,0,5,0,39,44,4,4,7,15,59,0,3,0,10,13,0,5,5,10,23,3,138
2330908,18,3,7,0,18,28,0,3,3,6,34,0,5,0,16,21,0,0,9,9,30,3,85
2330909,7,0,0,0,0,0,0,0,0,0,0,0,0,0,0,0,0,0,0,0,0,0,7
2330910,43,0,5,0,27,32,0,0,6,6,38,0,0,3,4,7,0,0,3,3,10,5,96
2330911,51,0,3,0,25,28,3,3,5,11,39,0,0,0,0,0,0,0,8,8,8,3,101
2331001,75,0,9,3,31,43,15,11,65,91,134,0,4,0,6,10,0,0,19,19,29,0,238
2331002,36,0,3,0,10,13,3,6,18,27,40,0,0,0,4,4,0,0,10,10,14,3,93
2331003,35,0,0,7,22,29,0,5,20,25,54,0,5,0,7,12,0,3,5,8,20,4,113
2331004,40,3,13,3,73,92,10,21,28,59,151,0,3,0,5,8,4,0,4,8,16,6,213
2331005,60,0,5,0,28,33,6,10,24,40,73,0,4,0,3,7,0,7,13,20,27,4,164
2331006,78,0,0,4,23,27,0,5,18,23,50,0,0,0,7,7,0,3,8,11,18,4,150
2331007,110,0,9,0,65,74,6,12,29,47,121,0,0,7,21,28,0,4,27,31,59,9,299
2331008,40,0,3,0,16,19,3,0,5,8,27,0,0,0,13,13,0,6,13,19,32,5,104
2331009,0,0,0,0,3,3,0,0,0,0,3,0,0,0,0,0,0,0,3,3,3,0,6
2331010,44,0,3,0,14,17,3,4,5,12,29,0,3,0,9,12,0,5,4,9,21,7,101
2331011,97,4,7,0,36,47,10,4,43,57,104,0,5,0,7,12,0,0,20,20,32,4,237
2331012,44,5,14,0,52,71,4,13,11,28,99,0,0,0,0,0,0,7,0,7,7,7,157
2331013,34,0,7,5,40,52,0,9,12,21,73,0,0,0,4,4,3,0,5,8,12,0,119
2331014,40,3,8,3,58,72,0,9,10,19,91,0,0,0,5,5,0,7,3,10,15,9,155
2331015,32,0,6,0,36,42,0,11,0,11,53,0,3,0,3,6,0,0,3,3,9,0,94
2331016,57,0,12,4,86,102,12,0,16,28,130,0,0,0,6,6,3,3,5,11,17,4,208
2331101,43,3,4,0,30,37,0,3,14,17,54,0,0,0,8,8,0,4,10,14,22,8,127
2331102,38,0,9,4,28,41,0,0,16,16,57,3,3,3,14,23,3,3,12,18,41,7,143
2331103,77,0,8,0,30,38,3,6,19,28,66,0,0,3,26,29,0,6,15,21,50,12,205
2331104,89,0,6,4,47,57,5,0,29,34,91,0,3,0,10,13,0,3,16,19,32,0,212
2331105,31,0,5,3,9,17,5,0,15,20,37,0,0,0,0,0,0,0,8,8,8,5,81
2331106,54,3,6,3,38,50,4,3,15,22,72,0,0,3,16,19,0,3,9,12,31,3,160
2331107,72,0,10,5,34,49,5,4,27,36,85,0,0,7,9,16,3,0,19,22,38,5,200
2331108,12,0,0,0,16,16,0,0,10,10,26,0,0,0,3,3,0,0,6,6,9,0,47
2331109,18,0,0,0,7,7,5,0,0,5,12,0,0,0,9,9,0,4,7,11,20,0,50
2331110,84,0,5,0,42,47,5,10,22,37,84,0,3,0,13,16,0,6,12,18,34,5,207
2331111,46,0,5,3,30,38,0,0,24,24,62,0,0,0,10,10,0,0,17,17,27,5,140
2331112,45,0,3,4,31,38,5,4,20,29,67,0,0,0,6,6,0,0,13,13,19,6,137
2331113,31,0,0,3,12,15,6,0,6,12,27,0,0,0,11,11,0,4,10,14,25,0,83
2331114,50,0,5,5,18,28,7,0,12,19,47,0,0,3,15,18,0,4,11,15,33,0,130
2331201,74,5,22,9,45,81,18,10,40,68,149,0,0,3,18,21,0,0,9,9,30,4,257
2331202,92,3,6,10,15,34,7,7,47,61,95,0,0,0,12,12,4,0,24,28,40,3,230
2331203,94,5,0,0,36,41,7,0,39,46,87,0,0,0,12,12,0,0,18,18,30,6,217
2331204,85,0,7,5,33,45,6,3,55,64,109,0,5,0,9,14,3,0,14,17,31,3,228
2331205,49,0,5,0,17,22,4,0,24,28,50,0,0,0,7,7,0,4,3,7,14,3,116
2331206,82,0,13,3,54,70,3,3,19,25,95,0,3,0,17,20,0,5,28,33,53,11,241
2331207,79,4,3,0,38,45,3,3,20,26,71,0,8,0,16,24,0,4,19,23,47,0,197
2331208,53,0,7,0,34,41,7,0,18,25,66,0,0,0,6,6,0,0,14,14,20,3,142
2331209,43,5,0,4,17,26,0,0,29,29,55,0,4,0,6,10,0,0,14,14,24,0,122
2331210,130,4,5,4,31,44,10,11,33,54,98,0,0,3,5,8,0,0,21,21,29,0,257
2331211,80,3,7,0,19,29,6,0,34,40,69,0,0,0,0,0,0,0,22,22,22,0,171
2331212,72,0,14,10,78,102,13,6,64,83,185,0,5,6,13,24,5,3,9,17,41,5,303
2331213,58,0,6,4,40,50,0,3,12,15,65,0,0,0,15,15,0,3,11,14,29,6,158
2331214,51,0,12,0,19,31,14,12,41,67,98,0,0,0,0,0,0,0,7,7,7,3,159
2331301,33,0,5,8,29,42,7,3,9,19,61,3,3,0,11,17,0,0,11,11,28,0,122
2331302,68,5,8,0,38,51,3,3,16,22,73,0,5,0,18,23,3,0,17,20,43,5,189
2331303,38,0,0,0,25,25,0,3,8,11,36,0,0,3,7,10,0,0,10,10,20,0,94
2331304,71,0,8,0,39,47,0,9,13,22,69,0,5,0,18,23,0,6,24,30,53,3,196
2331305,30,0,4,0,21,25,0,5,9,14,39,0,3,0,14,17,0,0,5,5,22,5,96
2331306,70,0,5,0,31,36,3,0,3,6,42,0,0,0,12,12,3,5,7,15,27,15,154
2331307,28,3,3,0,6,12,3,0,3,6,18,0,0,0,0,0,0,3,3,6,6,0,52
2331308,49,0,5,0,37,42,5,4,13,22,64,0,0,0,14,14,0,0,14,14,28,5,146
2331309,73,0,8,0,34,42,0,12,10,22,64,0,0,0,11,11,0,4,18,22,33,8,178
2331310,12,0,0,0,7,7,0,0,6,6,13,0,0,0,8,8,0,3,4,7,15,4,44
2331311,25,0,0,0,24,24,3,0,13,16,40,0,0,0,14,14,0,4,8,12,26,6,97
2331401,63,0,3,3,34,40,3,0,14,17,57,0,3,3,28,34,3,0,25,28,62,12,194
2331402,68,3,8,4,46,61,4,8,28,40,101,0,0,5,15,20,0,6,14,20,40,9,218
2331403,59,0,6,3,29,38,3,0,24,27,65,0,0,4,28,32,0,4,20,24,56,7,187
2331404,58,0,7,5,20,32,5,5,10,20,52,3,0,3,21,27,0,3,22,25,52,8,170
2331405,16,0,4,0,7,11,0,3,3,6,17,0,4,0,11,15,0,0,10,10,25,4,62
2331406,43,0,3,0,30,33,6,3,14,23,56,3,4,4,5,16,5,0,21,26,42,8,149
2331407,34,0,3,6,14,23,0,3,17,20,43,0,0,0,13,13,0,5,21,26,39,8,124
2331408,24,4,0,0,17,21,0,3,8,11,32,0,0,5,13,18,0,4,13,17,35,8,99
2331409,8,0,0,0,11,11,0,0,8,8,19,0,0,0,8,8,5,0,0,5,13,0,40
2331501,63,0,0,0,32,32,0,6,14,20,52,0,5,0,18,23,3,10,14,27,50,6,171
2331502,6,0,0,0,10,10,0,0,7,7,17,0,0,3,3,6,0,0,0,0,6,6,35
2331503,38,5,4,0,26,35,4,4,25,33,68,0,9,4,30,43,4,3,32,39,82,3,191
2331504,48,0,12,4,32,48,3,3,13,19,67,3,5,0,31,39,7,0,21,28,67,5,187
2331505,35,0,10,5,23,38,3,7,9,19,57,3,8,6,32,49,0,10,14,24,73,9,174
2331506,38,0,0,0,22,22,5,4,8,17,39,0,3,3,7,13,0,7,11,18,31,5,113
2331507,31,0,4,0,20,24,0,8,9,17,41,0,3,4,12,19,0,4,12,16,35,0,107
2331508,47,0,7,0,27,34,3,8,5,16,50,0,0,0,10,10,0,0,16,16,26,3,126
2331509,42,0,5,9,33,47,0,4,16,20,67,0,0,0,9,9,3,0,7,10,19,3,131
2331510,62,0,7,0,31,38,5,0,23,28,66,0,0,5,12,17,3,3,12,18,35,0,163
2331511,105,0,0,0,0,0,0,0,0,0,0,0,0,0,0,0,0,0,5,5,5,0,110
2331512,21,3,5,6,18,32,0,0,9,9,41,0,0,0,11,11,0,0,11,11,22,5,89
2331601,63,0,6,4,30,40,3,7,16,26,66,0,3,3,14,20,5,4,13,22,42,3,174
2331602,54,4,7,3,45,59,7,0,13,20,79,0,3,0,15,18,0,6,14,20,38,6,177
2331603,48,3,4,5,45,57,4,3,9,16,73,0,0,0,17,17,0,8,15,23,40,5,166
2331604,44,0,5,4,35,44,3,0,15,18,62,0,5,0,12,17,0,0,16,16,33,4,143
2331605,56,0,11,4,56,71,3,8,21,32,103,0,3,0,8,11,0,0,15,15,26,3,188
2331606,43,0,4,4,32,40,0,0,22,22,62,0,0,0,9,9,5,0,8,13,22,3,130
2331607,56,0,4,3,38,45,3,5,11,19,64,0,0,4,4,8,0,0,7,7,15,3,138
2331608,38,0,4,5,41,50,0,13,14,27,77,0,0,0,3,3,4,3,6,13,16,0,131
2331609,64,3,11,3,62,79,10,3,23,36,115,0,0,0,11,11,3,3,11,17,28,7,214
2331610,28,0,7,0,24,31,3,5,11,19,50,0,0,3,9,12,0,0,9,9,21,5,104
2331701,51,0,18,0,47,65,5,5,16,26,91,3,0,0,24,27,0,0,21,21,48,6,196
2331702,60,0,5,0,47,52,4,4,23,31,83,0,0,4,12,16,0,3,20,23,39,4,186
2331703,51,4,7,0,30,41,4,4,13,21,62,0,0,3,4,7,0,5,9,14,21,4,138
2331704,31,0,0,0,34,34,0,0,7,7,41,0,0,0,9,9,4,3,4,11,20,5,97
2331705,43,4,0,4,38,46,3,8,10,21,67,0,3,0,6,9,0,0,15,15,24,3,137
2331706,67,0,0,0,51,51,0,0,13,13,64,0,0,0,15,15,0,8,24,32,47,7,185
2331707,48,0,8,3,38,49,0,4,18,22,71,0,0,0,7,7,0,3,12,15,22,8,149
2331708,49,0,4,0,44,48,7,0,18,25,73,0,0,0,9,9,0,4,10,14,23,10,155
2331709,40,3,3,3,22,31,0,0,12,12,43,0,0,0,6,6,0,4,11,15,21,6,110
2331710,22,3,4,0,19,26,0,0,14,14,40,0,0,0,5,5,0,3,4,7,12,0,74
2331711,25,0,5,0,25,30,3,4,8,15,45,0,5,0,8,13,0,5,13,18,31,0,101
2331801,36,0,5,0,37,42,3,0,15,18,60,0,3,0,7,10,0,0,11,11,21,8,125
2331802,49,0,3,3,24,30,5,5,5,15,45,0,0,0,5,5,0,0,11,11,16,3,113
2331803,57,5,0,0,64,69,6,6,16,28,97,0,0,0,7,7,0,6,4,10,17,7,178
2331804,44,0,4,0,34,38,0,6,24,30,68,0,3,0,8,11,0,3,13,16,27,3,142
2331805,48,0,5,0,41,46,0,5,14,19,65,0,4,5,13,22,3,0,14,17,39,0,152
2331806,42,0,8,3,37,48,10,0,15,25,73,0,0,0,7,7,3,3,5,11,18,3,136
2331807,28,4,0,0,24,28,3,0,14,17,45,3,5,0,5,13,0,0,9,9,22,5,100
2331808,65,3,12,0,45,60,3,8,14,25,85,0,3,0,13,16,0,0,15,15,31,3,184
2331809,72,3,10,3,46,62,6,6,26,38,100,0,4,0,13,17,0,4,7,11,28,10,210
2331810,21,0,0,0,15,15,0,5,10,15,30,0,0,0,9,9,0,0,4,4,13,3,67
2331811,55,0,3,0,33,36,0,7,13,20,56,0,0,0,8,8,0,5,3,8,16,4,131
2331901,53,0,10,0,58,68,0,6,30,36,104,0,4,0,3,7,3,0,26,29,36,6,199
2331902,50,3,10,0,26,39,4,11,16,31,70,0,0,3,7,10,0,4,15,19,29,6,155
2331903,29,4,0,0,11,15,3,3,7,13,28,0,0,0,4,4,0,0,9,9,13,0,70
2331904,54,0,5,0,43,48,6,6,15,27,75,0,7,0,17,24,0,0,17,17,41,8,178
2331905,75,0,9,0,52,61,0,10,17,27,88,0,0,0,14,14,0,5,10,15,29,0,192
2331906,21,0,3,0,24,27,0,0,14,14,41,0,0,0,6,6,0,0,0,0,6,0,68
2331907,73,3,18,0,59,80,0,5,22,27,107,0,0,0,8,8,5,4,19,28,36,5,221
2331908,35,0,7,0,18,25,3,4,15,22,47,0,0,0,7,7,0,0,8,8,15,4,101
2331909,62,0,9,0,49,58,0,4,20,24,82,0,6,0,0,6,0,3,16,19,25,3,172
2331910,76,4,0,5,57,66,3,4,17,24,90,0,0,0,10,10,0,4,8,12,22,0,188
2331911,56,3,3,3,32,41,0,0,14,14,55,0,5,0,3,8,0,0,18,18,26,3,140
2332001,38,0,0,0,31,31,0,8,9,17,48,0,3,0,3,6,4,5,9,18,24,3,113
2332002,51,4,4,3,43,54,6,10,25,41,95,0,3,0,14,17,0,0,15,15,32,7,185
2332003,27,0,6,0,22,28,0,3,4,7,35,0,0,0,4,4,0,0,9,9,13,0,75
2332004,22,4,3,3,22,32,3,3,12,18,50,0,0,0,4,4,0,0,0,0,4,4,80
2332005,51,0,9,0,30,39,4,3,16,23,62,0,0,3,8,11,3,0,12,15,26,3,142
2332006,17,0,0,0,11,11,0,0,7,7,18,0,0,0,0,0,0,5,3,8,8,0,43
2332007,28,0,0,0,18,18,0,4,0,4,22,0,0,0,3,3,0,3,11,14,17,6,73
2332008,28,0,6,0,11,17,0,3,11,14,31,0,0,0,3,3,0,0,7,7,10,7,76
2332009,44,0,4,0,29,33,3,3,4,10,43,0,0,4,8,12,0,0,7,7,19,4,110
2332010,36,0,0,0,8,8,0,0,0,0,8,0,0,0,3,3,3,0,3,6,9,8,61
2332101,39,0,3,4,18,25,3,3,5,11,36,0,0,0,16,16,0,0,15,15,31,7,113
2332102,45,0,6,0,29,35,7,0,20,27,62,0,0,0,9,9,3,3,10,16,25,5,137
2332103,27,0,8,0,29,37,3,3,15,21,58,0,0,0,3,3,0,6,6,12,15,0,100
2332104,67,0,4,4,55,63,3,3,28,34,97,0,0,0,19,19,0,0,12,12,31,5,200
2332105,95,5,6,0,34,45,3,0,20,23,68,0,6,4,23,33,5,0,26,31,64,9,236
2332106,57,0,7,0,37,44,0,4,12,16,60,0,5,6,13,24,3,3,26,32,56,5,178
2332107,67,0,5,3,33,41,3,3,12,18,59,0,0,0,4,4,0,4,9,13,17,5,148
2332201,84,0,7,0,45,52,5,4,14,23,75,0,0,0,10,10,0,0,15,15,25,8,192
2332202,49,0,5,0,31,36,4,4,13,21,57,0,0,3,4,7,6,5,11,22,29,4,139
2332203,72,5,7,0,68,80,4,4,19,27,107,0,0,0,8,8,0,5,12,17,25,0,204
2332204,65,0,4,3,19,26,0,3,15,18,44,0,4,0,17,21,0,5,26,31,52,8,169
2332205,38,0,0,0,34,34,8,6,12,26,60,4,6,0,11,21,0,4,19,23,44,7,149
2332206,36,0,6,0,25,31,8,5,15,28,59,3,0,3,19,25,9,0,13,22,47,3,145
2332207,40,5,0,0,25,30,5,4,8,17,47,0,6,0,15,21,3,3,12,18,39,0,126
2332209,0,0,0,0,0,0,0,0,0,0,0,0,0,0,0,0,0,0,0,0,0,0,0
2340101,48,5,14,0,36,55,6,3,16,25,80,0,0,5,21,26,0,6,11,17,43,6,177
2340102,70,3,7,4,40,54,3,11,25,39,93,3,4,0,24,31,0,4,19,23,54,3,220
2340103,40,4,9,7,65,85,6,8,13,27,112,0,4,0,25,29,5,3,8,16,45,0,197
2340104,60,0,20,6,40,66,6,13,24,43,109,0,4,3,24,31,4,8,18,30,61,0,230
2340105,49,3,18,4,52,77,5,3,23,31,108,0,5,3,13,21,0,0,9,9,30,6,193
2340106,73,0,13,7,50,70,5,11,30,46,116,5,4,5,25,39,0,3,23,26,65,3,257
2340107,37,0,3,7,34,44,8,5,14,27,71,0,0,0,13,13,0,0,13,13,26,7,141
2340108,64,3,11,4,28,46,3,3,24,30,76,0,3,3,16,22,7,0,17,24,46,5,191
2340109,52,5,3,3,65,76,6,0,18,24,100,0,0,0,27,27,0,0,13,13,40,0,192
2340201,57,7,21,7,58,93,8,9,22,39,132,0,4,4,20,28,6,6,8,20,48,6,243
2340202,38,0,8,3,48,59,5,4,15,24,83,0,5,4,13,22,3,9,4,16,38,0,159
2340203,35,5,11,6,59,81,6,18,13,37,118,0,0,0,14,14,4,4,12,20,34,4,191
2340204,53,6,18,4,53,81,0,7,14,21,102,0,0,0,23,23,3,0,15,18,41,0,196
2340205,81,4,10,10,49,73,3,4,27,34,107,4,6,3,12,25,5,3,23,31,56,0,244
2340206,56,7,17,0,82,106,17,14,35,66,172,0,3,3,10,16,5,3,11,19,35,4,267
2340207,63,4,13,5,54,76,12,18,42,72,148,0,0,0,8,8,0,9,15,24,32,0,243
2340208,56,4,11,7,90,112,15,3,29,47,159,0,0,5,15,20,0,5,7,12,32,0,247
2340209,53,3,14,0,56,73,7,9,24,40,113,0,7,0,10,17,0,5,10,15,32,3,201
2340210,59,3,18,7,64,92,14,15,27,56,148,0,0,3,22,25,3,5,13,21,46,0,253
2340211,73,0,18,0,65,83,0,8,23,31,114,0,4,3,14,21,0,4,9,13,34,4,225
2340212,60,3,9,4,83,99,10,8,33,51,150,3,3,0,14,20,0,6,5,11,31,0,241
2340213,75,5,15,7,59,86,10,5,22,37,123,5,0,4,18,27,4,3,10,17,44,0,242
2340214,38,8,19,7,51,85,10,11,19,40,125,0,0,0,0,0,0,0,4,4,4,5,172
2340215,31,0,12,4,68,84,7,5,13,25,109,0,3,3,11,17,0,5,11,16,33,4,177
2340216,17,0,11,0,40,51,0,7,7,14,65,0,0,0,0,0,5,4,4,13,13,0,95
2340301,68,0,10,0,53,63,8,10,17,35,98,0,0,4,3,7,0,0,8,8,15,0,181
2340302,66,3,4,4,37,48,10,7,20,37,85,0,0,0,12,12,3,3,7,13,25,0,176
2340303,35,6,12,0,13,31,4,3,9,16,47,0,0,3,0,3,0,0,0,0,3,0,85
2340304,14,5,5,0,10,20,0,0,8,8,28,0,0,0,6,6,0,0,0,0,6,0,48
2340305,60,6,12,0,41,59,7,10,15,32,91,0,3,0,6,9,0,3,3,6,15,0,166
2340306,99,10,17,0,69,96,10,12,24,46,142,0,0,5,21,26,7,0,6,13,39,0,280
2340307,78,6,4,5,54,69,9,12,22,43,112,0,0,3,16,19,0,4,13,17,36,0,226
2340308,33,4,8,0,13,25,0,4,5,9,34,0,0,0,4,4,0,0,7,7,11,0,78
2340309,48,0,5,5,45,55,5,8,13,26,81,0,3,0,6,9,3,3,0,6,15,0,144
2340310,71,9,11,7,63,90,5,11,21,37,127,0,7,0,13,20,0,3,11,14,34,0,232
2340311,68,5,9,3,62,79,0,11,19,30,109,0,4,0,14,18,3,0,6,9,27,0,204
2340401,34,0,3,3,20,26,5,10,19,34,60,0,7,0,26,33,0,4,8,12,45,4,143
2340402,30,0,0,0,12,12,0,4,0,4,16,0,0,0,21,21,0,0,12,12,33,0,79
2340403,60,3,7,0,35,45,7,3,12,22,67,0,0,0,24,24,3,4,12,19,43,3,173
2340404,53,4,0,0,29,33,5,0,19,24,57,0,8,3,15,26,5,0,14,19,45,0,155
2340405,34,0,0,0,11,11,0,5,4,9,20,0,0,0,13,13,0,3,11,14,27,0,81
2340406,26,0,0,0,16,16,0,0,0,0,16,0,0,0,13,13,0,0,8,8,21,0,63
2340407,73,0,10,3,26,39,5,7,20,32,71,0,0,0,22,22,5,4,14,23,45,0,189
2340408,67,0,0,6,42,48,4,4,22,30,78,0,0,4,22,26,0,0,15,15,41,3,189
2340409,68,3,12,3,51,69,3,5,35,43,112,0,4,5,27,36,0,3,13,16,52,4,236
2340410,31,3,4,3,15,25,3,0,7,10,35,4,0,0,14,18,3,0,11,14,32,3,101
2340411,13,0,0,3,0,3,0,0,8,8,11,3,0,0,7,10,0,0,5,5,15,3,42
2340501,51,6,0,0,19,25,0,0,18,18,43,0,0,3,8,11,0,3,8,11,22,3,119
2340502,45,0,18,10,53,81,6,9,25,40,121,0,0,0,11,11,0,0,0,0,11,0,177
2340503,106,0,12,0,35,47,0,5,24,29,76,0,4,0,10,14,0,0,8,8,22,0,204
2340504,22,0,5,0,13,18,0,0,17,17,35,0,0,0,0,0,0,0,5,5,5,0,62
2340505,65,0,20,5,87,112,7,8,25,40,152,4,6,0,21,31,0,0,10,10,41,6,264
2340506,31,0,5,8,27,40,0,3,17,20,60,0,0,0,9,9,0,0,0,0,9,0,100
2340507,56,5,9,0,40,54,4,11,36,51,105,0,0,0,5,5,0,4,5,9,14,0,175
2340508,41,0,12,3,22,37,0,3,17,20,57,0,5,0,6,11,0,0,3,3,14,0,112
2340509,95,3,21,4,62,90,15,10,36,61,151,0,0,0,9,9,0,0,8,8,17,0,263
2340510,39,4,15,7,69,95,14,0,20,34,129,3,3,3,13,22,3,3,7,13,35,0,203
2340511,36,0,13,8,48,69,7,0,11,18,87,0,0,0,7,7,3,0,3,6,13,4,140
2340512,61,0,7,8,24,39,4,7,25,36,75,3,3,0,3,9,0,0,7,7,16,0,152
2340513,14,0,8,0,6,14,3,3,9,15,29,0,0,0,3,3,0,0,0,0,3,0,46
2340514,33,0,0,0,33,33,3,3,10,16,49,0,0,0,9,9,0,0,0,0,9,0,91
2340601,63,0,19,5,103,127,4,10,14,28,155,0,5,4,38,47,3,3,3,9,56,0,274
2340602,73,0,3,3,52,58,4,9,10,23,81,0,5,4,30,39,0,0,9,9,48,4,206
2340603,68,5,9,5,68,87,0,6,9,15,102,0,10,0,16,26,0,4,10,14,40,4,214
2340604,38,4,9,7,53,73,12,8,25,45,118,3,8,3,19,33,0,4,7,11,44,0,200
2340605,54,0,18,9,61,88,7,6,16,29,117,0,0,0,12,12,0,0,9,9,21,0,192
2340606,59,0,10,3,77,90,0,3,18,21,111,0,4,4,20,28,0,4,7,11,39,3,212
2340607,49,0,17,6,49,72,5,9,13,27,99,0,5,0,28,33,3,3,12,18,51,4,203
2340608,58,5,12,10,71,98,12,8,17,37,135,0,6,0,12,18,0,5,13,18,36,0,229
2340609,46,0,8,6,45,59,4,7,9,20,79,0,0,0,16,16,5,0,3,8,24,0,149
2340610,11,0,4,0,12,16,0,0,3,3,19,0,0,0,0,0,0,0,5,5,5,0,35
2340611,38,0,9,0,34,43,0,0,9,9,52,4,0,3,4,11,0,0,0,0,11,0,101
2340701,15,0,0,0,13,13,0,7,7,14,27,0,0,0,6,6,0,0,5,5,11,0,53
2340702,68,0,18,7,78,103,12,13,32,57,160,0,4,6,17,27,5,7,13,25,52,0,280
2340703,60,4,11,6,50,71,10,11,38,59,130,3,3,0,14,20,0,0,14,14,34,5,229
2340704,55,0,9,5,49,63,17,10,31,58,121,0,4,0,9,13,0,4,11,15,28,5,209
2340705,39,0,15,4,32,51,13,15,20,48,99,0,0,0,7,7,0,6,3,9,16,0,154
2340706,56,0,13,3,50,66,13,15,27,55,121,3,4,5,4,16,4,3,10,17,33,0,210
2340707,80,5,18,3,44,70,12,15,34,61,131,3,4,4,7,18,3,3,15,21,39,0,250
2340708,85,3,22,3,61,89,11,20,47,78,167,5,0,0,12,17,0,6,18,24,41,3,296
2340709,73,4,14,4,34,56,14,4,39,57,113,0,6,0,9,15,0,0,11,11,26,5,217
2340710,63,0,11,7,48,66,10,11,28,49,115,0,4,4,11,19,0,0,18,18,37,0,215
2340711,81,6,9,3,52,70,18,11,32,61,131,3,3,0,13,19,0,0,9,9,28,3,243
2340712,41,0,7,5,20,32,11,7,20,38,70,0,3,4,4,11,0,6,9,15,26,0,137
2340713,0,0,0,0,0,0,0,0,0,0,0,0,0,0,0,0,0,0,0,0,0,0,0
2340714,0,0,0,0,0,0,0,0,0,0,0,0,0,0,0,0,0,0,0,0,0,0,0
2340801,52,0,8,0,34,42,0,6,24,30,72,0,6,5,17,28,0,0,10,10,38,3,165
2340802,96,0,14,7,53,74,16,16,48,80,154,0,4,4,24,32,8,3,12,23,55,5,310
2340803,49,6,23,4,44,77,4,14,25,43,120,0,3,0,12,15,7,7,0,14,29,0,198
2340804,46,4,37,5,58,104,17,25,29,71,175,0,0,3,5,8,0,6,8,14,22,0,243
2340805,24,4,15,6,34,59,7,17,27,51,110,0,3,3,0,6,4,0,0,4,10,0,144
2340806,63,5,15,9,76,105,10,14,36,60,165,6,9,0,25,40,5,3,11,19,59,3,290
2340807,37,3,16,4,51,74,10,12,29,51,125,0,5,3,5,13,0,0,4,4,17,0,179
2340808,74,10,26,3,71,110,9,21,28,58,168,0,5,3,17,25,3,9,9,21,46,3,291
2340809,34,3,10,3,34,50,10,7,14,31,81,0,0,3,13,16,3,4,7,14,30,3,148
2340810,40,4,5,6,34,49,11,11,19,41,90,0,5,4,8,17,3,0,7,10,27,0,157
2340811,53,11,40,3,55,109,26,23,31,80,189,0,0,0,7,7,0,6,7,13,20,0,262
2340812,52,3,20,9,59,91,15,23,32,70,161,3,0,0,7,10,4,6,9,19,29,0,242
2340813,37,4,16,6,60,86,8,25,32,65,151,0,3,0,11,14,0,0,6,6,20,0,208
2340901,65,0,12,3,29,44,5,5,25,35,79,0,0,0,11,11,3,6,15,24,35,6,185
2340902,54,0,11,3,24,38,0,0,12,12,50,0,0,5,9,14,3,0,9,12,26,0,130
2340903,65,0,12,3,33,48,4,5,16,25,73,0,3,3,19,25,0,0,22,22,47,4,189
2340904,65,6,6,4,38,54,4,9,18,31,85,0,6,0,21,27,5,5,6,16,43,3,196
2340905,28,3,4,4,19,30,0,0,11,11,41,0,3,0,17,20,0,6,10,16,36,6,111
2340906,39,4,0,0,20,24,0,5,11,16,40,0,0,0,13,13,0,6,14,20,33,0,112
2340907,59,0,8,8,33,49,4,6,22,32,81,0,4,0,22,26,0,4,20,24,50,0,190
2340908,8,3,3,0,3,9,0,0,9,9,18,0,0,0,5,5,0,0,3,3,8,0,34
2340909,48,0,5,0,20,25,3,5,8,16,41,3,5,3,19,30,0,0,23,23,53,9,151
2340910,33,0,5,0,29,34,0,4,8,12,46,0,6,0,16,22,0,0,18,18,40,0,119
2340911,63,0,3,3,30,36,3,14,21,38,74,0,0,3,12,15,0,0,21,21,36,4,177
2340912,28,0,8,0,15,23,4,4,8,16,39,0,0,0,8,8,0,5,9,14,22,0,89
2340913,0,0,0,0,0,0,0,0,0,0,0,0,0,0,0,0,0,0,0,0,0,0,0
2341001,59,5,26,7,78,116,10,10,27,47,163,0,0,0,0,0,0,0,0,0,0,0,222
2341002,29,3,19,5,48,75,6,5,15,26,101,0,3,7,7,17,0,5,13,18,35,7,172
2341003,48,3,23,6,64,96,7,7,26,40,136,0,9,4,13,26,0,8,6,14,40,0,224
2341004,51,15,28,6,70,119,16,16,32,64,183,0,0,4,11,15,3,3,6,12,27,3,264
2341005,49,0,8,0,35,43,3,0,26,29,72,0,6,4,14,24,0,6,12,18,42,3,166
2341006,35,5,16,0,45,66,8,10,21,39,105,0,0,0,3,3,3,3,9,15,18,0,158
2341007,36,5,14,4,26,49,13,8,22,43,92,0,6,0,8,14,0,0,0,0,14,0,142
2341008,74,10,18,3,44,75,15,7,35,57,132,0,0,0,6,6,3,3,4,10,16,3,225
2341009,48,4,26,7,103,140,7,11,27,45,185,0,3,6,12,21,3,6,13,22,43,0,276
2341010,69,0,29,9,99,137,25,30,38,93,230,0,4,0,9,13,0,4,12,16,29,0,328
2341011,28,3,14,3,64,84,0,10,12,22,106,0,0,0,7,7,0,0,6,6,13,3,150
2341012,65,3,16,4,67,90,8,4,18,30,120,0,4,0,24,28,7,4,10,21,49,0,234
2341013,74,4,19,4,70,97,8,14,21,43,140,0,6,0,13,19,3,3,15,21,40,4,258
2341014,59,0,8,3,39,50,10,11,8,29,79,0,0,6,5,11,3,0,11,14,25,0,163
2341015,50,0,21,4,63,88,8,11,27,46,134,0,8,0,7,15,0,0,8,8,23,3,210
2341016,76,5,15,6,81,107,6,10,25,41,148,0,7,0,16,23,4,4,9,17,40,7,271
2341017,20,0,8,3,34,45,0,6,10,16,61,0,0,0,3,3,0,0,3,3,6,0,87
2341018,51,5,11,5,36,57,19,9,31,59,116,0,0,0,0,0,0,8,4,12,12,3,182
2341101,32,0,0,0,14,14,0,0,7,7,21,0,0,4,7,11,0,0,3,3,14,0,67
2341102,62,5,25,8,136,174,6,7,12,25,199,0,3,5,11,19,0,0,7,7,26,0,287
2341103,24,4,4,5,22,35,0,12,9,21,56,0,0,3,3,6,0,0,11,11,17,0,97
2341104,64,0,9,4,37,50,5,7,20,32,82,3,0,0,8,11,0,0,11,11,22,0,168
2341105,77,3,7,8,119,137,4,13,20,37,174,0,5,0,24,29,0,5,10,15,44,0,295
2341106,22,0,0,0,13,13,0,4,5,9,22,0,6,0,7,13,0,3,9,12,25,0,69
2341107,54,4,13,3,93,113,5,4,10,19,132,4,3,4,24,35,0,0,13,13,48,4,238
2341108,90,3,18,3,39,63,15,13,38,66,129,0,5,0,4,9,3,0,3,6,15,0,234
2341109,62,4,13,6,85,108,3,3,12,18,126,0,4,0,8,12,0,3,3,6,18,0,206
2341110,49,0,3,8,88,99,4,7,10,21,120,0,4,3,11,18,3,3,3,9,27,3,199
2341112,84,3,15,3,118,139,7,7,17,31,170,3,7,0,21,31,3,3,6,12,43,6,303
2341113,36,0,13,0,80,93,4,4,11,19,112,0,4,0,20,24,0,0,0,0,24,0,172
2341114,102,0,21,8,132,161,3,14,32,49,210,3,3,5,20,31,0,6,8,14,45,3,360
2341115,30,0,4,5,22,31,6,5,18,29,60,4,0,0,8,12,0,3,11,14,26,0,116
2341116,40,0,4,0,24,28,3,4,19,26,54,0,3,0,17,20,0,0,26,26,46,5,145
2341117,25,5,0,0,36,41,0,3,10,13,54,0,0,0,9,9,0,3,5,8,17,3,99
2341118,64,0,12,6,85,103,7,7,7,21,124,0,3,3,6,12,0,0,8,8,20,0,208
2341119,36,0,20,8,71,99,3,8,6,17,116,0,5,0,16,21,0,3,14,17,38,4,194
2341120,56,8,25,6,114,153,6,10,21,37,190,3,5,0,21,29,4,0,4,8,37,0,283
2341121,37,3,3,0,58,64,0,0,7,7,71,0,0,0,15,15,0,0,0,0,15,0,123
2341122,83,0,11,3,115,129,4,7,12,23,152,0,4,0,13,17,0,0,6,6,23,0,258
2341123,38,0,15,3,68,86,4,0,7,11,97,0,6,0,4,10,0,0,0,0,10,7,152
2341124,38,0,3,5,55,63,4,3,7,14,77,0,0,0,9,9,0,3,4,7,16,4,135
2341201,44,3,11,5,38,57,6,3,17,26,83,0,0,3,3,6,3,0,0,3,9,0,136
2341202,40,0,7,4,22,33,7,7,11,25,58,0,3,0,5,8,0,0,12,12,20,0,118
2341203,46,0,9,6,28,43,3,7,12,22,65,0,4,0,5,9,0,0,0,0,9,0,120
2341204,36,0,6,4,35,45,7,4,18,29,74,0,0,0,8,8,0,0,0,0,8,0,118
2341205,84,0,8,0,52,60,4,8,13,25,85,3,4,0,24,31,0,5,13,18,49,3,221
2341206,66,4,5,3,23,35,6,10,16,32,67,0,0,0,5,5,3,3,3,9,14,7,154
2341207,51,4,22,4,75,105,6,10,24,40,145,4,4,0,8,16,0,0,6,6,22,0,218
2341208,87,3,24,8,71,106,5,16,34,55,161,0,4,0,5,9,0,4,6,10,19,0,267
2341209,80,0,17,3,53,73,13,21,19,53,126,0,3,3,0,6,0,4,12,16,22,0,228
2341210,59,0,10,0,29,39,5,7,14,26,65,0,0,0,3,3,3,5,6,14,17,4,145
2341211,44,6,7,0,18,31,5,4,9,18,49,0,0,0,0,0,0,0,7,7,7,0,100
2341212,67,5,6,0,25,36,0,0,15,15,51,0,0,0,6,6,0,0,0,0,6,3,127
2341213,60,0,12,0,92,104,7,10,15,32,136,0,0,0,3,3,0,0,8,8,11,0,207
2341214,47,0,19,6,58,83,9,5,11,25,108,0,6,0,0,6,0,5,0,5,11,4,170
2341215,56,12,35,8,131,186,19,19,45,83,269,0,0,0,5,5,3,0,3,6,11,3,339
2341216,60,0,23,0,54,77,21,11,13,45,122,0,0,0,4,4,0,0,8,8,12,0,194
2341217,22,5,22,0,34,61,7,14,20,41,102,0,0,0,0,0,0,0,6,6,6,0,130
2341301,40,0,3,3,18,24,3,3,7,13,37,0,0,0,8,8,4,5,3,12,20,0,97
2341302,49,0,7,0,31,38,3,3,14,20,58,0,0,0,4,4,0,0,4,4,8,0,115
2341303,42,5,19,0,27,51,6,11,15,32,83,0,0,0,0,0,0,4,3,7,7,4,136
2341304,53,0,10,7,51,68,3,14,9,26,94,0,0,0,6,6,0,0,6,6,12,4,163
2341305,68,4,16,5,58,83,8,15,21,44,127,0,6,0,7,13,0,4,8,12,25,0,220
2341306,86,5,13,6,70,94,6,12,17,35,129,0,0,0,4,4,0,5,0,5,9,3,227
2341307,38,0,14,4,48,66,6,6,16,28,94,0,3,0,3,6,0,0,5,5,11,0,143
2341308,36,5,7,0,28,40,9,9,13,31,71,0,0,0,5,5,0,0,0,0,5,0,112
2341309,36,0,8,0,24,32,5,0,14,19,51,3,0,0,3,6,0,4,3,7,13,0,100
2341310,69,4,17,8,87,116,6,8,25,39,155,0,6,0,23,29,0,3,10,13,42,0,266
2341311,32,5,7,3,9,24,3,3,11,17,41,0,3,0,4,7,0,0,5,5,12,0,85
2341312,34,0,15,3,28,46,6,6,12,24,70,0,0,0,4,4,0,0,5,5,9,0,113
2341313,39,3,18,3,108,132,4,9,13,26,158,0,0,0,4,4,0,3,3,6,10,0,207
2341314,16,3,8,0,51,62,4,4,8,16,78,0,0,0,0,0,0,0,0,0,0,0,94
2341315,67,3,23,3,95,124,10,12,23,45,169,0,6,0,12,18,0,5,7,12,30,0,266
2341316,17,0,5,5,16,26,5,0,9,14,40,0,6,0,5,11,0,0,8,8,19,0,76
2341317,78,5,9,10,104,128,10,9,14,33,161,0,0,0,13,13,0,3,6,9,22,4,265
2341318,123,3,6,4,98,111,0,6,4,10,121,0,0,0,21,21,3,0,12,15,36,7,287
2341319,66,0,15,3,64,82,4,0,10,14,96,0,7,0,13,20,0,0,4,4,24,3,189
2341320,108,5,14,3,97,119,5,0,7,12,131,0,10,0,29,39,0,0,11,11,50,4,293
2341321,26,0,14,3,23,40,0,7,11,18,58,3,0,0,3,6,0,0,3,3,9,3,96
2341401,52,6,12,0,36,54,3,11,10,24,78,0,0,3,4,7,0,0,12,12,19,0,149
2341402,87,0,18,7,91,116,3,7,33,43,159,0,9,0,17,26,4,0,16,20,46,0,292
2341403,30,0,8,0,25,33,0,3,10,13,46,0,4,0,3,7,0,3,4,7,14,0,90
2341404,50,0,5,9,46,60,4,10,14,28,88,0,3,0,3,6,0,0,4,4,10,0,148
2341405,148,5,11,4,143,163,3,0,19,22,185,0,5,0,47,52,7,7,14,28,80,3,416
2341406,32,0,3,0,17,20,0,3,4,7,27,0,0,3,0,3,0,0,3,3,6,0,65
2341407,45,0,11,5,32,48,6,7,17,30,78,0,3,0,4,7,3,0,3,6,13,0,136
2341408,33,6,11,0,46,63,6,0,8,14,77,0,3,0,11,14,0,0,0,0,14,0,124
2341409,69,5,13,4,96,118,13,16,13,42,160,0,0,7,20,27,0,9,9,18,45,3,277
2341410,54,4,7,10,47,68,4,10,16,30,98,0,6,0,20,26,3,3,3,9,35,0,187
2341411,71,7,16,3,83,109,4,12,19,35,144,0,4,3,29,36,0,3,9,12,48,0,263
2341412,23,3,7,0,11,21,7,3,13,23,44,0,0,0,5,5,3,0,0,3,8,0,75
2341413,17,3,4,3,16,26,3,0,8,11,37,0,0,0,15,15,0,3,6,9,24,0,78
2341414,40,0,11,0,38,49,5,8,18,31,80,0,0,0,3,3,0,4,0,4,7,3,130
2341415,78,0,7,4,67,78,4,0,8,12,90,0,0,0,17,17,0,0,0,0,17,0,185
2341501,57,0,7,4,40,51,11,0,19,30,81,0,0,3,8,11,0,0,10,10,21,0,159
2341502,77,5,15,5,56,81,10,8,15,33,114,0,0,0,10,10,3,0,10,13,23,0,214
2341503,67,5,9,4,50,68,7,11,19,37,105,0,0,0,0,0,0,0,8,8,8,4,184
2341504,28,0,0,0,19,19,3,5,4,12,31,0,0,0,3,3,0,0,3,3,6,3,68
2341505,28,0,9,0,15,24,0,12,5,17,41,0,0,0,0,0,0,5,0,5,5,0,74
2341506,65,0,8,0,60,68,9,11,17,37,105,0,0,3,8,11,0,0,5,5,16,0,186
2341507,78,6,15,4,68,93,5,4,11,20,113,0,9,0,10,19,0,0,12,12,31,0,222
2341508,51,0,7,5,46,58,5,9,10,24,82,0,0,7,11,18,0,0,6,6,24,0,157
2341509,37,0,11,6,43,60,7,3,12,22,82,0,0,0,10,10,0,0,0,0,10,0,129
2341510,42,0,7,4,25,36,5,0,10,15,51,0,3,0,3,6,0,0,5,5,11,0,104
2341601,46,0,13,13,49,75,6,8,22,36,111,0,0,0,17,17,0,4,8,12,29,0,186
2341602,62,5,20,6,73,104,5,3,20,28,132,5,4,5,20,34,0,0,17,17,51,3,248
2341603,36,4,10,6,45,65,7,3,11,21,86,0,3,3,9,15,0,0,8,8,23,0,145
2341604,53,5,22,0,79,106,5,6,24,35,141,0,0,0,21,21,0,0,9,9,30,5,229
2341605,42,8,10,5,53,76,5,0,14,19,95,0,0,0,22,22,0,0,13,13,35,6,178
2341606,45,3,25,7,72,107,6,8,11,25,132,0,5,0,23,28,0,5,12,17,45,0,222
2341607,58,4,12,10,97,123,4,10,26,40,163,0,7,5,26,38,4,3,13,20,58,5,284
2341608,48,0,17,8,83,108,5,7,20,32,140,5,5,0,21,31,0,3,14,17,48,8,244
2341609,59,5,9,4,97,115,4,4,17,25,140,0,3,0,20,23,0,7,7,14,37,3,239
2341610,42,0,18,0,43,61,0,8,9,17,78,0,4,0,14,18,4,0,4,8,26,0,146
2341611,33,5,7,0,78,90,0,4,9,13,103,0,4,0,18,22,0,5,3,8,30,0,166
2341612,61,0,33,0,79,112,6,12,34,52,164,0,5,0,23,28,4,7,15,26,54,0,279
2341613,18,3,9,4,36,52,0,7,4,11,63,0,4,6,12,22,3,3,4,10,32,6,119
2341614,36,0,19,7,77,103,3,9,18,30,133,5,0,4,15,24,3,3,5,11,35,0,204
2341701,54,6,7,0,31,44,3,3,9,15,59,0,4,0,20,24,3,6,17,26,50,0,163
2341702,71,3,9,5,65,82,9,4,23,36,118,0,3,0,14,17,3,0,9,12,29,3,221
2341703,60,0,9,0,30,39,7,8,14,29,68,0,3,0,3,6,6,0,9,15,21,4,153
2341704,27,0,3,0,8,11,3,0,4,7,18,0,0,0,0,0,3,0,7,10,10,0,55
2341705,55,0,13,4,58,75,4,11,18,33,108,0,3,0,3,6,0,4,7,11,17,4,184
2341706,87,4,11,3,57,75,18,8,21,47,122,0,4,0,9,13,0,6,16,22,35,5,249
2341707,54,0,16,0,51,67,4,13,12,29,96,0,6,0,0,6,0,4,3,7,13,0,163
2341708,25,3,7,7,35,52,3,3,7,13,65,0,3,3,6,12,0,3,8,11,23,7,120
2341709,48,0,7,3,49,59,10,0,16,26,85,0,0,0,24,24,0,7,11,18,42,0,175
2341710,63,0,9,4,66,79,3,7,21,31,110,0,7,0,19,26,0,0,15,15,41,5,219
2341711,57,6,17,4,67,94,4,0,20,24,118,0,8,0,12,20,4,0,5,9,29,0,204
2341712,81,5,14,5,87,111,9,3,7,19,130,0,3,4,10,17,0,3,6,9,26,0,237
2341713,93,4,13,0,21,38,3,5,7,15,53,0,0,0,4,4,0,3,0,3,7,4,157
2341714,68,3,15,3,48,69,7,19,23,49,118,0,0,0,7,7,0,0,5,5,12,3,201
2341715,38,0,16,9,85,110,0,13,13,26,136,0,5,0,21,26,0,0,3,3,29,4,207
2341716,35,0,9,0,27,36,3,3,5,11,47,0,3,0,4,7,3,3,3,9,16,0,98
2341717,59,5,12,3,89,109,5,3,16,24,133,0,0,0,12,12,0,3,6,9,21,4,217
2341718,40,0,0,0,0,0,0,0,0,0,0,0,0,0,0,0,0,0,4,4,4,0,44
2341719,30,0,4,0,4,8,0,0,0,0,8,0,0,0,3,3,0,3,3,6,9,3,50
2341720,53,4,13,3,54,74,6,9,7,22,96,0,5,0,0,5,0,3,3,6,11,3,163
2341721,53,0,10,9,105,124,8,9,9,26,150,0,0,0,6,6,0,0,5,5,11,0,214
2341722,42,0,25,6,88,119,4,0,13,17,136,0,0,0,12,12,0,5,0,5,17,0,195
2341723,47,0,6,4,72,82,7,5,12,24,106,0,4,0,8,12,0,0,0,0,12,0,165
2341724,47,4,4,0,76,84,3,3,4,10,94,0,4,4,13,21,0,4,0,4,25,3,169
2341801,96,5,8,4,91,108,4,0,21,25,133,0,0,0,26,26,0,0,15,15,41,0,270
2341802,29,0,0,0,7,7,0,3,3,6,13,0,3,3,11,17,0,5,9,14,31,0,73
2341803,25,0,0,0,7,7,0,0,0,0,7,0,4,0,11,15,0,0,14,14,29,0,61
2341804,63,3,13,3,69,88,3,5,15,23,111,0,6,0,31,37,4,6,11,21,58,8,240
2341805,122,3,8,0,51,62,5,8,14,27,89,0,4,3,6,13,0,0,9,9,22,5,238
2341806,59,0,11,7,80,98,5,7,17,29,127,0,19,6,39,64,0,5,16,21,85,4,275
2341807,34,0,0,0,18,18,0,0,4,4,22,0,3,0,7,10,0,0,4,4,14,0,70
2341808,58,4,9,0,57,70,3,7,13,23,93,0,9,4,18,31,3,3,12,18,49,3,203
2341809,50,0,9,8,46,63,6,5,7,18,81,3,4,3,31,41,4,0,18,22,63,0,194
2341810,59,4,12,7,66,89,6,10,15,31,120,0,8,7,14,29,0,0,13,13,42,5,226
2341811,63,0,6,0,45,51,0,0,9,9,60,0,5,0,23,28,0,5,7,12,40,8,171
2341812,12,0,0,0,8,8,0,0,4,4,12,0,0,0,5,5,0,0,4,4,9,3,36
2341813,0,0,0,0,0,0,0,0,0,0,0,0,0,0,0,0,0,0,0,0,0,0,0
2341901,38,0,8,6,29,43,0,4,20,24,67,0,0,0,7,7,0,0,9,9,16,0,121
2341902,36,0,7,3,36,46,0,6,15,21,67,0,0,0,5,5,0,3,6,9,14,0,117
2341903,108,3,21,6,42,72,13,10,28,51,123,0,3,0,16,19,0,3,8,11,30,3,264
2341904,82,4,16,5,43,68,3,14,25,42,110,0,0,3,8,11,0,0,9,9,20,0,212
2341906,82,4,13,0,53,70,0,3,20,23,93,0,0,0,9,9,0,4,11,15,24,0,199
2341907,57,3,7,0,35,45,0,4,21,25,70,0,0,0,11,11,4,5,6,15,26,0,153
2341908,40,4,6,4,27,41,4,4,15,23,64,0,0,0,5,5,4,0,4,8,13,3,120
2341909,11,4,0,0,7,11,3,3,3,9,20,0,4,0,0,4,0,0,0,0,4,0,35
2341910,52,0,6,5,43,54,8,10,41,59,113,0,0,0,5,5,0,0,14,14,19,0,184
2341911,56,0,0,10,24,34,4,3,9,16,50,3,0,0,5,8,0,0,7,7,15,0,121
2341912,55,7,5,0,27,39,7,0,12,19,58,0,3,4,8,15,6,6,0,12,27,0,140
2341913,16,0,6,3,21,30,0,0,8,8,38,0,3,0,13,16,0,3,8,11,27,0,81
2341914,54,0,8,9,54,71,7,3,10,20,91,0,3,3,4,10,0,0,0,0,10,0,155
2341915,54,4,9,0,95,108,0,7,17,24,132,0,0,0,12,12,0,0,5,5,17,0,203
2341916,112,0,11,3,145,159,5,11,23,39,198,0,0,3,7,10,0,0,7,7,17,6,333
2341917,83,0,0,0,0,0,0,0,0,0,0,0,0,0,0,0,0,0,0,0,0,0,83
2341918,71,5,11,0,74,90,0,7,11,18,108,0,3,0,18,21,3,3,3,9,30,4,213
2341919,107,0,22,5,112,139,8,0,21,29,168,0,3,0,19,22,0,3,9,12,34,4,313
2341920,99,0,15,4,113,132,3,3,16,22,154,0,0,5,26,31,0,0,16,16,47,7,307
2341921,60,5,5,5,55,70,0,3,12,15,85,0,4,5,21,30,0,8,9,17,47,0,192
2341922,46,0,3,4,41,48,0,0,5,5,53,4,0,0,7,11,0,0,3,3,14,0,113
2341923,0,0,0,0,0,0,0,0,0,0,0,0,0,0,0,0,0,0,0,0,0,0,0
2342001,71,0,13,4,64,81,7,9,23,39,120,0,0,0,8,8,0,0,11,11,19,5,215
2342002,26,0,6,6,14,26,0,3,10,13,39,0,0,0,8,8,0,0,9,9,17,0,82
2342003,101,7,8,6,73,94,9,12,20,41,135,0,0,0,20,20,3,3,5,11,31,6,273
2342004,74,4,9,0,27,40,4,12,22,38,78,0,0,0,7,7,0,3,8,11,18,5,175
2342005,47,4,11,0,43,58,3,3,18,24,82,0,3,0,3,6,0,0,4,4,10,3,142
2342006,71,0,7,8,40,55,0,8,20,28,83,0,4,0,0,4,0,0,7,7,11,0,165
2342007,57,3,3,3,34,43,7,3,7,17,60,0,3,0,7,10,0,6,0,6,16,3,136
2342008,87,0,8,5,60,73,6,4,24,34,107,0,3,0,24,27,3,0,18,21,48,0,242
2342101,49,0,17,6,83,106,11,7,11,29,135,0,8,0,25,33,0,0,14,14,47,0,231
2342102,19,0,0,0,7,7,0,0,8,8,15,0,0,0,0,0,0,0,0,0,0,0,34
2342103,39,6,9,5,46,66,0,0,18,18,84,0,0,5,25,30,0,5,9,14,44,4,171
2342104,41,0,5,7,41,53,6,7,13,26,79,0,0,7,20,27,0,5,14,19,46,4,170
2342105,48,4,11,9,44,68,3,3,17,23,91,0,0,5,22,27,0,6,12,18,45,0,184
2342106,65,4,10,6,64,84,14,8,24,46,130,0,0,10,26,36,0,0,25,25,61,3,259
2342107,37,0,11,3,21,35,6,9,10,25,60,0,4,0,8,12,5,4,4,13,25,4,126
2342108,72,0,20,4,84,108,11,15,20,46,154,0,0,6,21,27,3,6,16,25,52,0,278
2342109,35,0,0,0,25,25,6,0,18,24,49,3,3,3,21,30,0,0,8,8,38,0,122
2342110,67,0,20,7,100,127,7,8,9,24,151,0,6,4,3,13,0,3,5,8,21,0,239
2342111,82,6,17,6,118,147,10,10,28,48,195,0,5,3,4,12,3,0,5,8,20,6,303
2342112,24,0,13,6,54,73,0,4,10,14,87,0,4,0,8,12,3,0,7,10,22,0,133
2342113,46,0,13,8,59,80,4,6,12,22,102,0,0,0,15,15,0,0,3,3,18,3,169
2342114,0,0,0,0,0,0,0,0,0,0,0,0,0,0,0,0,0,0,0,0,0,0,0
2342115,41,0,8,0,52,60,3,3,13,19,79,0,0,4,9,13,3,3,3,9,22,0,142
2342116,33,0,9,0,50,59,3,6,13,22,81,0,0,0,6,6,0,0,5,5,11,0,125
2342117,58,0,14,5,96,115,5,6,10,21,136,0,3,0,13,16,5,0,9,14,30,0,224
2342118,32,4,6,0,35,45,0,4,6,10,55,0,0,0,9,9,0,0,0,0,9,0,96
2342119,38,0,11,4,40,55,0,6,6,12,67,0,0,0,0,0,0,0,0,0,0,0,105
2342120,48,0,10,0,36,46,0,4,6,10,56,0,0,0,9,9,0,4,0,4,13,4,121
2342121,19,0,3,0,11,14,0,0,5,5,19,0,0,0,0,0,0,0,0,0,0,0,38
2342122,9,6,0,0,0,6,0,0,0,0,6,0,0,0,0,0,0,0,0,0,0,0,15
2342123,84,9,19,5,106,139,9,8,24,41,180,0,4,0,26,30,5,0,10,15,45,5,314
2342201,87,0,16,5,72,93,11,8,34,53,146,0,0,0,20,20,0,4,13,17,37,5,275
2342202,57,4,13,6,51,74,4,6,29,39,113,0,0,7,16,23,0,9,16,25,48,5,223
2342203,38,0,7,4,32,43,0,9,19,28,71,0,7,0,11,18,0,5,16,21,39,7,155
2342204,51,0,16,0,54,70,3,3,28,34,104,4,6,4,16,30,0,4,15,19,49,6,210
2342205,42,0,7,5,45,57,3,4,21,28,85,3,3,0,5,11,0,5,14,19,30,4,161
2342206,55,4,6,4,23,37,5,0,11,16,53,4,0,3,21,28,0,4,24,28,56,3,167
2342207,51,4,4,4,24,36,4,4,16,24,60,0,6,0,32,38,0,8,21,29,67,0,178
2342208,40,4,5,0,12,21,0,4,9,13,34,4,0,0,24,28,0,0,8,8,36,0,110
2342209,19,0,4,4,13,21,0,0,10,10,31,3,0,3,15,21,0,4,11,15,36,3,89
2342210,33,0,3,0,27,30,3,3,15,21,51,0,3,6,10,19,0,3,14,17,36,0,120
2342301,29,0,8,3,44,55,6,6,20,32,87,0,3,4,13,20,4,4,10,18,38,0,154
2342302,61,0,12,4,36,52,7,4,24,35,87,0,3,3,24,30,0,3,20,23,53,7,208
2342303,62,3,4,8,39,54,11,14,24,49,103,0,8,7,20,35,0,0,21,21,56,0,221
2342304,43,0,4,0,27,31,6,5,17,28,59,0,6,0,13,19,4,5,12,21,40,0,142
2342305,50,0,0,4,39,43,6,3,24,33,76,0,6,0,18,24,3,6,14,23,47,4,177
2342306,47,5,4,0,31,40,4,5,23,32,72,4,3,0,11,18,0,0,10,10,28,0,147
2342307,67,0,22,11,94,127,11,0,13,24,151,3,7,0,35,45,6,6,15,27,72,3,293
2342308,47,0,9,6,56,71,4,7,7,18,89,0,3,5,34,42,0,0,19,19,61,3,200
2342309,41,0,13,0,55,68,0,5,4,9,77,0,3,3,20,26,4,0,6,10,36,0,154
2342310,37,0,4,5,31,40,4,0,16,20,60,0,0,4,21,25,4,3,6,13,38,3,138
2342311,52,0,8,3,34,45,4,4,19,27,72,0,5,6,36,47,0,9,16,25,72,3,199
2342312,40,0,6,6,50,62,3,3,9,15,77,0,0,6,20,26,3,3,3,9,35,0,152
2342313,42,4,11,9,50,74,3,6,18,27,101,0,7,3,21,31,0,4,15,19,50,3,196
2342314,22,3,7,0,16,26,0,0,13,13,39,0,4,0,14,18,0,0,5,5,23,0,84
2342315,47,5,7,6,59,77,0,5,12,17,94,0,6,0,20,26,4,4,4,12,38,7,186
2342316,26,0,8,3,42,53,3,3,6,12,65,4,0,0,10,14,0,0,3,3,17,5,113
2342317,40,0,7,5,54,66,0,0,10,10,76,0,5,0,9,14,0,7,0,7,21,5,142
2342318,61,4,3,7,99,113,3,5,6,14,127,0,3,3,22,28,0,5,9,14,42,5,235
2342319,48,3,7,8,81,99,3,3,5,11,110,0,3,10,23,36,0,3,8,11,47,3,208
2342401,57,9,28,0,86,123,4,15,29,48,171,0,0,0,7,7,0,3,4,7,14,0,242
2342402,19,0,3,0,27,30,3,0,9,12,42,0,0,0,15,15,3,0,9,12,27,3,91
2342403,33,0,3,3,35,41,3,0,4,7,48,0,6,0,11,17,3,0,6,9,26,3,110
2342404,50,0,7,4,40,51,0,9,13,22,73,0,0,0,9,9,3,3,6,12,21,4,148
2342405,67,6,22,4,94,126,10,6,17,33,159,0,4,0,9,13,0,3,4,7,20,3,249
2342406,68,0,21,5,112,138,0,5,17,22,160,0,3,4,33,40,0,11,10,21,61,10,299
2342407,43,0,11,0,33,44,4,0,18,22,66,0,4,4,8,16,3,5,4,12,28,0,137
2342408,28,3,6,3,35,47,5,4,16,25,72,0,4,3,8,15,0,0,6,6,21,0,121
2342409,68,0,10,8,70,88,4,4,9,17,105,0,6,0,17,23,0,3,5,8,31,3,207
2342410,40,3,5,0,59,67,3,7,18,28,95,0,10,0,12,22,0,0,4,4,26,9,170
2342411,66,0,11,5,88,104,4,5,21,30,134,0,0,0,23,23,5,0,15,20,43,5,248
2342412,50,0,8,0,67,75,7,11,4,22,97,0,3,0,8,11,0,5,0,5,16,0,163
2342413,47,0,17,7,94,118,4,7,14,25,143,0,3,3,5,11,0,0,0,0,11,4,205
2342414,78,0,20,3,114,137,12,17,33,62,199,0,0,0,16,16,0,4,7,11,27,5,309
2342415,59,3,19,5,114,141,4,16,15,35,176,0,4,0,5,9,3,0,4,7,16,0,251
2342416,54,0,15,3,69,87,7,7,15,29,116,0,0,3,17,20,0,0,0,0,20,3,193
2342417,58,0,11,0,96,107,7,19,20,46,153,0,4,0,10,14,0,3,3,6,20,4,235
2342418,79,0,6,3,89,98,3,5,13,21,119,0,4,4,12,20,5,5,5,15,35,0,233
2342419,82,5,8,6,82,101,0,6,11,17,118,3,5,3,16,27,0,0,14,14,41,3,244
2342420,33,4,9,6,103,122,0,7,13,20,142,0,0,0,19,19,0,3,3,6,25,0,200
2342421,54,3,15,3,139,160,4,8,14,26,186,0,0,0,21,21,3,3,3,9,30,4,274
2342422,66,7,24,14,141,186,13,14,17,44,230,0,3,0,4,7,3,3,5,11,18,0,314
2342423,67,3,8,9,115,135,4,9,10,23,158,0,0,0,14,14,0,4,5,9,23,0,248
2342424,21,0,4,6,30,40,3,0,3,6,46,0,0,0,7,7,0,3,3,6,13,3,83
2342425,27,4,5,0,42,51,3,0,3,6,57,0,3,3,8,14,0,0,5,5,19,0,103
2342426,60,0,12,3,78,93,5,5,7,17,110,0,3,0,3,6,0,0,4,4,10,4,184
2342427,40,3,13,4,84,104,0,7,7,14,118,0,3,0,3,6,0,5,0,5,11,0,169
2342428,26,4,5,4,45,58,0,5,10,15,73,0,0,0,0,0,0,4,0,4,4,0,103
2342429,57,0,9,0,58,67,0,3,11,14,81,0,0,3,6,9,0,0,5,5,14,3,155
2342430,75,6,9,0,113,128,5,4,14,23,151,0,3,0,18,21,0,6,5,11,32,3,261
2342431,32,3,8,0,63,74,0,0,7,7,81,0,4,0,5,9,0,5,5,10,19,0,132
2342432,26,0,0,4,34,38,3,4,4,11,49,0,3,0,5,8,0,0,6,6,14,0,89
2342501,52,6,9,0,85,100,0,5,9,14,114,0,0,0,20,20,5,6,10,21,41,0,207
2342502,58,0,8,5,97,110,7,7,16,30,140,0,3,0,21,24,0,5,4,9,33,0,231
2342503,41,0,11,0,50,61,0,4,7,11,72,0,0,0,16,16,0,8,5,13,29,0,142
2342504,53,0,3,0,48,51,0,4,15,19,70,0,3,0,16,19,0,0,11,11,30,4,157
2342505,44,0,0,0,30,30,0,0,12,12,42,0,0,0,15,15,0,3,5,8,23,5,114
2342506,50,0,20,0,68,88,5,6,17,28,116,3,4,0,15,22,3,0,6,9,31,4,201
2342507,53,5,10,3,66,84,4,7,9,20,104,0,6,0,12,18,0,9,9,18,36,6,199
2342508,54,4,3,4,57,68,3,4,6,13,81,0,8,3,28,39,3,4,16,23,62,0,197
2342509,55,0,11,0,33,44,0,9,11,20,64,0,3,0,21,24,0,6,8,14,38,0,157
2342510,55,3,3,3,20,29,4,0,23,27,56,0,4,0,11,15,3,3,13,19,34,3,148
2342511,85,5,13,11,90,119,6,13,22,41,160,0,5,3,18,26,0,3,15,18,44,3,292
2342512,66,3,26,13,132,174,11,13,26,50,224,0,11,0,15,26,0,0,11,11,37,4,331
2342513,47,4,15,4,64,87,6,8,23,37,124,0,3,0,4,7,3,0,3,6,13,0,184
2342514,30,5,8,0,74,87,0,3,9,12,99,0,0,0,13,13,0,0,6,6,19,0,148
2342515,71,0,11,3,85,99,0,6,9,15,114,0,4,7,28,39,0,4,11,15,54,6,245
2342516,59,0,6,5,65,76,5,4,15,24,100,0,0,0,7,7,3,0,3,6,13,0,172
2342517,26,4,14,5,56,79,3,0,10,13,92,0,0,0,3,3,3,3,3,9,12,4,134
2342518,28,0,6,0,36,42,4,3,0,7,49,0,3,0,3,6,0,0,6,6,12,0,89
2342519,36,0,7,4,47,58,7,3,8,18,76,0,4,0,18,22,0,4,3,7,29,0,141
2342601,96,5,11,7,78,101,3,0,7,10,111,0,4,3,30,37,0,0,6,6,43,3,253
2342602,48,3,16,7,53,79,4,6,17,27,106,0,0,4,25,29,0,0,19,19,48,3,205
2342603,73,0,6,4,59,69,0,6,12,18,87,4,0,0,27,31,4,0,13,17,48,0,208
2342604,42,3,10,4,29,46,8,3,18,29,75,0,0,0,3,3,3,0,0,3,6,3,126
2342605,43,0,5,3,28,36,3,4,16,23,59,0,0,3,5,8,0,0,0,0,8,6,116
2342606,42,0,16,0,46,62,13,0,16,29,91,0,3,0,7,10,0,0,7,7,17,4,154
2342607,43,4,9,0,35,48,3,3,15,21,69,0,0,0,3,3,0,0,5,5,8,0,120
2342608,23,5,6,0,24,35,7,0,3,10,45,0,0,0,4,4,0,0,8,8,12,0,80
2342609,44,4,7,0,19,30,5,0,8,13,43,3,3,0,3,9,0,0,5,5,14,0,101
2342610,22,5,0,0,17,22,0,0,12,12,34,0,0,0,5,5,0,0,4,4,9,0,65
2342611,60,4,0,6,45,55,0,5,11,16,71,0,4,5,22,31,0,0,7,7,38,8,177
2342612,75,4,15,0,97,116,0,6,19,25,141,0,3,0,9,12,0,0,4,4,16,0,232
2342613,27,0,7,0,37,44,3,4,5,12,56,0,0,3,6,9,0,0,4,4,13,0,96
2342614,23,0,6,0,50,56,3,0,3,6,62,0,0,0,4,4,0,0,4,4,8,0,93
2342615,19,0,4,3,32,39,6,3,8,17,56,0,0,0,0,0,0,0,0,0,0,0,75
2342616,97,0,14,4,83,101,4,5,14,23,124,0,10,8,27,45,4,5,10,19,64,4,289
2350101,40,6,6,0,33,45,8,13,9,30,75,0,0,0,6,6,0,4,5,9,15,0,130
2350102,80,3,11,0,38,52,6,14,20,40,92,0,0,0,7,7,0,4,0,4,11,0,183
2350103,31,0,6,0,35,41,10,10,5,25,66,0,0,0,0,0,0,0,10,10,10,6,113
2350104,42,0,9,0,28,37,4,11,15,30,67,0,0,0,0,0,0,0,7,7,7,3,119
2350105,69,0,9,0,51,60,6,10,20,36,96,0,0,0,4,4,6,0,0,6,10,5,180
2350106,49,0,11,0,31,42,0,15,10,25,67,0,0,0,5,5,0,0,5,5,10,0,126
2350107,28,0,10,0,18,28,4,7,9,20,48,0,0,0,0,0,0,5,6,11,11,4,91
2350108,47,0,8,4,25,37,6,6,6,18,55,0,0,0,6,6,0,3,4,7,13,6,121
2350109,56,0,8,0,24,32,0,13,15,28,60,0,0,0,4,4,3,6,0,9,13,3,132
2350110,46,0,0,0,37,37,4,0,0,4,41,0,0,0,8,8,0,5,0,5,13,4,104
2350201,58,3,3,3,17,26,3,4,11,18,44,0,4,0,6,10,0,0,6,6,16,0,118
2350202,37,0,3,0,18,21,3,0,3,6,27,0,3,0,3,6,0,0,0,0,6,3,73
2350203,41,5,4,0,47,56,0,17,10,27,83,0,3,0,3,6,3,3,9,15,21,3,148
2350204,29,4,6,0,18,28,0,0,0,0,28,0,0,0,5,5,0,0,3,3,8,5,70
2350205,43,0,0,0,37,37,4,6,4,14,51,0,0,0,8,8,0,4,5,9,17,6,117
2350206,37,0,6,0,27,33,0,4,3,7,40,0,0,0,3,3,0,8,0,8,11,8,96
2350207,40,0,6,0,26,32,0,0,8,8,40,0,0,7,0,7,3,5,4,12,19,4,103
2350208,26,0,4,0,14,18,0,0,0,0,18,0,0,0,4,4,0,3,7,10,14,6,64
2350209,71,0,6,3,33,42,6,0,3,9,51,0,4,0,8,12,3,6,6,15,27,12,161
2350210,60,0,12,0,59,71,7,17,10,34,105,0,6,0,10,16,0,0,10,10,26,0,191
2350211,13,0,5,0,14,19,0,0,3,3,22,0,0,0,5,5,0,0,4,4,9,0,44
2350212,38,3,4,3,32,42,0,4,3,7,49,0,0,0,3,3,0,3,5,8,11,5,103
2350213,43,5,0,0,15,20,0,10,9,19,39,0,0,4,3,7,0,4,3,7,14,8,104
2350301,24,0,8,0,16,24,6,5,0,11,35,0,0,4,0,4,0,0,3,3,7,0,66
2350302,54,0,12,0,52,64,6,11,15,32,96,0,3,0,6,9,3,3,6,12,21,4,175
2350303,68,0,9,6,51,66,3,11,12,26,92,0,0,0,7,7,0,0,9,9,16,7,183
2350304,27,0,13,0,27,40,0,11,6,17,57,0,0,0,0,0,0,4,0,4,4,0,88
2350305,58,0,3,0,64,67,6,9,8,23,90,4,0,0,5,9,5,6,13,24,33,3,184
2350306,36,0,5,0,23,28,0,0,4,4,32,0,4,0,6,10,3,4,4,11,21,0,89
2350307,58,3,12,0,73,88,7,16,14,37,125,0,6,0,4,10,0,0,11,11,21,0,204
2350308,41,0,13,0,70,83,5,10,18,33,116,0,5,0,7,12,0,0,8,8,20,3,180
2350309,63,0,10,0,80,90,3,16,15,34,124,0,5,0,14,19,0,5,8,13,32,0,219
2350310,27,0,3,0,20,23,0,0,0,0,23,0,0,0,3,3,0,4,0,4,7,6,63
2350311,27,0,0,0,18,18,0,3,5,8,26,0,0,0,5,5,0,0,4,4,9,0,62
2350312,41,0,6,0,33,39,0,10,13,23,62,0,0,0,4,4,0,3,15,18,22,4,129
2350401,50,0,14,9,43,66,3,17,14,34,100,0,3,0,4,7,0,6,13,19,26,4,180
2350402,52,0,22,0,63,85,6,15,15,36,121,0,0,0,9,9,0,0,11,11,20,4,197
2350403,56,0,14,5,56,75,9,19,11,39,114,0,3,0,5,8,5,0,0,5,13,3,186
2350404,61,7,16,0,36,59,6,14,15,35,94,0,5,0,5,10,6,6,9,21,31,6,192
2350405,46,0,17,0,25,42,8,19,14,41,83,0,0,0,0,0,4,6,3,13,13,7,149
2350406,69,0,7,3,31,41,4,14,13,31,72,4,6,0,5,15,3,9,8,20,35,3,179
2350407,41,0,13,0,23,36,8,12,11,31,67,0,0,0,0,0,0,3,6,9,9,6,123
2350408,58,0,8,3,25,36,11,12,9,32,68,0,0,0,7,7,0,4,3,7,14,6,146
2350409,82,8,12,0,56,76,14,28,25,67,143,0,4,0,3,7,0,6,17,23,30,3,258
2350501,64,0,10,0,30,40,3,4,10,17,57,0,0,0,4,4,0,8,7,15,19,10,150
2350502,46,0,10,4,43,57,9,14,8,31,88,0,4,0,3,7,3,3,3,9,16,4,154
2350503,57,0,9,3,40,52,3,19,16,38,90,0,0,0,8,8,0,6,7,13,21,4,172
2350504,39,0,10,0,29,39,0,12,8,20,59,0,4,0,4,8,0,0,18,18,26,8,132
2350505,45,0,3,0,31,34,7,8,7,22,56,0,5,0,6,11,0,0,11,11,22,7,130
2350506,70,0,4,0,51,55,5,15,15,35,90,0,0,6,11,17,3,14,7,24,41,3,204
2350507,16,0,3,0,18,21,0,3,3,6,27,0,0,0,0,0,0,0,0,0,0,4,47
2350508,24,0,5,0,26,31,3,7,7,17,48,0,4,0,3,7,0,6,0,6,13,0,85
2350509,46,0,8,3,30,41,4,9,10,23,64,0,0,0,0,0,0,0,5,5,5,0,115
2350601,58,0,6,0,18,24,0,4,12,16,40,0,4,0,7,11,0,6,0,6,17,10,125
2350602,48,0,0,0,16,16,0,0,9,9,25,0,0,0,6,6,0,0,4,4,10,10,93
2350603,79,0,6,0,44,50,3,7,7,17,67,0,0,0,4,4,3,3,10,16,20,3,169
2350604,21,0,13,0,26,39,5,7,6,18,57,0,0,0,4,4,0,0,5,5,9,0,87
2350605,43,3,3,0,22,28,6,7,11,24,52,0,0,0,0,0,0,7,0,7,7,0,102
2350606,20,0,9,0,10,19,5,5,4,14,33,0,0,0,0,0,3,3,0,6,6,3,62
2350607,28,0,3,4,21,28,5,9,7,21,49,0,0,0,5,5,0,3,4,7,12,0,89
2350608,62,0,6,0,51,57,0,10,15,25,82,0,0,0,4,4,0,0,11,11,15,8,167
2350609,69,0,4,0,35,39,0,13,11,24,63,0,0,0,6,6,0,6,5,11,17,13,162
2350610,59,0,0,0,27,27,3,5,4,12,39,0,0,0,0,0,0,5,4,9,9,6,113
2350611,23,0,3,0,18,21,3,3,0,6,27,0,0,0,6,6,0,3,3,6,12,0,62
2350612,32,0,0,0,17,17,3,3,0,6,23,0,0,0,0,0,0,0,0,0,0,9,64
2350701,36,3,8,0,13,24,8,4,16,28,52,0,0,0,0,0,0,0,5,5,5,8,101
2350702,92,0,5,0,36,41,3,3,5,11,52,0,0,0,5,5,0,9,0,9,14,15,173
2350703,33,0,0,0,11,11,0,0,0,0,11,0,0,0,3,3,0,3,0,3,6,4,54
2350704,41,0,3,3,5,11,0,4,0,4,15,0,0,0,6,6,0,3,5,8,14,8,78
2350705,72,0,7,0,27,34,5,4,6,15,49,0,0,0,7,7,0,0,0,0,7,14,142
2350706,59,0,8,0,30,38,0,5,7,12,50,0,4,0,0,4,0,0,13,13,17,5,131
2350707,28,0,0,0,9,9,6,0,0,6,15,0,0,0,4,4,0,0,5,5,9,0,52
2350708,21,0,0,0,11,11,0,3,0,3,14,0,0,0,0,0,0,0,3,3,3,3,41
2350709,25,0,5,0,7,12,3,3,3,9,21,0,0,0,0,0,0,0,0,0,0,5,51
2350710,39,0,0,0,7,7,0,4,4,8,15,0,0,0,0,0,0,0,4,4,4,0,58
2350711,13,0,0,3,7,10,0,5,0,5,15,0,0,0,0,0,0,0,0,0,0,6,34
2350712,38,0,0,0,17,17,6,0,4,10,27,0,0,0,3,3,3,0,7,10,13,12,90
2350801,44,0,6,3,28,37,0,6,7,13,50,0,3,0,3,6,0,5,3,8,14,3,111
2350802,63,0,0,3,34,37,0,6,9,15,52,0,4,3,0,7,5,0,5,10,17,11,143
2350803,63,0,5,0,23,28,6,4,4,14,42,0,0,0,6,6,0,4,5,9,15,9,129
2350804,55,0,0,0,23,23,0,3,7,10,33,0,0,0,9,9,0,0,0,0,9,18,115
2350805,25,0,0,0,3,3,0,0,0,0,3,0,0,0,3,3,0,0,3,3,6,8,42
2350806,17,0,4,0,17,21,0,0,8,8,29,0,0,0,3,3,0,3,0,3,6,4,56
2350807,23,3,4,0,33,40,6,14,3,23,63,0,0,0,0,0,0,6,0,6,6,4,96
2350808,33,0,4,0,22,26,0,5,0,5,31,0,0,0,0,0,0,0,5,5,5,4,73
2350809,39,0,0,0,35,35,0,7,3,10,45,0,0,0,5,5,0,3,4,7,12,9,105
2350812,63,0,0,0,18,18,0,6,0,6,24,0,0,0,0,0,0,5,5,10,10,10,107
2350901,46,3,15,0,36,54,5,5,16,26,80,0,0,0,5,5,0,3,10,13,18,0,144
2350902,38,0,14,0,39,53,3,10,9,22,75,0,0,0,5,5,3,8,0,11,16,3,132
2350903,51,0,4,0,35,39,0,10,6,16,55,0,0,0,7,7,3,7,7,17,24,0,130
2350904,70,0,0,0,30,30,3,6,9,18,48,0,0,0,13,13,0,3,5,8,21,8,147
2350905,30,0,0,0,6,6,0,0,0,0,6,0,0,0,0,0,0,0,3,3,3,5,44
2350906,30,0,0,0,33,33,3,3,10,16,49,0,0,0,0,0,3,0,3,6,6,4,89
2350907,70,4,4,0,39,47,3,7,11,21,68,0,0,0,7,7,0,9,6,15,22,11,171
2350908,55,3,3,0,16,22,3,5,0,8,30,0,0,0,6,6,4,5,3,12,18,15,118
2351001,43,0,0,0,30,30,0,0,9,9,39,0,0,0,5,5,0,6,3,9,14,0,96
2351002,36,0,3,0,11,14,3,0,0,3,17,0,3,0,3,6,0,3,6,9,15,3,71
2351003,90,0,3,0,49,52,0,5,9,14,66,0,4,0,5,9,0,5,14,19,28,7,191
2351004,22,0,0,0,12,12,3,0,3,6,18,0,0,0,4,4,0,3,3,6,10,7,57
2351005,51,0,9,0,40,49,0,14,7,21,70,0,5,0,4,9,4,3,7,14,23,7,151
2351006,37,0,3,0,22,25,10,4,0,14,39,0,0,4,3,7,0,6,3,9,16,9,101
2351007,61,0,6,0,27,33,0,0,6,6,39,0,0,0,9,9,0,0,8,8,17,8,125
2351008,51,0,6,0,40,46,4,8,10,22,68,0,0,0,4,4,0,4,3,7,11,0,130
2351009,60,0,0,0,21,21,3,3,0,6,27,0,0,0,5,5,0,0,3,3,8,8,103
2351010,54,0,4,0,23,27,0,0,0,0,27,0,0,0,6,6,0,0,7,7,13,10,104
2351101,77,0,9,4,31,44,5,9,7,21,65,0,6,0,0,6,0,8,0,8,14,7,163
2351102,42,0,5,0,22,27,4,11,9,24,51,0,0,0,0,0,4,0,3,7,7,5,105
2351103,20,0,16,0,24,40,8,9,6,23,63,0,0,0,3,3,0,3,0,3,6,3,92
2351104,32,0,3,0,9,12,0,3,9,12,24,0,0,0,0,0,0,0,0,0,0,10,66
2351105,13,0,15,0,11,26,3,7,0,10,36,0,0,0,4,4,0,4,0,4,8,0,57
2351106,51,0,11,0,45,56,8,7,18,33,89,0,3,0,10,13,0,6,9,15,28,4,172
2351107,58,0,6,0,33,39,0,11,9,20,59,0,0,0,7,7,4,4,14,22,29,11,157
2351108,49,0,3,0,43,46,3,3,9,15,61,0,0,0,0,0,0,0,6,6,6,5,121
2351109,14,0,4,0,10,14,3,0,4,7,21,0,0,0,7,7,0,0,3,3,10,0,45
2351110,29,0,0,0,10,10,4,6,0,10,20,0,0,0,3,3,0,0,0,0,3,10,62
2351201,40,0,6,0,42,48,3,7,10,20,68,0,0,0,5,5,5,3,8,16,21,3,132
2351202,69,0,0,0,29,29,4,4,10,18,47,0,0,0,6,6,0,4,6,10,16,7,139
2351203,57,0,21,0,38,59,7,15,20,42,101,0,0,5,3,8,3,0,14,17,25,5,188
2351204,40,7,0,0,39,46,0,16,8,24,70,0,0,0,5,5,0,3,3,6,11,5,126
2351205,45,0,11,4,42,57,0,13,12,25,82,0,3,0,3,6,0,4,4,8,14,0,141
2351206,64,0,18,3,30,51,9,14,13,36,87,0,0,0,8,8,4,5,11,20,28,3,182
2351207,47,0,4,3,52,59,6,8,9,23,82,0,6,0,0,6,4,0,8,12,18,3,150
2351208,24,0,15,0,28,43,4,10,5,19,62,0,0,0,6,6,0,0,0,0,6,4,96
2351209,24,0,0,0,18,18,0,3,8,11,29,0,0,0,0,0,0,6,5,11,11,4,68
2351301,56,3,17,0,58,78,3,13,17,33,111,0,0,0,3,3,0,4,8,12,15,0,182
2351302,24,0,7,0,32,39,0,7,11,18,57,0,0,0,5,5,0,0,0,0,5,0,86
2351303,21,0,0,0,21,21,0,3,6,9,30,0,3,0,3,6,3,4,5,12,18,0,69
2351304,62,0,3,0,54,57,0,5,15,20,77,3,0,0,22,25,5,4,19,28,53,3,195
2351305,29,0,3,0,34,37,3,3,4,10,47,0,3,0,7,10,0,6,12,18,28,3,107
2351306,39,0,5,0,22,27,6,5,4,15,42,0,3,0,8,11,0,0,4,4,15,5,101
2351307,57,0,9,5,46,60,5,15,18,38,98,3,3,3,8,17,4,0,12,16,33,4,192
2351308,52,0,13,3,66,82,7,13,10,30,112,0,3,0,4,7,4,0,10,14,21,3,188
2351309,38,0,4,3,40,47,6,7,5,18,65,0,0,0,3,3,0,0,3,3,6,0,109
2351310,42,3,16,3,47,69,4,19,14,37,106,0,0,0,4,4,0,0,12,12,16,0,164
2351311,28,0,5,0,15,20,0,0,5,5,25,0,0,0,12,12,0,0,10,10,22,5,80
2351312,46,3,10,0,31,44,5,4,9,18,62,3,3,0,18,24,3,6,11,20,44,8,160
2351401,38,3,9,3,27,42,10,0,13,23,65,0,0,0,5,5,0,0,10,10,15,0,118
2351402,52,0,7,3,39,49,4,6,7,17,66,0,0,0,11,11,0,4,9,13,24,0,142
2351403,43,0,12,0,65,77,5,11,3,19,96,0,0,0,10,10,0,0,5,5,15,3,157
2351404,24,4,8,0,26,38,0,0,11,11,49,0,0,0,0,0,0,0,7,7,7,0,80
2351405,40,0,10,3,65,78,0,13,9,22,100,0,0,0,6,6,0,0,7,7,13,0,153
2351406,49,0,4,0,40,44,3,5,15,23,67,0,6,0,0,6,3,0,5,8,14,0,130
2351407,42,0,5,0,47,52,0,6,14,20,72,0,0,0,5,5,0,4,8,12,17,5,136
2351408,39,0,9,0,46,55,10,17,11,38,93,0,0,0,9,9,0,0,5,5,14,0,146
2351409,16,3,3,0,20,26,0,5,6,11,37,0,0,0,5,5,0,0,0,0,5,0,58
2351410,28,0,11,0,22,33,5,5,15,25,58,0,0,0,6,6,0,0,4,4,10,0,96
2351411,23,0,6,0,20,26,0,0,13,13,39,0,0,0,4,4,0,5,0,5,9,0,71
2351412,28,0,6,0,46,52,0,9,9,18,70,0,0,0,8,8,3,0,3,6,14,4,116
2351501,48,4,20,0,46,70,11,14,7,32,102,0,3,0,3,6,0,4,6,10,16,3,169
2351502,26,0,7,0,43,50,11,10,5,26,76,4,6,0,4,14,0,0,0,0,14,0,116
2351503,68,0,11,0,64,75,4,11,15,30,105,0,3,0,8,11,3,5,8,16,27,3,203
2351504,40,0,13,0,46,59,3,5,13,21,80,0,8,0,0,8,0,0,10,10,18,4,142
2351505,61,0,14,0,56,70,9,16,18,43,113,3,0,0,3,6,4,0,8,12,18,8,200
2351506,25,0,3,0,26,29,3,11,8,22,51,0,0,0,0,0,0,3,3,6,6,0,82
2351507,38,0,6,0,31,37,6,7,10,23,60,0,0,0,6,6,0,3,6,9,15,0,113
2351508,54,3,13,0,59,75,3,15,11,29,104,0,3,0,4,7,3,4,8,15,22,5,185
2351509,41,0,8,0,42,50,0,5,11,16,66,5,0,0,4,9,3,0,8,11,20,0,127
2351510,15,0,0,0,12,12,0,5,4,9,21,0,0,0,0,0,0,0,7,7,7,0,43
2351601,33,6,4,0,44,54,4,11,16,31,85,0,0,0,3,3,0,3,5,8,11,3,132
2351602,50,0,6,0,45,51,9,5,19,33,84,0,0,0,5,5,0,6,10,16,21,6,161
2351603,29,3,11,4,37,55,7,9,13,29,84,0,0,0,0,0,0,4,4,8,8,6,127
2351604,52,0,7,3,39,49,8,12,17,37,86,0,0,0,0,0,7,0,6,13,13,0,151
2351605,59,3,18,0,57,78,8,15,31,54,132,0,4,0,8,12,3,7,9,19,31,5,227
2351606,38,3,10,3,36,52,3,3,22,28,80,0,0,0,0,0,0,5,7,12,12,3,133
2351607,46,0,10,4,47,61,10,10,14,34,95,0,0,0,0,0,0,3,7,10,10,3,154
2351608,34,0,6,3,31,40,10,6,7,23,63,0,4,0,4,8,0,0,5,5,13,0,110
2351609,39,0,13,4,54,71,12,13,19,44,115,0,3,0,3,6,0,4,0,4,10,0,164
2351701,47,0,14,0,37,51,0,12,23,35,86,0,0,0,4,4,0,0,7,7,11,5,149
2351702,78,3,19,0,71,93,18,12,28,58,151,0,0,0,13,13,0,4,10,14,27,0,256
2351703,66,0,17,0,46,63,13,17,10,40,103,0,4,0,5,9,3,4,7,14,23,0,192
2351704,54,3,16,0,47,66,6,13,12,31,97,0,0,0,11,11,0,5,16,21,32,0,183
2351705,63,0,4,3,29,36,8,5,16,29,65,0,0,0,3,3,0,5,10,15,18,0,146
2351706,79,0,25,0,46,71,16,25,17,58,129,0,6,0,8,14,6,0,11,17,31,7,246
2351707,54,0,11,3,48,62,9,20,17,46,108,0,0,0,0,0,0,8,14,22,22,0,184
2351708,46,5,15,3,35,58,10,6,12,28,86,0,3,0,7,10,0,3,3,6,16,4,152
2351709,61,4,12,0,42,58,7,12,12,31,89,0,0,0,5,5,0,3,11,14,19,3,172
2351710,59,0,13,0,20,33,4,11,17,32,65,5,0,0,8,13,0,7,7,14,27,5,156
2351711,34,0,8,0,26,34,0,8,13,21,55,0,0,0,0,0,5,3,3,11,11,0,100
2351801,30,4,5,0,25,34,3,13,16,32,66,0,0,0,3,3,0,0,7,7,10,0,106
2351802,72,0,16,3,51,70,12,20,11,43,113,0,0,0,8,8,0,7,7,14,22,0,207
2351803,48,5,5,0,39,49,8,13,4,25,74,5,0,0,5,10,0,6,10,16,26,4,152
2351804,69,4,6,3,80,93,12,6,21,39,132,0,3,0,8,11,6,7,16,29,40,3,244
2351805,63,4,13,0,61,78,6,11,24,41,119,0,3,0,10,13,4,3,12,19,32,4,218
2351806,56,0,7,3,53,63,12,16,23,51,114,0,0,0,8,8,6,0,11,17,25,4,199
2351807,73,0,16,0,31,47,8,11,18,37,84,0,0,0,5,5,3,7,3,13,18,5,180
2351808,15,0,3,0,22,25,4,6,8,18,43,0,3,0,5,8,0,0,6,6,14,0,72
2351809,63,0,16,0,46,62,5,11,14,30,92,0,3,3,9,15,0,4,11,15,30,4,189
2351810,60,0,24,3,49,76,13,15,10,38,114,0,8,0,8,16,3,3,11,17,33,5,212
2351901,45,0,13,0,41,54,11,13,17,41,95,0,0,0,15,15,4,3,6,13,28,0,168
2351902,29,5,11,0,43,59,6,15,14,35,94,0,0,0,8,8,0,8,14,22,30,0,153
2351903,36,0,16,0,58,74,7,12,16,35,109,0,3,0,11,14,0,13,11,24,38,4,187
2351904,53,4,33,0,65,102,13,21,16,50,152,0,3,3,4,10,0,4,8,12,22,7,234
2351905,56,0,36,4,72,112,5,28,28,61,173,0,4,4,14,22,4,9,7,20,42,0,271
2351906,34,0,11,4,40,55,4,22,13,39,94,0,3,0,7,10,0,7,7,14,24,4,156
2351907,36,4,16,0,43,63,4,7,17,28,91,0,3,3,7,13,0,4,12,16,29,0,156
2351908,80,0,8,0,40,48,5,12,12,29,77,0,0,0,6,6,3,3,10,16,22,0,179
2351909,57,0,3,0,28,31,4,12,9,25,56,0,0,0,7,7,0,7,6,13,20,4,137
2351910,32,0,9,0,17,26,4,7,11,22,48,0,0,0,3,3,0,3,4,7,10,5,95
2352001,71,0,17,3,58,78,10,14,22,46,124,0,3,0,5,8,0,9,11,20,28,3,226
2352002,76,5,14,3,47,69,12,8,21,41,110,0,0,0,10,10,0,9,10,19,29,0,215
2352003,41,0,22,0,58,80,0,15,18,33,113,0,6,0,3,9,4,7,0,11,20,4,178
2352004,45,0,26,0,60,86,14,10,16,40,126,0,5,0,3,8,0,4,12,16,24,0,195
2352005,45,3,18,0,47,68,7,19,15,41,109,0,4,0,6,10,0,4,10,14,24,3,181
2352006,47,0,18,0,41,59,12,17,16,45,104,0,3,0,8,11,0,12,3,15,26,7,184
2352007,65,0,12,0,15,27,8,6,11,25,52,0,0,0,4,4,0,0,0,0,4,4,125
2352008,40,0,14,0,41,55,17,17,15,49,104,0,5,0,0,5,0,0,13,13,18,11,173
2352009,51,0,10,4,39,53,16,22,5,43,96,0,0,0,4,4,0,0,0,0,4,7,158
2352010,54,3,12,4,31,50,8,19,15,42,92,0,3,0,8,11,0,5,6,11,22,0,168
2352101,58,4,11,0,48,63,8,9,15,32,95,0,6,0,6,12,3,6,8,17,29,8,190
2352102,25,0,8,0,11,19,3,3,3,9,28,0,0,0,4,4,0,5,0,5,9,6,68
2352103,33,0,0,3,16,19,3,0,5,8,27,0,0,0,8,8,0,0,4,4,12,5,77
2352104,62,5,12,0,38,55,3,18,9,30,85,0,5,0,9,14,0,10,10,20,34,3,184
2352105,62,0,14,0,46,60,6,14,8,28,88,0,0,0,9,9,0,6,6,12,21,0,171
2352106,42,0,27,7,73,107,20,26,16,62,169,0,0,0,10,10,0,7,8,15,25,7,243
2352107,49,0,6,0,29,35,0,5,6,11,46,0,3,0,5,8,0,0,5,5,13,0,108
2352108,44,3,8,0,47,58,4,17,15,36,94,0,0,0,5,5,6,0,10,16,21,3,162
2352109,83,0,15,0,48,63,9,19,17,45,108,0,3,0,11,14,0,3,14,17,31,4,226
2352110,24,0,5,0,24,29,3,5,5,13,42,0,0,0,4,4,0,0,9,9,13,0,79
2352111,14,3,3,0,13,19,0,0,0,0,19,0,0,0,3,3,0,3,3,6,9,0,42
2352201,66,0,16,0,53,69,7,20,17,44,113,0,0,0,0,0,0,0,8,8,8,7,194
2352202,46,3,13,4,24,44,4,10,10,24,68,0,0,0,4,4,0,3,0,3,7,3,124
2352203,54,0,25,7,83,115,8,17,15,40,155,0,0,0,7,7,0,7,3,10,17,6,232
2352204,40,0,9,0,74,83,8,15,9,32,115,0,3,0,3,6,3,4,11,18,24,4,183
2352205,40,3,5,3,47,58,16,7,5,28,86,0,4,0,9,13,0,7,3,10,23,0,149
2352206,49,6,9,0,57,72,7,17,19,43,115,0,0,0,5,5,3,3,9,15,20,0,184
2352207,22,0,3,3,20,26,0,7,7,14,40,0,0,0,4,4,0,0,3,3,7,4,73
2352208,53,0,14,0,54,68,10,27,12,49,117,0,3,0,6,9,0,6,9,15,24,0,194
2352209,34,0,8,0,32,40,0,16,6,22,62,0,0,0,0,0,0,0,0,0,0,7,103
2352210,38,0,14,0,30,44,3,12,6,21,65,0,3,0,3,6,0,5,4,9,15,3,121
2352211,34,0,6,0,20,26,0,3,10,13,39,0,0,0,4,4,0,4,6,10,14,4,91
2352301,43,0,12,4,24,40,3,16,14,33,73,0,0,0,4,4,3,4,0,7,11,0,127
2352302,45,5,12,0,45,62,7,17,14,38,100,0,0,0,0,0,0,0,8,8,8,6,159
2352303,45,0,11,4,43,58,10,23,12,45,103,0,0,0,7,7,0,0,0,0,7,4,159
2352304,55,0,19,4,43,66,9,14,9,32,98,0,5,0,3,8,0,3,3,6,14,3,170
2352305,22,0,3,0,12,15,9,3,13,25,40,0,0,0,0,0,0,4,6,10,10,4,76
2352306,26,0,14,0,34,48,9,11,9,29,77,0,6,0,0,6,3,5,3,11,17,0,120
2352307,56,0,15,0,55,70,7,14,20,41,111,0,3,0,3,6,0,4,6,10,16,8,191
2352308,34,0,10,0,20,30,5,15,7,27,57,0,0,0,3,3,3,5,4,12,15,3,109
2352309,23,0,3,0,6,9,0,0,9,9,18,0,0,0,0,0,0,0,0,0,0,0,41
2352310,38,4,10,0,37,51,12,15,15,42,93,0,0,0,3,3,0,0,6,6,9,0,140
2352401,30,4,4,0,47,55,9,10,6,25,80,0,0,0,4,4,0,3,8,11,15,0,125
2352402,30,0,4,3,33,40,9,9,6,24,64,0,5,0,0,5,0,0,0,0,5,0,99
2352403,36,3,13,0,39,55,12,21,4,37,92,0,0,0,3,3,3,3,3,9,12,0,140
2352404,53,3,0,3,35,41,0,9,13,22,63,0,0,0,10,10,0,0,9,9,19,5,140
2352405,67,3,9,3,40,55,4,14,8,26,81,0,0,3,4,7,0,8,4,12,19,5,172
2352406,46,0,13,0,46,59,10,19,8,37,96,0,0,0,0,0,6,0,5,11,11,0,153
2352407,31,0,4,0,46,50,14,9,13,36,86,0,0,0,7,7,0,0,12,12,19,3,139
2352408,63,0,19,0,80,99,3,18,27,48,147,0,0,0,5,5,4,5,11,20,25,5,240
2352409,34,0,4,3,12,19,0,9,4,13,32,3,0,0,0,3,0,0,0,0,3,3,72
2352410,38,0,10,0,17,27,5,7,5,17,44,0,5,0,6,11,0,0,0,0,11,3,96
2352411,34,0,17,0,47,64,8,28,13,49,113,0,0,0,9,9,0,3,3,6,15,3,165
2352412,17,0,4,0,33,37,3,0,12,15,52,3,0,0,3,6,0,5,4,9,15,5,89
2352501,47,0,11,0,41,52,6,7,5,18,70,0,0,0,5,5,0,0,14,14,19,3,139
2352502,55,0,15,0,54,69,11,17,8,36,105,0,4,0,6,10,0,3,7,10,20,3,183
2352503,67,0,12,0,74,86,12,19,18,49,135,0,3,0,3,6,3,7,7,17,23,0,225
2352504,48,0,7,4,35,46,8,6,8,22,68,0,0,0,0,0,0,4,8,12,12,0,128
2352505,75,0,12,0,55,67,8,19,13,40,107,0,0,0,5,5,0,4,11,15,20,8,210
2352506,42,0,14,4,46,64,12,6,3,21,85,0,0,0,0,0,3,4,5,12,12,0,139
2352507,83,0,8,0,73,81,7,13,19,39,120,0,0,0,0,0,0,8,6,14,14,6,223
2352508,65,0,3,0,27,30,9,13,14,36,66,0,0,0,10,10,0,0,4,4,14,6,151
2352509,47,0,5,0,54,59,0,10,11,21,80,0,0,0,8,8,0,5,8,13,21,4,152
2352510,33,0,5,0,34,39,7,7,9,23,62,0,0,0,0,0,3,0,7,10,10,0,105
2352601,45,0,5,0,37,42,5,10,7,22,64,3,0,0,4,7,0,0,11,11,18,3,130
2352602,60,0,14,0,57,71,10,14,12,36,107,0,0,0,0,0,3,3,8,14,14,3,184
2352603,47,0,6,0,33,39,7,7,13,27,66,0,0,0,6,6,7,0,0,7,13,0,126
2352604,38,4,10,0,27,41,8,15,8,31,72,0,0,4,0,4,3,3,3,9,13,0,123
2352605,43,0,8,0,31,39,0,18,7,25,64,3,0,0,3,6,0,3,5,8,14,3,124
2352606,47,0,3,3,26,32,3,12,0,15,47,0,0,0,7,7,0,0,9,9,16,4,114
2352607,44,0,4,0,36,40,6,8,13,27,67,0,0,0,6,6,0,6,12,18,24,4,139
2352608,39,0,7,0,38,45,0,17,6,23,68,0,3,0,3,6,0,4,15,19,25,3,135
2352609,37,0,6,0,27,33,9,13,13,35,68,0,4,0,0,4,0,3,8,11,15,0,120
2352610,42,0,9,4,28,41,0,13,7,20,61,0,3,0,0,3,0,5,8,13,16,0,119
2352612,51,0,8,0,8,16,6,11,4,21,37,0,0,0,0,0,0,0,9,9,9,0,97
2352701,73,0,12,0,37,49,5,8,18,31,80,0,0,0,8,8,0,4,6,10,18,0,171
2352702,40,0,11,0,64,75,4,16,4,24,99,0,3,0,3,6,0,6,3,9,15,4,158
2352703,39,0,4,0,46,50,3,14,7,24,74,0,0,0,3,3,5,0,3,8,11,0,124
2352704,81,0,26,0,73,99,8,22,20,50,149,0,4,0,7,11,6,4,6,16,27,5,262
2352705,89,3,16,3,88,110,14,21,22,57,167,3,0,0,6,9,0,9,5,14,23,4,283
2352706,43,3,19,3,61,86,6,23,23,52,138,3,3,0,5,11,0,0,9,9,20,0,201
2352707,43,5,16,0,44,65,5,18,19,42,107,0,0,0,4,4,0,4,5,9,13,0,163
2352708,32,0,4,3,74,81,3,10,9,22,103,0,0,0,7,7,0,3,3,6,13,0,148
2352709,41,0,8,0,44,52,6,17,6,29,81,0,6,0,0,6,3,3,3,9,15,0,137
2352710,44,0,11,3,27,41,4,13,8,25,66,0,5,0,0,5,0,3,0,3,8,0,118
2352711,37,0,10,0,50,60,11,16,8,35,95,0,0,0,7,7,0,0,0,0,7,0,139
2352712,31,0,8,3,51,62,6,10,15,31,93,0,3,3,3,9,0,4,3,7,16,3,143
2360101,99,0,15,6,68,89,5,11,19,35,124,0,5,0,13,18,6,3,9,18,36,0,259
2360102,58,4,3,0,49,56,0,0,18,18,74,0,0,4,12,16,0,3,14,17,33,5,170
2360103,44,0,3,3,25,31,0,5,5,10,41,0,0,0,4,4,0,0,6,6,10,3,98
2360104,45,0,14,0,55,69,4,11,19,34,103,0,3,0,8,11,3,3,9,15,26,3,177
2360105,41,0,4,3,48,55,5,3,14,22,77,0,3,3,5,11,0,5,15,20,31,3,152
2360106,53,0,7,4,46,57,3,5,10,18,75,0,0,0,8,8,4,4,9,17,25,9,162
2360107,54,3,3,3,26,35,0,6,11,17,52,0,0,0,5,5,4,0,9,13,18,4,128
2360108,22,0,0,0,15,15,0,0,10,10,25,0,0,0,0,0,0,0,0,0,0,5,52
2360109,70,3,6,0,29,38,5,4,16,25,63,0,0,4,8,12,0,9,14,23,35,4,172
2360110,41,0,3,0,33,36,0,5,13,18,54,0,0,0,0,0,0,0,8,8,8,3,106
2360111,39,0,8,0,33,41,3,10,13,26,67,0,0,0,5,5,3,4,3,10,15,0,121
2360201,83,0,11,7,50,68,6,7,12,25,93,0,5,3,12,20,0,7,14,21,41,0,217
2360202,88,3,10,3,55,71,4,9,22,35,106,0,3,0,9,12,4,3,15,22,34,7,235
2360203,88,0,0,3,73,76,10,6,20,36,112,0,0,0,17,17,4,4,10,18,35,5,240
2360204,47,0,4,0,47,51,0,11,15,26,77,0,0,0,5,5,0,3,10,13,18,5,147
2360205,73,4,5,3,45,57,5,0,18,23,80,0,3,0,12,15,0,3,12,15,30,3,186
2360206,46,0,5,0,42,47,0,5,6,11,58,0,0,3,6,9,0,3,6,9,18,0,122
2360207,32,4,10,0,53,67,3,8,22,33,100,0,4,0,6,10,0,5,13,18,28,6,166
2360208,46,3,3,0,47,53,6,6,3,15,68,0,3,3,3,9,0,3,7,10,19,3,136
2360209,29,0,5,0,34,39,0,4,0,4,43,0,0,0,4,4,0,0,6,6,10,0,82
2360210,42,0,8,0,56,64,5,3,4,12,76,0,0,0,22,22,3,3,3,9,31,0,149
2360301,51,0,3,0,31,34,0,0,8,8,42,0,3,0,4,7,0,3,5,8,15,3,111
2360302,24,0,6,0,16,22,0,5,9,14,36,0,0,0,0,0,0,0,10,10,10,6,76
2360303,81,5,11,0,49,65,4,4,19,27,92,0,3,3,10,16,0,3,14,17,33,3,209
2360304,71,0,0,0,46,46,5,11,19,35,81,0,0,0,5,5,0,5,3,8,13,4,169
2360305,85,0,7,0,41,48,0,6,13,19,67,0,0,0,8,8,0,3,15,18,26,8,186
2360306,50,0,5,0,38,43,3,0,12,15,58,0,0,3,10,13,0,0,9,9,22,5,135
2360307,11,0,3,3,20,26,0,0,4,4,30,0,4,0,0,4,0,4,3,7,11,0,52
2360308,27,0,0,0,13,13,0,4,6,10,23,3,0,0,3,6,0,0,6,6,12,0,62
2360309,31,0,7,0,33,40,0,5,14,19,59,0,0,0,13,13,0,5,6,11,24,8,122
2360310,44,0,6,0,57,63,0,4,12,16,79,0,3,0,3,6,0,0,3,3,9,0,132
2360311,0,0,0,0,0,0,0,0,0,0,0,0,0,0,0,0,0,0,0,0,0,0,0
2360312,37,0,0,0,41,41,4,4,12,20,61,0,0,0,6,6,0,4,6,10,16,0,114
2360313,0,0,0,0,0,0,0,0,0,0,0,0,0,0,0,0,0,0,0,0,0,0,0
2360401,74,0,11,0,33,44,0,6,11,17,61,0,3,3,4,10,0,0,9,9,19,5,159
2360402,69,4,8,3,33,48,9,4,25,38,86,0,0,0,16,16,0,0,9,9,25,10,190
2360403,69,0,10,0,55,65,6,6,14,26,91,0,4,0,5,9,0,3,19,22,31,0,191
2360404,76,0,4,6,71,81,8,10,11,29,110,0,4,0,12,16,0,10,15,25,41,5,232
2360405,65,4,11,3,54,72,5,11,19,35,107,0,0,0,13,13,0,0,8,8,21,8,201
2360406,40,0,0,6,23,29,0,0,8,8,37,5,0,0,5,10,0,0,5,5,15,0,92
2360407,44,0,3,0,32,35,0,3,7,10,45,0,3,0,5,8,0,3,5,8,16,5,110
2360408,43,4,4,0,43,51,5,8,10,23,74,0,0,0,11,11,0,0,6,6,17,5,139
2360409,63,0,8,0,45,53,7,5,20,32,85,0,0,0,11,11,3,0,8,11,22,8,178
2360410,65,3,11,0,67,81,10,10,12,32,113,0,5,0,5,10,0,4,10,14,24,6,208
2360411,61,0,3,0,33,36,5,12,5,22,58,0,0,0,5,5,0,0,11,11,16,3,138
2360501,64,3,5,3,47,58,4,9,19,32,90,0,0,0,11,11,0,4,12,16,27,4,185
2360502,98,0,14,3,55,72,7,10,21,38,110,0,0,0,7,7,3,8,13,24,31,0,239
2360503,30,3,3,0,16,22,3,0,11,14,36,0,0,0,5,5,3,0,0,3,8,3,77
2360504,83,0,12,0,56,68,9,11,27,47,115,0,0,0,9,9,3,0,8,11,20,4,222
2360505,41,0,3,3,22,28,0,3,7,10,38,0,0,0,7,7,0,5,5,10,17,5,101
2360506,44,0,8,3,47,58,5,4,13,22,80,0,3,0,6,9,0,5,6,11,20,3,147
2360507,68,0,11,0,35,46,10,8,10,28,74,0,0,0,5,5,0,5,10,15,20,6,168
2360508,99,0,19,4,65,88,9,14,29,52,140,3,3,3,8,17,0,5,17,22,39,7,285
2360509,35,0,7,0,31,38,0,11,9,20,58,0,0,0,4,4,0,0,10,10,14,0,107
2360510,94,0,18,7,52,77,14,22,28,64,141,0,0,0,6,6,0,9,13,22,28,7,270
2360511,23,0,0,0,19,19,5,5,9,19,38,0,3,0,5,8,0,0,4,4,12,0,73
2360601,94,3,5,4,63,75,3,11,8,22,97,3,3,0,11,17,0,7,16,23,40,6,237
2360602,67,3,4,0,40,47,5,6,9,20,67,0,0,0,8,8,0,7,14,21,29,6,169
2360603,66,0,0,4,34,38,3,3,11,17,55,0,3,0,3,6,3,3,13,19,25,6,152
2360604,79,4,5,3,57,69,4,5,5,14,83,0,0,0,8,8,0,5,8,13,21,3,186
2360605,63,0,10,0,57,67,0,5,9,14,81,0,0,0,4,4,3,3,5,11,15,9,168
2360606,42,4,5,3,63,75,3,6,14,23,98,0,3,0,6,9,0,6,15,21,30,3,173
2360607,39,0,0,0,37,37,4,0,4,8,45,0,0,0,18,18,0,0,5,5,23,4,111
2360608,27,0,0,0,15,15,3,3,3,9,24,0,0,0,3,3,0,0,3,3,6,5,62
2360609,21,0,0,0,10,10,0,0,9,9,19,0,0,0,3,3,3,3,5,11,14,0,54
2360610,76,0,10,0,39,49,7,9,26,42,91,0,0,0,10,10,0,0,11,11,21,0,188
2360611,33,0,6,0,19,25,0,5,15,20,45,0,0,0,3,3,0,0,4,4,7,4,89
2360701,34,0,0,0,25,25,0,0,7,7,32,0,0,0,0,0,0,0,15,15,15,4,85
2360702,67,5,7,5,75,92,5,18,13,36,128,0,3,0,11,14,0,4,9,13,27,5,227
2360703,34,0,0,0,25,25,0,0,7,7,32,0,0,7,0,7,0,0,5,5,12,4,82
2360704,50,0,0,0,20,20,0,0,10,10,30,0,0,4,6,10,0,3,8,11,21,4,105
2360705,42,0,6,0,24,30,0,6,12,18,48,0,3,0,9,12,3,0,10,13,25,8,123
2360706,72,0,4,0,51,55,0,6,13,19,74,0,0,0,5,5,3,3,8,14,19,3,168
2360707,72,3,8,0,41,52,6,4,11,21,73,0,0,5,8,13,0,5,11,16,29,3,177
2360708,78,0,7,0,60,67,5,15,7,27,94,0,3,0,14,17,4,0,17,21,38,0,210
2360709,27,0,0,0,25,25,0,3,4,7,32,0,0,0,4,4,0,0,8,8,12,0,71
2360710,29,0,0,5,20,25,0,3,10,13,38,0,0,0,3,3,0,3,9,12,15,0,82
2360711,19,0,5,0,8,13,5,0,5,10,23,0,0,0,0,0,0,0,9,9,9,0,51
2360802,87,0,14,0,68,82,3,22,19,44,126,0,0,0,7,7,6,0,14,20,27,3,243
2360803,78,4,11,0,40,55,5,11,12,28,83,0,0,0,9,9,0,4,16,20,29,0,190
2360804,86,0,11,0,70,81,3,11,16,30,111,0,5,0,11,16,7,6,5,18,34,0,231
2360805,99,0,8,3,47,58,8,26,17,51,109,0,0,0,10,10,5,3,9,17,27,0,235
2360806,81,0,15,0,49,64,6,8,18,32,96,0,3,0,9,12,0,9,15,24,36,3,216
2360807,69,0,11,0,47,58,3,0,12,15,73,0,0,0,3,3,3,10,14,27,30,3,175
2360808,71,3,5,3,38,49,0,6,13,19,68,0,4,0,4,8,3,3,10,16,24,0,163
2360809,33,3,4,0,32,39,3,3,11,17,56,0,0,0,6,6,0,0,8,8,14,0,103
2360810,17,0,3,0,9,12,3,5,5,13,25,0,0,0,4,4,0,0,6,6,10,4,56
2360811,35,4,12,3,42,61,3,6,7,16,77,0,6,0,9,15,0,6,7,13,28,0,140
2360812,22,0,0,4,10,14,3,3,6,12,26,0,0,0,0,0,0,0,8,8,8,0,56
2360813,13,3,6,3,15,27,0,3,5,8,35,0,0,0,11,11,0,0,6,6,17,0,65
2360901,69,0,8,5,64,77,6,11,21,38,115,0,5,0,13,18,0,9,7,16,34,4,222
2360902,67,0,6,0,28,34,3,10,15,28,62,0,0,0,0,0,0,7,11,18,18,0,147
2360903,43,0,7,4,25,36,0,5,5,10,46,0,0,0,0,0,0,5,5,10,10,6,105
2360904,63,0,13,3,25,41,9,8,12,29,70,0,0,0,4,4,0,0,15,15,19,5,157
2360905,62,4,11,0,40,55,7,15,20,42,97,0,0,0,8,8,0,4,5,9,17,3,179
2360906,39,0,7,0,16,23,5,7,6,18,41,0,0,0,0,0,0,0,4,4,4,4,88
2360907,62,4,7,0,39,50,9,24,13,46,96,0,0,0,4,4,0,3,6,9,13,0,171
2360908,49,0,5,0,30,35,4,7,5,16,51,0,0,0,6,6,0,3,11,14,20,0,120
2360909,49,0,13,0,32,45,3,20,12,35,80,0,3,0,3,6,0,3,0,3,9,0,138
2360910,37,0,11,0,47,58,4,11,6,21,79,0,3,0,4,7,0,0,4,4,11,4,131
2361001,55,3,0,0,46,49,3,7,12,22,71,0,3,0,11,14,0,3,11,14,28,4,158
2361002,91,0,4,4,35,43,4,6,14,24,67,0,0,0,11,11,5,6,15,26,37,3,198
2361003,35,0,0,0,30,30,4,6,15,25,55,0,5,0,0,5,0,0,5,5,10,0,100
2361004,79,0,7,0,76,83,3,7,22,32,115,3,3,0,9,15,4,4,17,25,40,3,237
2361005,97,5,13,0,49,67,0,7,17,24,91,0,0,0,14,14,3,3,12,18,32,3,223
2361006,33,0,0,0,21,21,0,0,10,10,31,0,0,0,6,6,0,0,12,12,18,0,82
2361007,50,0,14,0,62,76,6,6,21,33,109,0,5,0,4,9,0,5,8,13,22,0,181
2361008,63,0,0,4,14,18,3,3,10,16,34,0,0,0,4,4,0,4,4,8,12,0,109
2361009,23,0,4,0,20,24,6,0,0,6,30,3,7,0,11,21,3,0,4,7,28,0,81
2361010,29,0,7,4,30,41,3,6,8,17,58,0,0,0,7,7,4,0,4,8,15,0,102
2361101,72,3,8,3,33,47,0,8,28,36,83,0,3,0,10,13,0,0,14,14,27,9,191
2361102,49,0,7,4,47,58,0,8,21,29,87,0,0,0,7,7,0,0,21,21,28,3,167
2361103,100,5,4,0,72,81,7,9,22,38,119,0,0,0,8,8,3,3,11,17,25,0,244
2361104,68,0,11,0,68,79,7,3,22,32,111,0,4,0,23,27,0,10,20,30,57,5,241
2361105,46,0,3,0,19,22,0,0,11,11,33,0,0,0,8,8,0,0,3,3,11,0,90
2361106,83,3,8,0,41,52,11,9,21,41,93,0,0,0,8,8,0,0,12,12,20,5,201
2361107,93,4,11,0,62,77,0,12,31,43,120,0,5,0,8,13,0,7,8,15,28,0,241
2361108,66,0,5,0,41,46,4,8,18,30,76,0,0,0,0,0,0,4,11,15,15,9,166
2361109,84,0,10,0,48,58,0,12,27,39,97,0,4,0,7,11,3,6,12,21,32,9,222
2361110,68,0,9,0,57,66,8,3,13,24,90,0,0,0,4,4,0,0,9,9,13,0,171
2361111,52,0,5,4,22,31,4,5,10,19,50,0,0,0,5,5,0,0,3,3,8,3,113
2361201,92,0,15,3,49,67,10,10,40,60,127,0,0,0,9,9,3,3,21,27,36,7,262
2361202,60,0,10,0,40,50,4,10,25,39,89,0,0,3,5,8,0,3,10,13,21,10,180
2361203,42,3,3,0,20,26,4,8,18,30,56,0,0,3,8,11,0,0,12,12,23,5,126
2361204,76,3,12,0,44,59,3,15,20,38,97,0,0,0,7,7,8,0,11,19,26,3,202
2361205,60,0,6,5,35,46,3,5,22,30,76,0,4,0,10,14,6,0,13,19,33,5,174
2361206,91,3,6,0,35,44,0,5,24,29,73,0,3,0,9,12,0,4,6,10,22,4,190
2361207,50,4,0,0,24,28,3,8,14,25,53,0,3,3,3,9,0,3,8,11,20,0,123
2361208,43,0,6,0,21,27,3,0,27,30,57,0,0,0,0,0,0,0,10,10,10,0,110
2361209,67,0,17,4,49,70,13,22,31,66,136,0,4,0,9,13,0,3,22,25,38,3,244
2361210,60,0,11,0,21,32,0,12,7,19,51,0,0,0,0,0,3,0,0,3,3,3,117
2361301,95,0,7,0,37,44,0,6,14,20,64,0,0,4,10,14,4,5,11,20,34,3,196
2361302,48,0,0,0,34,34,11,11,16,38,72,0,5,0,15,20,0,0,12,12,32,0,152
2361303,35,0,5,0,22,27,4,5,6,15,42,0,0,0,5,5,3,0,8,11,16,4,97
2361304,25,3,0,4,18,25,5,5,0,10,35,0,0,3,3,6,0,4,8,12,18,0,78
2361305,67,3,3,3,56,65,4,4,20,28,93,3,0,4,10,17,0,4,12,16,33,5,198
2361306,20,0,0,0,20,20,0,4,5,9,29,0,0,0,4,4,0,0,8,8,12,5,66
2361307,52,0,5,0,38,43,4,11,10,25,68,0,3,4,6,13,0,5,10,15,28,3,151
2361308,83,0,7,3,40,50,4,12,13,29,79,0,0,0,17,17,0,0,12,12,29,0,191
2361309,81,0,5,0,53,58,0,10,24,34,92,0,4,0,9,13,0,3,15,18,31,0,204
2361310,39,0,4,0,32,36,0,10,11,21,57,0,3,0,5,8,0,0,12,12,20,0,116
2361311,45,0,3,5,23,31,0,7,22,29,60,0,0,0,4,4,3,0,5,8,12,3,120
2361312,33,4,5,0,25,34,7,0,14,21,55,0,5,0,12,17,0,6,11,17,34,0,122
2361313,36,0,3,0,16,19,3,5,8,16,35,0,0,0,5,5,0,5,0,5,10,0,81
2361401,69,4,15,4,70,93,8,16,31,55,148,0,0,0,8,8,6,5,6,17,25,3,245
2361402,84,0,6,3,46,55,7,11,30,48,103,0,0,0,8,8,4,0,7,11,19,4,210
2361403,67,0,6,6,35,47,12,15,29,56,103,0,0,0,10,10,0,5,12,17,27,0,197
2361404,84,0,9,0,46,55,16,19,16,51,106,3,3,3,4,13,3,6,6,15,28,4,222
2361405,57,0,0,0,31,31,14,12,22,48,79,0,0,0,3,3,3,3,5,11,14,4,154
2361406,66,4,10,0,34,48,18,10,30,58,106,0,5,0,5,10,0,0,13,13,23,5,200
2361407,37,0,3,3,19,25,3,4,11,18,43,0,0,0,0,0,0,3,4,7,7,5,92
2361408,65,0,12,0,36,48,12,15,26,53,101,0,3,0,4,7,0,0,5,5,12,4,182
2361409,38,0,6,0,28,34,3,8,18,29,63,0,0,0,4,4,0,0,3,3,7,3,111
2361410,87,0,24,6,35,65,13,16,41,70,135,0,0,0,11,11,6,0,11,17,28,4,254
2361411,33,0,14,0,33,47,5,10,14,29,76,0,6,0,0,6,0,4,0,4,10,0,119
2361412,19,0,0,0,27,27,3,0,10,13,40,0,0,0,4,4,0,0,3,3,7,4,70
2361501,82,4,18,4,49,75,7,10,24,41,116,0,0,0,6,6,6,3,0,9,15,0,213
2361502,52,3,0,0,42,45,8,5,13,26,71,0,0,0,9,9,3,0,4,7,16,0,139
2361503,69,4,5,3,39,51,9,4,24,37,88,0,3,3,9,15,0,0,10,10,25,4,186
2361504,65,0,13,0,35,48,13,13,40,66,114,0,0,0,7,7,3,3,6,12,19,0,198
2361505,76,5,11,4,46,66,11,18,40,69,135,0,0,0,8,8,0,0,10,10,18,0,229
2361506,106,0,12,7,53,72,15,20,50,85,157,0,3,3,4,10,5,0,14,19,29,4,296
2361507,58,0,18,4,54,76,10,20,13,43,119,0,3,0,3,6,0,5,3,8,14,0,191
2361508,69,3,7,0,36,46,7,14,30,51,97,0,0,0,3,3,0,0,8,8,11,0,177
2361509,53,5,8,4,33,50,15,13,28,56,106,0,0,0,5,5,0,5,4,9,14,5,178
2361510,46,0,9,4,45,58,4,10,13,27,85,0,3,0,4,7,3,3,8,14,21,0,152
2361511,46,0,14,0,37,51,13,17,25,55,106,0,0,0,3,3,0,3,3,6,9,0,161
2361601,38,0,5,0,28,33,0,6,10,16,49,0,3,4,20,27,0,10,8,18,45,0,132
2361602,75,5,6,4,46,61,8,3,14,25,86,0,3,0,14,17,0,12,13,25,42,7,210
2361603,48,0,7,0,33,40,3,8,9,20,60,0,5,0,9,14,3,0,10,13,27,3,138
2361604,49,0,4,0,41,45,3,8,12,23,68,0,3,0,3,6,0,0,9,9,15,5,137
2361605,74,0,8,3,53,64,5,10,27,42,106,0,0,0,7,7,5,4,15,24,31,7,218
2361606,55,0,3,3,19,25,3,5,15,23,48,3,0,4,6,13,0,5,9,14,27,6,136
2361607,49,0,7,0,18,25,5,10,13,28,53,0,0,0,4,4,0,3,8,11,15,0,117
2361608,51,3,3,3,54,63,3,13,10,26,89,0,0,0,5,5,0,5,11,16,21,6,167
2361609,70,0,17,3,90,110,9,10,15,34,144,5,0,0,5,10,0,6,8,14,24,6,244
2361610,35,0,0,0,19,19,7,0,11,18,37,0,0,0,4,4,0,5,5,10,14,0,86
2361611,34,0,10,4,35,49,0,7,9,16,65,0,0,0,4,4,0,0,18,18,22,4,125
2361612,26,3,3,0,24,30,0,3,15,18,48,0,0,0,9,9,0,6,9,15,24,0,98
2361613,46,0,0,0,0,0,0,0,0,0,0,0,0,0,0,0,0,0,0,0,0,0,46
2361701,74,3,8,0,42,53,7,9,11,27,80,0,0,0,3,3,3,4,11,18,21,3,178
2361702,15,0,7,0,25,32,0,11,4,15,47,0,0,0,5,5,4,0,4,8,13,0,75
2361703,74,0,9,3,49,61,9,15,4,28,89,0,0,0,0,0,0,5,11,16,16,4,183
2361704,49,0,9,0,46,55,8,11,7,26,81,0,0,0,7,7,0,0,8,8,15,4,149
2361705,22,0,0,0,19,19,5,7,5,17,36,0,0,0,3,3,0,5,3,8,11,0,69
2361706,58,0,7,0,43,50,7,6,13,26,76,0,0,0,7,7,0,4,6,10,17,11,162
2361707,62,0,4,4,40,48,4,8,21,33,81,0,0,0,7,7,0,4,7,11,18,0,161
2361708,51,0,12,0,42,54,4,10,22,36,90,0,0,0,6,6,0,5,7,12,18,3,162
2361709,37,0,8,0,25,33,0,11,6,17,50,0,0,0,9,9,0,6,0,6,15,0,102
2361710,52,3,8,3,29,43,7,12,14,33,76,0,0,0,3,3,0,3,8,11,14,0,142
2361711,69,3,4,5,56,68,7,8,6,21,89,0,5,0,10,15,0,0,15,15,30,5,193
2361801,63,3,11,0,70,84,10,14,10,34,118,0,0,0,10,10,0,3,3,6,16,10,207
2361802,52,0,3,0,17,20,4,0,0,4,24,0,0,0,7,7,0,6,6,12,19,28,123
2361803,76,0,7,0,51,58,5,11,14,30,88,0,0,0,10,10,4,3,4,11,21,7,192
2361804,71,0,20,4,56,80,3,19,20,42,122,0,0,0,6,6,0,14,5,19,25,0,218
2361805,40,0,6,0,18,24,0,8,6,14,38,0,5,0,3,8,0,4,11,15,23,0,101
2361806,65,0,16,3,48,67,10,16,7,33,100,0,0,0,6,6,0,5,5,10,16,4,185
2361807,55,0,10,3,32,45,7,9,9,25,70,0,0,4,0,4,3,3,8,14,18,6,149
2361808,67,6,12,0,40,58,3,20,19,42,100,3,0,0,9,12,0,6,4,10,22,4,193
2361809,33,0,7,3,21,31,3,5,8,16,47,0,0,0,3,3,0,4,7,11,14,3,97
2361810,35,0,5,0,30,35,3,5,6,14,49,0,0,0,4,4,0,0,8,8,12,3,99
2361811,54,0,6,3,38,47,0,9,5,14,61,0,0,0,11,11,0,10,9,19,30,7,152
2361901,75,0,5,4,51,60,0,14,17,31,91,0,0,0,8,8,0,11,10,21,29,5,200
2361902,53,0,13,4,44,61,3,18,9,30,91,0,5,0,0,5,0,9,8,17,22,6,172
2361903,44,0,8,0,24,32,5,7,21,33,65,0,0,0,0,0,0,0,10,10,10,0,119
2361904,35,0,5,4,18,27,0,5,3,8,35,0,3,0,7,10,0,4,3,7,17,3,90
2361905,68,0,13,0,56,69,11,7,17,35,104,0,0,3,11,14,3,12,19,34,48,0,220
2361906,75,0,13,0,61,74,5,12,22,39,113,0,0,0,7,7,6,0,16,22,29,9,226
2361907,37,0,18,0,47,65,6,13,16,35,100,0,0,0,6,6,4,10,12,26,32,0,169
2361908,78,0,8,0,47,55,5,9,14,28,83,0,0,0,7,7,0,5,13,18,25,9,195
2361909,23,0,0,0,3,3,4,0,0,4,7,0,0,0,0,0,0,0,7,7,7,0,37
2361910,49,0,8,0,51,59,3,13,12,28,87,0,5,0,8,13,0,0,10,10,23,8,167
2361911,63,0,17,3,78,98,9,19,17,45,143,0,3,3,3,9,0,8,8,16,25,4,235
2361912,8,0,0,0,7,7,0,0,6,6,13,0,0,0,0,0,0,0,4,4,4,4,29
2361913,14,0,0,0,10,10,0,3,3,6,16,0,0,0,0,0,0,3,3,6,6,4,40
2362001,40,0,4,0,36,40,5,8,8,21,61,0,0,0,10,10,4,6,8,18,28,6,135
2362002,63,0,4,0,36,40,0,9,11,20,60,0,0,0,9,9,0,4,8,12,21,5,149
2362003,55,0,8,4,38,50,0,8,6,14,64,0,4,0,3,7,3,6,5,14,21,0,140
2362004,26,0,0,0,34,34,7,3,14,24,58,0,3,3,4,10,0,0,7,7,17,4,105
2362005,77,3,13,0,62,78,0,14,15,29,107,0,0,0,17,17,3,3,19,25,42,0,226
2362006,51,0,5,4,51,60,0,9,22,31,91,0,0,0,9,9,0,4,11,15,24,3,169
2362007,35,0,5,0,29,34,0,4,9,13,47,0,0,3,10,13,0,3,10,13,26,3,111
2362008,44,0,9,0,48,57,0,4,7,11,68,0,0,0,3,3,0,3,9,12,15,7,134
2362009,38,3,3,3,34,43,4,3,9,16,59,0,0,0,6,6,0,0,9,9,15,4,116
2362010,87,0,17,0,62,79,5,6,23,34,113,3,0,3,5,11,3,7,10,20,31,0,231
2362011,92,0,6,6,60,72,3,6,27,36,108,0,5,0,14,19,0,6,14,20,39,3,242
2362012,64,4,0,5,38,47,8,8,17,33,80,0,3,3,3,9,3,0,6,9,18,0,162
2362013,44,0,10,0,42,52,0,5,16,21,73,0,0,0,4,4,0,9,4,13,17,6,140
2362014,34,0,5,0,25,30,3,7,0,10,40,0,0,4,8,12,0,0,9,9,21,10,105
2362101,76,0,8,4,69,81,6,9,15,30,111,0,5,0,10,15,4,3,18,25,40,5,232
2362102,52,0,9,3,40,52,0,9,14,23,75,0,0,0,9,9,0,6,7,13,22,4,153
2362103,24,0,6,0,30,36,0,3,5,8,44,0,3,0,7,10,0,7,6,13,23,0,91
2362104,18,0,6,0,18,24,0,0,0,0,24,0,0,0,0,0,3,3,4,10,10,0,52
2362105,58,3,6,0,42,51,6,9,7,22,73,0,0,0,5,5,0,4,11,15,20,8,159
2362106,29,0,0,0,15,15,3,7,8,18,33,0,3,0,3,6,0,3,9,12,18,0,80
2362107,37,3,9,3,23,38,6,7,12,25,63,0,4,0,0,4,0,5,6,11,15,4,119
2362108,52,0,12,3,57,72,8,12,13,33,105,0,0,0,5,5,0,6,12,18,23,5,185
2362109,50,0,5,3,31,39,0,0,5,5,44,0,0,0,6,6,0,4,9,13,19,8,121
2362110,50,0,0,0,32,32,0,6,11,17,49,0,4,0,14,18,0,3,8,11,29,8,136
2362111,70,0,5,0,43,48,6,9,9,24,72,0,0,0,6,6,0,8,12,20,26,10,178
2362112,40,0,0,0,11,11,0,0,6,6,17,0,0,0,5,5,4,3,8,15,20,8,85
2362113,35,0,4,0,29,33,3,4,3,10,43,0,3,0,5,8,3,0,6,9,17,5,100
2362114,0,0,0,0,0,0,0,0,0,0,0,0,0,0,0,0,0,0,0,0,0,0,0
2362201,13,6,4,0,38,48,0,5,3,8,56,0,0,0,3,3,0,3,3,6,9,4,82
2362202,37,0,6,0,47,53,0,5,10,15,68,0,4,0,4,8,0,4,7,11,19,4,128
2362203,43,0,8,0,49,57,0,4,15,19,76,0,4,0,11,15,3,3,7,13,28,8,155
2362204,59,0,7,6,70,83,0,15,10,25,108,0,0,0,10,10,0,3,10,13,23,4,194
2362205,50,0,5,0,52,57,3,7,4,14,71,0,0,0,7,7,3,4,5,12,19,0,140
2362206,54,0,9,0,43,52,4,6,13,23,75,0,4,3,7,14,0,0,14,14,28,4,161
2362207,61,0,4,0,51,55,0,5,18,23,78,0,0,0,12,12,0,3,11,14,26,8,173
2362208,57,0,3,0,35,38,0,3,12,15,53,0,0,7,11,18,0,6,18,24,42,5,157
2362209,58,3,3,0,29,35,0,3,12,15,50,0,0,0,7,7,0,5,6,11,18,7,133
2362210,52,0,3,0,32,35,4,4,21,29,64,0,0,0,7,7,0,3,10,13,20,6,142
2362211,48,3,8,0,25,36,0,10,11,21,57,3,0,0,6,9,0,0,0,0,9,3,117
2362212,70,0,9,0,37,46,4,9,20,33,79,0,4,3,4,11,3,3,13,19,30,3,182
2362213,48,0,3,0,20,23,9,4,3,16,39,0,3,0,3,6,0,0,9,9,15,3,105
2362214,40,0,10,0,36,46,5,4,17,26,72,0,0,0,6,6,0,6,6,12,18,4,134
2362215,51,0,0,0,3,3,0,0,0,0,3,0,0,0,0,0,0,0,0,0,0,0,54
2362216,29,0,0,0,0,0,0,0,0,0,0,0,0,0,0,0,0,0,0,0,0,0,29
2370101,50,0,7,0,30,37,8,0,23,31,68,0,4,0,13,17,5,0,8,13,30,7,155
2370102,77,0,16,0,49,65,4,4,22,30,95,0,6,0,15,21,3,0,11,14,35,0,207
2370103,70,0,10,0,51,61,6,8,22,36,97,0,4,0,13,17,0,6,20,26,43,0,210
2370104,26,0,0,3,14,17,0,0,13,13,30,0,0,0,0,0,0,3,8,11,11,5,72
2370105,57,3,7,4,32,46,6,10,24,40,86,0,0,0,15,15,3,6,16,25,40,5,188
2370106,58,4,10,13,60,87,6,12,27,45,132,0,5,0,16,21,3,8,15,26,47,3,240
2370107,67,0,9,7,47,63,12,5,29,46,109,0,5,3,19,27,0,5,19,24,51,6,233
2370108,59,0,16,0,60,76,11,5,21,37,113,0,0,4,19,23,0,7,14,21,44,10,226
2370109,28,0,11,5,29,45,0,7,19,26,71,4,0,0,7,11,4,5,20,29,40,4,143
2370110,71,0,9,5,42,56,7,9,13,29,85,0,0,5,12,17,4,7,10,21,38,6,200
2370111,38,0,3,0,24,27,0,3,4,7,34,0,0,0,10,10,6,0,11,17,27,4,103
2370112,0,0,0,0,0,0,0,0,0,0,0,0,0,0,0,0,0,0,0,0,0,0,0
2370113,0,0,0,0,0,0,0,0,0,0,0,0,0,0,0,0,0,0,0,0,0,0,0
2370201,56,0,4,0,22,26,0,0,20,20,46,0,6,0,10,16,3,0,17,20,36,9,147
2370202,41,3,3,0,21,27,0,7,13,20,47,0,0,0,11,11,3,3,9,15,26,0,114
2370203,0,0,0,0,0,0,0,0,0,0,0,0,0,0,0,0,0,0,0,0,0,0,0
2370204,51,0,0,0,30,30,0,0,4,4,34,0,4,3,13,20,0,5,13,18,38,6,129
2370205,68,4,0,5,36,45,7,0,26,33,78,0,3,3,31,37,0,3,16,19,56,4,206
2370206,69,3,5,5,38,51,0,9,14,23,74,3,3,0,16,22,3,4,21,28,50,5,198
2370207,64,5,15,11,36,67,12,8,31,51,118,0,3,0,20,23,3,11,22,36,59,0,241
2370208,49,0,8,0,25,33,11,4,33,48,81,0,0,0,10,10,0,5,6,11,21,0,151
2370209,35,3,8,0,15,26,3,3,10,16,42,3,3,3,6,15,0,3,6,9,24,3,104
2370210,45,0,8,0,20,28,4,7,22,33,61,0,0,0,8,8,0,4,15,19,27,3,136
2370301,49,0,0,6,28,34,0,3,14,17,51,0,3,0,11,14,0,8,13,21,35,9,144
2370302,44,0,5,5,18,28,5,0,15,20,48,0,5,0,20,25,3,0,20,23,48,3,143
2370303,41,3,3,0,31,37,0,4,12,16,53,0,0,0,12,12,0,0,13,13,25,6,125
2370304,64,4,9,0,24,37,3,3,9,15,52,0,0,0,9,9,3,3,16,22,31,4,151
2370305,17,0,5,0,32,37,0,5,4,9,46,0,0,0,16,16,3,4,12,19,35,8,106
2370306,74,5,6,0,44,55,6,0,9,15,70,0,3,5,16,24,0,0,14,14,38,3,185
2370307,39,0,4,0,26,30,0,0,4,4,34,0,0,0,17,17,0,0,13,13,30,0,103
2370308,22,0,0,0,17,17,0,4,4,8,25,0,0,0,11,11,0,0,5,5,16,9,72
2370401,60,0,10,5,47,62,6,12,33,51,113,0,0,0,21,21,0,5,24,29,50,12,235
2370402,42,4,8,0,30,42,3,3,21,27,69,0,4,0,10,14,3,3,14,20,34,3,148
2370403,23,0,3,0,8,11,0,5,6,11,22,0,0,0,5,5,0,0,4,4,9,0,54
2370404,63,3,10,3,44,60,0,10,29,39,99,0,5,6,24,35,0,4,25,29,64,5,231
2370405,74,0,12,8,58,78,5,13,23,41,119,0,0,0,27,27,7,3,22,32,59,12,264
2370406,40,0,9,7,31,47,0,7,24,31,78,0,3,5,14,22,3,0,10,13,35,5,158
2370407,16,4,0,0,14,18,3,0,7,10,28,0,5,0,3,8,0,3,9,12,20,8,72
2370408,33,3,3,3,14,23,4,8,7,19,42,0,0,3,10,13,3,3,11,17,30,5,110
2370409,49,7,9,0,57,73,9,3,30,42,115,0,0,4,17,21,5,8,18,31,52,0,216
2370410,60,0,5,5,36,46,4,9,18,31,77,0,4,4,18,26,0,0,18,18,44,0,181
2370411,71,4,12,3,59,78,15,10,27,52,130,0,0,0,28,28,0,7,19,26,54,9,264
2370412,47,0,8,0,38,46,0,6,18,24,70,0,0,4,15,19,0,3,14,17,36,3,156
2370413,20,4,3,3,15,25,3,0,8,11,36,0,0,0,7,7,0,4,0,4,11,0,67
2370501,64,0,9,5,52,66,6,11,19,36,102,0,0,0,23,23,0,6,20,26,49,13,228
2370502,31,0,0,0,25,25,0,7,12,19,44,0,0,0,8,8,3,3,7,13,21,3,99
2370503,47,0,3,4,27,34,5,3,25,33,67,3,0,0,19,22,5,0,20,25,47,3,164
2370504,16,3,6,0,18,27,3,0,5,8,35,0,4,0,8,12,0,5,13,18,30,0,81
2370505,37,0,7,6,43,56,4,8,26,38,94,0,0,4,7,11,6,6,5,17,28,7,166
2370506,49,3,12,3,40,58,4,9,26,39,97,3,3,5,18,29,0,5,9,14,43,8,197
2370507,77,0,9,3,62,74,5,5,47,57,131,0,3,6,23,32,0,0,21,21,53,5,266
2370508,72,4,19,3,62,88,12,3,33,48,136,0,3,4,27,34,4,4,13,21,55,9,272
2370509,45,0,14,7,48,69,0,8,21,29,98,0,9,0,21,30,3,6,11,20,50,8,201
2370510,44,0,0,0,4,4,0,0,4,4,8,0,0,0,0,0,0,0,7,7,7,0,59
2370601,24,4,9,5,23,41,8,4,22,34,75,3,3,0,18,24,5,5,7,17,41,3,143
2370602,69,5,13,9,77,104,8,16,35,59,163,3,3,3,16,25,0,10,13,23,48,3,283
2370603,51,0,10,4,51,65,7,9,19,35,100,0,6,3,16,25,3,9,12,24,49,8,208
2370604,48,8,13,0,70,91,7,18,20,45,136,0,3,0,14,17,0,5,9,14,31,0,215
2370605,31,0,8,4,28,40,9,3,9,21,61,0,3,3,14,20,0,0,9,9,29,3,124
2370701,65,0,7,0,41,48,7,9,28,44,92,0,5,0,7,12,0,4,14,18,30,0,187
2370702,78,0,23,7,61,91,10,12,20,42,133,0,4,5,21,30,0,9,20,29,59,6,276
2370703,40,0,11,6,33,50,7,0,16,23,73,0,0,0,17,17,5,0,7,12,29,6,148
2370704,72,5,18,6,51,80,10,11,32,53,133,3,7,0,18,28,10,0,19,29,57,6,268
2370705,72,3,14,9,81,107,14,24,48,86,193,0,3,6,11,20,4,9,22,35,55,7,327
2370706,38,3,0,3,41,47,5,0,11,16,63,0,0,4,12,16,0,4,8,12,28,0,129
2370707,55,0,12,6,36,54,7,5,19,31,85,0,3,0,15,18,4,3,13,20,38,6,184
2370708,53,0,9,0,44,53,6,7,23,36,89,0,5,0,23,28,0,0,15,15,43,5,190
2370709,64,6,9,4,48,67,4,7,31,42,109,0,9,0,20,29,3,4,15,22,51,4,228
2370710,24,3,5,3,27,38,20,5,30,55,93,0,3,5,5,13,0,6,7,13,26,4,147
2370711,49,0,15,0,50,65,6,8,21,35,100,0,0,4,25,29,6,3,13,22,51,0,200
2370712,49,0,5,3,33,41,3,3,21,27,68,0,0,5,19,24,0,4,8,12,36,5,158
2370713,61,4,13,3,68,88,14,10,17,41,129,0,3,6,26,35,4,7,12,23,58,4,252
2370714,56,3,7,8,40,58,11,14,33,58,116,0,5,0,17,22,0,0,13,13,35,3,210
2370715,0,0,0,0,0,0,0,0,0,0,0,0,0,0,0,0,0,0,0,0,0,0,0
2370801,5,0,0,0,8,8,3,3,3,9,17,0,0,0,4,4,0,0,0,0,4,0,26
2370802,83,8,12,3,57,80,4,12,40,56,136,0,0,0,18,18,0,3,16,19,37,9,265
2370803,52,0,9,0,38,47,3,7,19,29,76,3,3,0,17,23,0,3,12,15,38,3,169
2370804,0,0,0,0,0,0,0,0,0,0,0,0,0,0,0,0,0,0,0,0,0,0,0
2370805,60,0,9,3,57,69,4,0,13,17,86,0,0,4,22,26,0,6,15,21,47,4,197
2370806,46,0,5,7,42,54,5,0,14,19,73,0,3,3,8,14,0,3,3,6,20,0,139
2370807,49,0,8,3,37,48,0,0,10,10,58,3,3,3,9,18,0,6,3,9,27,0,134
2370808,49,0,14,0,27,41,0,12,10,22,63,0,3,0,13,16,0,6,16,22,38,0,150
2370809,37,0,5,7,53,65,5,3,22,30,95,0,4,3,4,11,0,0,9,9,20,0,152
2370810,7,0,0,0,0,0,0,0,4,4,4,0,0,0,0,0,0,0,0,0,0,4,15
2370811,48,3,4,4,29,40,8,7,20,35,75,0,4,0,10,14,0,3,21,24,38,4,165
2370812,34,0,17,5,58,80,8,6,21,35,115,0,6,5,13,24,3,4,6,13,37,4,190
2370813,73,3,17,4,60,84,13,3,31,47,131,0,0,8,22,30,3,0,6,9,39,9,252
2370814,43,0,9,5,14,28,3,3,8,14,42,0,0,0,3,3,0,0,9,9,12,0,97
2370816,3,0,0,0,3,3,0,0,0,0,3,0,0,0,0,0,0,0,0,0,0,0,6
2370817,0,0,0,0,0,0,0,0,0,0,0,0,0,0,0,0,0,0,0,0,0,0,0
2370818,0,0,0,0,0,0,0,0,0,0,0,0,0,0,0,0,0,0,0,0,0,0,0
2370819,0,0,0,0,0,0,0,0,0,0,0,0,0,0,0,0,0,0,0,0,0,0,0
2370901,55,4,22,5,44,75,13,17,53,83,158,0,4,0,7,11,0,4,10,14,25,3,241
2370902,66,3,14,4,63,84,13,10,26,49,133,0,3,4,8,15,7,3,14,24,39,5,243
2370903,31,7,16,0,78,101,11,13,17,41,142,0,5,0,7,12,0,0,0,0,12,5,190
2370904,56,0,7,4,37,48,10,10,15,35,83,0,0,0,9,9,4,0,5,9,18,0,157
2370905,52,0,12,5,33,50,3,11,13,27,77,3,4,0,9,16,0,4,12,16,32,4,165
2370906,51,3,14,7,45,69,10,10,15,35,104,0,0,0,8,8,0,4,7,11,19,0,174
2370907,118,0,0,0,0,0,0,0,7,7,7,0,0,0,8,8,0,0,12,12,20,6,151
2370908,68,0,13,5,71,89,8,8,13,29,118,0,0,0,8,8,0,0,0,0,8,4,198
2370909,25,0,7,0,43,50,3,3,8,14,64,0,0,0,6,6,3,0,0,3,9,0,98
2371001,81,3,15,11,46,75,10,11,46,67,142,3,9,3,10,25,0,0,15,15,40,4,267
2371002,75,4,7,3,70,84,7,11,37,55,139,0,4,6,7,17,3,6,12,21,38,5,257
2371003,83,0,7,3,61,71,9,8,47,64,135,0,3,7,18,28,0,3,12,15,43,4,265
2371004,15,0,0,7,19,26,8,0,16,24,50,0,0,0,6,6,0,4,3,7,13,0,78
2371005,52,0,8,8,32,48,7,5,15,27,75,3,4,0,10,17,0,0,8,8,25,3,155
2371006,75,5,7,4,42,58,6,8,21,35,93,0,7,3,19,29,0,8,15,23,52,6,226
2371007,48,0,3,4,29,36,9,7,12,28,64,0,0,0,10,10,0,6,10,16,26,3,141
2371008,20,0,7,0,9,16,4,8,15,27,43,0,0,0,8,8,0,4,3,7,15,0,78
2371009,26,3,5,4,20,32,4,3,12,19,51,0,0,0,7,7,0,0,7,7,14,5,96
2371101,44,0,7,5,35,47,0,0,25,25,72,0,3,3,9,15,0,3,10,13,28,0,144
2371102,53,7,8,0,56,71,7,10,44,61,132,0,0,0,12,12,6,0,13,19,31,0,216
2371103,89,0,17,8,53,78,7,9,25,41,119,0,0,0,20,20,4,5,19,28,48,0,256
2371104,55,6,10,4,48,68,4,9,29,42,110,0,0,12,22,34,4,0,14,18,52,5,222
2371105,75,6,5,6,50,67,6,5,47,58,125,0,5,5,30,40,6,5,20,31,71,8,279
2371106,28,0,4,6,17,27,6,0,21,27,54,0,0,0,6,6,0,0,6,6,12,0,94
2371201,51,6,9,0,50,65,7,6,17,30,95,0,6,0,20,26,3,6,19,28,54,5,205
2371202,63,0,9,6,38,53,5,6,13,24,77,0,4,6,22,32,5,0,9,14,46,6,192
2371203,29,3,3,4,34,44,4,8,12,24,68,0,0,0,14,14,3,5,8,16,30,6,133
2371204,50,3,7,7,60,77,6,7,19,32,109,0,6,0,12,18,0,3,17,20,38,12,209
2371205,41,0,12,0,24,36,10,5,15,30,66,0,3,3,17,23,7,5,16,28,51,4,162
2371206,62,0,6,0,55,61,7,7,24,38,99,7,0,0,22,29,0,0,16,16,45,11,217
2371207,44,0,6,0,34,40,0,4,10,14,54,0,0,0,13,13,0,0,13,13,26,0,124
2371208,21,0,0,0,19,19,0,0,11,11,30,0,0,0,4,4,8,0,4,12,16,0,67
2371209,46,0,5,6,21,32,0,6,12,18,50,0,3,0,13,16,0,0,8,8,24,7,127
2371210,23,4,0,0,14,18,0,3,8,11,29,0,3,3,6,12,0,5,9,14,26,3,81
2371211,59,5,8,3,27,43,0,6,23,29,72,0,5,0,12,17,6,0,9,15,32,0,163
2371212,43,3,9,3,44,59,5,4,3,12,71,6,0,3,13,22,0,3,8,11,33,0,147
2371213,31,0,0,0,30,30,4,0,5,9,39,3,0,0,10,13,0,4,7,11,24,5,99
2371301,45,3,7,3,25,38,0,3,18,21,59,0,0,4,10,14,0,3,19,22,36,0,140
2371302,28,0,6,0,28,34,0,0,9,9,43,0,0,4,4,8,3,3,5,11,19,4,94
2371303,36,0,5,4,25,34,5,8,15,28,62,0,3,0,9,12,5,0,13,18,30,0,128
2371304,43,0,6,4,41,51,4,9,24,37,88,0,0,6,11,17,5,0,14,19,36,3,170
2371305,64,0,7,8,42,57,0,7,10,17,74,0,3,3,11,17,0,6,13,19,36,5,179
2371306,45,0,3,4,31,38,0,8,15,23,61,0,0,0,19,19,5,7,19,31,50,8,164
2371307,70,3,14,7,36,60,4,9,15,28,88,4,0,3,16,23,0,8,12,20,43,5,206
2371308,28,0,7,0,28,35,0,3,10,13,48,5,3,5,9,22,0,0,16,16,38,0,114
2371309,60,4,11,3,48,66,0,11,23,34,100,3,3,0,10,16,0,5,21,26,42,7,209
2371310,24,0,5,4,17,26,0,3,16,19,45,0,0,3,9,12,0,0,12,12,24,5,98
2371311,0,0,0,0,0,0,0,0,0,0,0,0,0,0,0,0,0,0,0,0,0,0,0
2371312,19,0,3,3,18,24,6,0,4,10,34,0,0,0,11,11,0,0,11,11,22,4,79
2371313,17,4,4,0,18,26,0,0,12,12,38,0,0,0,8,8,0,3,4,7,15,4,74
2371314,25,0,4,0,17,21,3,0,8,11,32,0,6,0,7,13,0,0,0,0,13,7,77
2371401,30,0,6,0,26,32,0,0,12,12,44,0,7,0,5,12,0,0,15,15,27,4,105
2371402,60,4,10,5,29,48,5,8,17,30,78,0,0,0,17,17,0,10,16,26,43,0,181
2371403,34,3,5,3,12,23,0,6,12,18,41,0,4,0,4,8,4,0,7,11,19,0,94
2371404,70,7,6,3,38,54,5,3,24,32,86,0,0,0,11,11,3,3,18,24,35,0,191
2371405,20,0,0,0,11,11,0,0,7,7,18,0,6,0,0,6,3,0,4,7,13,0,51
2371406,31,0,5,0,29,34,0,0,11,11,45,0,3,0,9,12,0,0,6,6,18,5,99
2371407,35,0,0,0,26,26,7,0,16,23,49,0,3,0,12,15,3,0,6,9,24,3,111
2371408,64,0,7,4,48,59,3,8,19,30,89,0,4,6,17,27,3,4,28,35,62,3,218
2371409,66,0,15,0,40,55,8,6,16,30,85,3,4,3,10,20,0,3,15,18,38,3,192
2371410,54,0,11,9,45,65,14,13,18,45,110,0,0,0,15,15,5,7,17,29,44,5,213
2371501,39,0,6,0,24,30,5,0,13,18,48,0,3,0,13,16,0,0,3,3,19,5,111
2371502,55,0,9,4,32,45,9,14,15,38,83,0,0,0,10,10,0,10,20,30,40,0,178
2371503,43,0,3,3,24,30,3,9,24,36,66,0,8,0,8,16,0,0,8,8,24,0,133
2371504,64,6,8,4,54,72,8,12,34,54,126,0,5,6,17,28,0,8,15,23,51,6,247
2371505,54,4,3,7,22,36,9,6,32,47,83,3,0,5,9,17,3,3,7,13,30,5,172
2371506,41,5,6,0,39,50,10,14,29,53,103,0,0,0,9,9,3,3,16,22,31,4,179
2371507,44,0,9,4,36,49,5,6,17,28,77,0,0,0,8,8,3,4,10,17,25,3,149
2371508,66,0,8,4,45,57,6,18,30,54,111,3,6,0,19,28,4,3,21,28,56,8,241
2371509,37,0,13,0,26,39,5,9,32,46,85,0,0,0,5,5,0,4,16,20,25,5,152
2371510,86,6,31,4,67,108,13,22,36,71,179,0,8,0,11,19,3,0,23,26,45,3,313
2371601,54,0,11,0,35,46,7,11,38,56,102,0,0,6,19,25,4,3,20,27,52,7,215
2371602,93,4,7,9,50,70,10,17,44,71,141,0,0,0,9,9,3,5,14,22,31,0,265
2371603,78,0,12,6,21,39,8,6,26,40,79,0,0,0,5,5,3,6,10,19,24,4,185
2371604,55,0,6,3,26,35,10,7,22,39,74,0,0,0,7,7,0,0,13,13,20,3,152
2371605,65,3,9,5,42,59,16,11,38,65,124,0,0,0,9,9,0,3,14,17,26,0,215
2371606,64,5,14,3,55,77,10,16,43,69,146,3,3,3,13,22,3,4,19,26,48,0,258
2371607,55,5,10,6,34,55,18,9,31,58,113,0,3,3,3,9,5,0,5,10,19,3,190
2371608,66,0,14,0,41,55,10,10,29,49,104,0,3,3,0,6,3,0,10,13,19,0,189
2371609,69,0,8,7,52,67,13,6,26,45,112,0,4,0,11,15,3,5,5,13,28,4,213
2371610,50,0,16,5,46,67,9,14,28,51,118,0,0,3,8,11,0,0,14,14,25,3,196
2371701,62,0,7,3,53,63,3,8,7,18,81,0,0,3,18,21,0,7,19,26,47,3,193
2371702,64,3,8,4,43,58,4,9,27,40,98,0,4,4,11,19,0,6,8,14,33,5,200
2371703,54,0,11,0,56,67,3,6,29,38,105,4,5,0,18,27,4,0,19,23,50,0,209
2371704,18,0,0,0,13,13,0,7,17,24,37,0,0,0,0,0,3,5,0,8,8,0,63
2371705,79,4,13,6,55,78,5,12,34,51,129,0,0,0,12,12,3,5,8,16,28,4,240
2371706,45,0,7,0,40,47,0,6,12,18,65,3,0,3,9,15,0,6,9,15,30,0,140
2371707,31,3,5,5,32,45,3,8,11,22,67,0,6,0,19,25,0,6,16,22,47,3,148
2371708,32,0,13,0,36,49,6,6,16,28,77,0,0,0,13,13,8,6,21,35,48,4,161
2371709,44,4,4,3,32,43,3,7,14,24,67,0,3,4,8,15,0,5,9,14,29,7,147
2371710,49,5,12,6,37,60,7,11,34,52,112,0,4,5,8,17,5,6,7,18,35,0,196
2371711,28,0,8,4,34,46,5,4,25,34,80,0,5,0,16,21,3,3,12,18,39,8,155
2371801,29,0,7,6,26,39,3,4,6,13,52,3,3,3,16,25,0,0,9,9,34,4,119
2371802,43,3,8,3,36,50,3,4,11,18,68,0,0,0,22,22,0,7,18,25,47,4,162
2371803,26,9,9,4,30,52,3,11,10,24,76,0,0,3,10,13,0,4,14,18,31,4,137
2371804,35,0,14,0,28,42,0,6,7,13,55,0,0,0,6,6,0,4,5,9,15,4,109
2371805,92,0,9,0,44,53,8,8,22,38,91,4,0,0,16,20,4,0,21,25,45,8,236
2371806,38,3,16,8,41,68,3,9,17,29,97,0,6,0,12,18,5,5,13,23,41,8,184
2371807,49,0,8,3,28,39,7,3,10,20,59,0,0,0,12,12,3,3,6,12,24,3,135
2371808,38,0,8,0,28,36,3,4,14,21,57,0,0,0,6,6,3,0,5,8,14,4,113
2371809,38,4,5,0,22,31,0,9,9,18,49,4,0,3,12,19,0,0,19,19,38,3,128
2371810,65,0,7,5,36,48,5,3,13,21,69,0,3,0,15,18,5,3,23,31,49,5,188
2371811,49,0,6,0,23,29,0,8,15,23,52,0,3,0,6,9,4,0,11,15,24,0,125
2371812,46,0,3,3,35,41,5,4,12,21,62,0,6,0,12,18,0,0,14,14,32,4,144
2371813,0,0,0,0,0,0,0,0,0,0,0,0,0,0,0,0,0,0,0,0,0,0,0
2371814,41,0,0,0,0,0,0,0,0,0,0,0,0,0,0,0,0,0,0,0,0,0,41
2371901,39,0,7,0,39,46,4,0,7,11,57,0,5,0,11,16,6,6,8,20,36,5,137
2371902,34,0,0,0,26,26,0,4,3,7,33,0,3,0,9,12,0,8,7,15,27,6,100
2371903,40,0,5,0,40,45,0,0,14,14,59,0,0,3,4,7,0,0,12,12,19,6,124
2371904,63,0,9,5,45,59,0,10,15,25,84,3,0,3,20,26,0,6,12,18,44,4,195
2371905,37,0,4,0,37,41,0,3,4,7,48,4,4,0,16,24,0,7,14,21,45,4,134
2371906,25,0,0,0,16,16,3,0,0,3,19,0,0,0,9,9,0,0,8,8,17,0,61
2371907,31,0,0,4,25,29,0,7,4,11,40,0,4,0,8,12,0,3,5,8,20,6,97
2371908,58,0,4,4,20,28,0,3,12,15,43,0,4,0,8,12,0,6,8,14,26,3,130
2371909,32,0,5,5,24,34,4,4,9,17,51,0,0,0,9,9,3,3,11,17,26,6,115
2371910,23,0,0,6,15,21,0,0,0,0,21,0,0,0,3,3,0,3,9,12,15,4,63
2371911,17,0,4,3,25,32,0,0,4,4,36,0,5,0,9,14,0,0,5,5,19,0,72
2371912,32,0,11,0,20,31,0,0,0,0,31,0,0,0,13,13,0,3,7,10,23,0,86
2371913,22,0,4,0,27,31,3,5,7,15,46,0,4,0,8,12,0,0,5,5,17,5,90
2371914,16,0,0,4,18,22,0,0,5,5,27,0,0,0,5,5,0,0,6,6,11,0,54
2371915,0,0,0,0,0,0,0,0,0,0,0,0,0,0,0,0,0,0,0,0,0,0,0
2371916,0,0,0,0,0,0,0,0,0,0,0,0,0,0,0,0,0,0,0,0,0,0,0
2380101,104,0,11,0,57,68,9,15,33,57,125,0,0,0,11,11,0,8,24,32,43,7,279
2380102,56,0,11,0,27,38,0,10,22,32,70,0,3,3,4,10,0,5,8,13,23,3,152
2380103,98,0,15,0,62,77,10,6,37,53,130,0,3,0,19,22,0,3,12,15,37,8,273
2380104,90,5,4,0,55,64,3,8,32,43,107,0,6,0,3,9,3,0,16,19,28,3,228
2380105,112,0,7,3,37,47,12,10,29,51,98,0,4,0,3,7,5,8,15,28,35,3,248
2380106,117,0,14,3,31,48,12,17,47,76,124,0,0,0,10,10,0,5,7,12,22,6,269
2380107,82,0,15,4,53,72,8,8,42,58,130,0,3,0,3,6,5,0,12,17,23,6,241
2380108,77,3,8,0,35,46,5,8,23,36,82,0,4,0,6,10,0,0,12,12,22,6,187
2380109,47,0,0,0,9,9,10,0,12,22,31,0,0,0,3,3,3,0,10,13,16,5,99
2380110,91,3,12,3,30,48,6,13,33,52,100,0,0,0,4,4,0,0,14,14,18,11,220
2380111,44,0,0,0,20,20,0,3,9,12,32,0,0,0,0,0,0,0,12,12,12,0,88
2380112,65,0,6,0,28,34,0,9,20,29,63,0,0,0,9,9,0,0,14,14,23,6,157
2380201,57,0,3,0,30,33,3,3,24,30,63,0,0,0,12,12,0,5,6,11,23,3,146
2380202,68,4,25,4,114,147,7,23,32,62,209,0,4,0,4,8,3,0,9,12,20,5,302
2380203,60,3,5,0,31,39,12,3,25,40,79,0,0,3,6,9,0,0,10,10,19,3,161
2380204,63,0,5,0,39,44,5,4,17,26,70,0,3,3,0,6,0,0,5,5,11,3,147
2380205,85,0,8,3,36,47,0,15,15,30,77,0,5,0,13,18,0,0,13,13,31,0,193
2380206,55,0,6,3,19,28,5,9,18,32,60,0,0,0,3,3,0,0,8,8,11,0,126
2380207,92,6,6,0,31,43,4,8,31,43,86,0,0,0,6,6,0,0,15,15,21,7,206
2380208,29,0,6,3,11,20,5,0,7,12,32,0,0,0,3,3,0,0,4,4,7,0,68
2380209,54,0,9,3,28,40,0,0,17,17,57,0,3,3,5,11,3,0,4,7,18,4,133
2380210,45,4,7,4,40,55,4,6,17,27,82,0,0,0,4,4,3,0,5,8,12,3,142
2380211,91,0,13,0,28,41,4,4,23,31,72,0,0,0,6,6,5,6,19,30,36,6,205
2380212,35,0,4,3,17,24,3,3,9,15,39,0,0,0,4,4,0,0,10,10,14,5,93
2380301,52,0,4,0,31,35,6,7,14,27,62,0,0,0,7,7,0,0,9,9,16,0,130
2380302,89,0,9,3,46,58,9,6,47,62,120,0,0,0,5,5,0,0,13,13,18,0,227
2380303,95,0,15,0,55,70,3,10,25,38,108,0,3,4,6,13,4,0,9,13,26,4,233
2380304,63,0,6,3,41,50,0,0,26,26,76,0,5,0,6,11,0,5,5,10,21,3,163
2380305,56,0,7,3,26,36,6,7,16,29,65,0,0,0,8,8,0,3,10,13,21,3,145
2380306,49,0,0,0,23,23,10,6,22,38,61,0,0,0,7,7,0,0,13,13,20,3,133
2380307,109,0,7,4,44,55,3,12,37,52,107,4,0,0,7,11,5,4,17,26,37,7,260
2380308,36,0,5,0,28,33,0,0,13,13,46,0,0,0,3,3,3,0,7,10,13,5,100
2380309,89,0,6,0,19,25,0,7,26,33,58,0,0,0,7,7,0,5,10,15,22,6,175
2380310,106,0,7,0,43,50,3,12,39,54,104,0,3,3,7,13,7,0,17,24,37,5,252
2380311,44,5,0,0,25,30,11,6,26,43,73,0,5,0,0,5,0,6,5,11,16,0,133
2380312,65,4,6,0,54,64,6,10,22,38,102,0,4,0,10,14,3,3,10,16,30,3,200
2380313,0,0,0,0,0,0,0,0,0,0,0,0,0,0,0,0,0,0,0,0,0,0,0
2380401,62,0,9,0,27,36,4,4,26,34,70,0,0,0,9,9,0,7,6,13,22,0,154
2380402,33,0,0,5,31,36,0,5,9,14,50,0,3,0,0,3,0,3,7,10,13,3,99
2380403,70,0,8,0,39,47,7,8,15,30,77,0,0,0,0,0,3,3,10,16,16,4,167
2380404,144,6,12,4,66,88,8,21,35,64,152,0,3,0,12,15,0,3,15,18,33,7,336
2380405,35,0,14,0,25,39,5,13,28,46,85,0,0,0,6,6,0,0,6,6,12,0,132
2380406,55,0,11,4,33,48,6,13,25,44,92,0,4,0,5,9,0,6,3,9,18,0,165
2380407,70,0,17,0,33,50,7,16,43,66,116,3,3,0,5,11,0,0,4,4,15,0,201
2380408,80,0,8,0,39,47,4,15,29,48,95,0,0,3,8,11,0,9,10,19,30,0,205
2380409,62,0,9,0,47,56,9,17,27,53,109,0,0,0,4,4,5,0,19,24,28,3,202
2380410,61,0,12,0,24,36,3,7,19,29,65,0,0,0,5,5,0,6,3,9,14,5,145
2380411,64,0,5,0,35,40,0,6,9,15,55,0,0,0,12,12,4,5,9,18,30,8,157
2380412,0,0,0,0,0,0,0,0,0,0,0,0,0,0,0,0,0,0,0,0,0,0,0
2380501,66,3,5,0,25,33,8,7,17,32,65,0,0,0,7,7,0,0,0,0,7,5,143
2380502,42,4,7,0,40,51,6,18,19,43,94,0,0,0,7,7,3,0,4,7,14,5,155
2380503,46,5,21,3,45,74,12,19,26,57,131,0,0,0,0,0,0,4,6,10,10,0,187
2380504,59,0,16,0,41,57,11,8,24,43,100,3,0,0,6,9,3,0,6,9,18,3,180
2380505,80,10,28,0,75,113,16,12,40,68,181,6,0,0,5,11,4,4,8,16,27,0,288
2380506,45,0,4,0,36,40,6,0,14,20,60,0,4,0,6,10,0,8,8,16,26,0,131
2380507,92,5,30,3,55,93,21,33,40,94,187,0,0,0,10,10,3,0,11,14,24,3,306
2380508,57,0,14,3,61,78,13,17,27,57,135,0,0,0,7,7,3,5,6,14,21,0,213
2380509,53,0,15,6,26,47,9,26,45,80,127,0,3,0,3,6,3,3,3,9,15,3,198
2380510,61,4,14,4,38,60,13,33,39,85,145,0,0,0,0,0,0,0,15,15,15,0,221
2380511,64,0,19,0,48,67,17,14,24,55,122,0,8,0,4,12,0,4,8,12,24,0,210
2380512,64,0,23,5,61,89,11,31,40,82,171,0,4,0,6,10,3,6,5,14,24,5,264
2380513,55,0,9,3,24,36,6,12,9,27,63,0,6,0,0,6,0,0,10,10,16,0,134
2380514,52,3,18,4,67,92,19,21,35,75,167,0,0,0,5,5,3,3,7,13,18,0,237
2380515,44,5,13,4,41,63,11,28,29,68,131,0,4,0,5,9,0,4,4,8,17,3,195
2380601,35,3,10,3,39,55,9,20,18,47,102,0,6,0,3,9,3,3,3,9,18,0,155
2380602,56,5,27,0,69,101,28,25,36,89,190,0,3,0,3,6,0,0,7,7,13,4,263
2380603,57,3,16,0,47,66,20,19,29,68,134,0,0,0,5,5,3,6,7,16,21,4,216
2380604,55,3,27,8,70,108,14,20,41,75,183,0,5,0,0,5,3,3,14,20,25,0,263
2380605,97,0,15,7,86,108,10,12,25,47,155,0,0,3,12,15,0,6,10,16,31,5,288
2380606,61,0,24,6,59,89,27,25,26,78,167,0,3,0,9,12,3,0,8,11,23,4,255
2380607,68,0,18,4,52,74,14,24,22,60,134,0,0,0,7,7,0,5,7,12,19,4,225
2380608,14,3,14,0,34,51,13,8,19,40,91,7,0,0,0,7,0,0,7,7,14,3,122
2380609,47,4,21,3,45,73,9,18,17,44,117,0,0,0,5,5,4,0,3,7,12,0,176
2380610,54,0,29,0,56,85,15,28,47,90,175,3,0,0,3,6,0,7,9,16,22,5,256
2380611,46,5,25,4,61,95,12,32,33,77,172,0,3,0,13,16,0,3,11,14,30,0,248
2380612,71,4,23,0,72,99,14,30,29,73,172,0,0,0,8,8,0,8,0,8,16,4,263
2380613,16,9,8,0,37,54,10,14,13,37,91,0,5,0,6,11,0,0,0,0,11,0,118
2380701,74,4,16,5,54,79,11,29,41,81,160,0,7,0,9,16,0,0,9,9,25,5,264
2380702,76,0,23,0,63,86,18,14,60,92,178,0,3,4,13,20,8,0,11,19,39,3,296
2380703,71,0,13,0,35,48,7,16,29,52,100,0,4,0,5,9,3,5,16,24,33,0,204
2380704,85,4,12,0,52,68,14,20,35,69,137,0,0,0,3,3,3,3,11,17,20,0,242
2380705,59,5,15,0,45,65,0,11,20,31,96,0,0,3,8,11,0,4,4,8,19,4,178
2380706,87,3,14,6,43,66,13,14,33,60,126,0,4,0,8,12,0,9,13,22,34,3,250
2380707,63,5,8,0,48,61,6,17,23,46,107,0,3,0,6,9,0,4,9,13,22,3,195
2380708,74,0,11,4,63,78,4,16,26,46,124,0,4,0,9,13,4,0,12,16,29,4,231
2380709,70,4,18,6,40,68,15,15,43,73,141,3,0,0,7,10,0,4,10,14,24,8,243
2380710,109,6,23,0,65,94,15,21,44,80,174,0,3,0,3,6,3,9,17,29,35,5,323
2380711,47,3,7,3,23,36,6,8,30,44,80,0,0,0,4,4,0,3,12,15,19,0,146
2380712,40,0,11,0,25,36,4,19,20,43,79,0,0,0,0,0,0,4,6,10,10,0,129
2380713,0,0,0,0,0,0,0,0,0,0,0,0,0,0,0,0,0,0,0,0,0,0,0
2380801,112,0,10,0,35,45,6,10,23,39,84,0,0,0,0,0,0,0,22,22,22,3,221
2380802,35,0,5,0,11,16,0,7,8,15,31,0,0,3,13,16,0,5,10,15,31,7,104
2380803,69,0,12,0,39,51,7,21,13,41,92,0,0,0,0,0,0,7,8,15,15,5,181
2380804,62,0,8,0,29,37,4,10,19,33,70,0,0,0,5,5,0,6,6,12,17,3,152
2380805,70,0,4,0,46,50,7,9,25,41,91,0,0,0,11,11,0,6,7,13,24,5,190
2380806,41,0,4,0,23,27,4,3,20,27,54,0,0,0,6,6,0,4,10,14,20,0,115
2380807,61,0,11,0,26,37,0,10,19,29,66,0,0,0,10,10,0,7,12,19,29,5,161
2380808,45,0,0,0,19,19,0,0,15,15,34,0,0,0,4,4,0,4,8,12,16,0,95
2380809,38,0,3,0,16,19,0,4,14,18,37,0,0,0,4,4,0,0,10,10,14,5,94
2380810,64,0,3,3,42,48,3,14,29,46,94,0,3,0,0,3,0,3,8,11,14,0,172
2380811,76,0,9,0,47,56,6,12,28,46,102,0,4,3,11,18,4,3,5,12,30,9,217
2380812,51,0,5,0,47,52,5,8,18,31,83,0,3,0,6,9,0,0,11,11,20,3,157
2380813,75,0,6,0,39,45,3,12,22,37,82,0,0,0,17,17,5,4,7,16,33,6,196
2380814,37,0,9,0,19,28,6,16,22,44,72,0,3,0,0,3,0,3,6,9,12,4,125
2380815,28,0,0,0,0,0,0,0,4,4,4,0,0,0,4,4,0,0,9,9,13,0,45
2380816,80,0,0,0,13,13,0,3,7,10,23,0,0,0,0,0,0,4,8,12,12,7,122
2380901,76,0,8,5,34,47,3,10,18,31,78,0,0,0,3,3,0,4,12,16,19,3,176
2380902,54,0,0,0,35,35,4,5,14,23,58,0,0,0,4,4,3,0,8,11,15,3,130
2380903,67,3,7,3,27,40,4,8,15,27,67,0,8,0,12,20,0,5,12,17,37,7,178
2380904,53,0,0,0,22,22,0,7,14,21,43,0,0,0,4,4,0,3,8,11,15,4,115
2380905,63,0,0,0,38,38,0,8,19,27,65,0,0,3,13,16,0,3,10,13,29,5,162
2380906,40,0,11,0,27,38,3,5,25,33,71,0,0,0,3,3,0,6,8,14,17,0,128
2380907,82,0,9,0,44,53,8,15,36,59,112,0,0,0,9,9,7,0,12,19,28,3,225
2380908,109,3,10,0,45,58,7,11,29,47,105,0,4,3,5,12,0,6,19,25,37,6,257
2380909,103,0,18,0,60,78,9,13,28,50,128,0,0,0,6,6,5,0,13,18,24,6,261
2380910,82,0,12,0,43,55,13,12,35,60,115,3,3,4,6,16,0,3,16,19,35,3,235
2380911,67,0,0,5,29,34,0,4,13,17,51,0,5,4,8,17,0,8,15,23,40,5,163
2380912,65,0,3,0,28,31,3,4,9,16,47,0,3,4,0,7,0,0,9,9,16,3,131
2380913,53,3,4,3,21,31,6,5,19,30,61,0,0,0,5,5,6,0,8,14,19,0,133
2380914,13,0,0,0,6,6,0,3,4,7,13,0,3,0,0,3,0,0,4,4,7,4,37
2381001,47,3,11,3,48,65,4,6,23,33,98,0,0,0,0,0,0,4,10,14,14,6,165
2381002,59,0,4,5,35,44,5,0,10,15,59,0,0,0,9,9,0,0,15,15,24,4,146
2381003,58,0,6,0,31,37,6,6,19,31,68,0,0,0,11,11,0,6,11,17,28,0,154
2381004,65,0,5,0,33,38,5,7,14,26,64,0,3,3,3,9,0,5,15,20,29,3,161
2381005,101,4,10,0,59,73,12,5,19,36,109,0,3,3,13,19,3,6,21,30,49,3,262
2381006,50,0,0,6,30,36,0,3,12,15,51,0,3,0,3,6,0,0,11,11,17,3,121
2381007,53,0,6,0,33,39,0,6,19,25,64,0,3,0,7,10,5,0,10,15,25,0,142
2381008,69,0,3,0,32,35,3,3,15,21,56,0,3,0,4,7,3,8,7,18,25,4,154
2381009,95,0,16,0,62,78,0,8,28,36,114,0,4,0,8,12,0,6,17,23,35,8,252
2381010,103,4,5,0,45,54,3,8,16,27,81,0,0,4,8,12,0,5,18,23,35,0,219
2381011,43,0,0,0,23,23,3,5,16,24,47,0,4,0,6,10,0,0,11,11,21,0,111
2381012,40,0,0,0,20,20,6,0,10,16,36,0,0,4,5,9,0,0,5,5,14,0,90
2381013,56,4,8,0,23,35,3,6,19,28,63,0,3,0,8,11,0,5,4,9,20,5,144
2381014,56,0,6,0,31,37,0,8,5,13,50,0,3,0,4,7,0,0,10,10,17,3,126
2381015,78,0,5,4,40,49,5,10,17,32,81,0,0,0,10,10,0,3,17,20,30,10,199
2381016,56,0,3,0,28,31,7,4,6,17,48,0,0,0,3,3,0,3,9,12,15,3,122
2381101,59,4,6,0,45,55,10,13,33,56,111,6,0,0,0,6,3,4,11,18,24,0,194
2381102,68,0,13,0,63,76,3,6,34,43,119,3,3,0,5,11,3,0,14,17,28,7,222
2381103,77,0,24,3,86,113,11,21,43,75,188,0,0,0,11,11,0,7,18,25,36,10,311
2381104,87,0,20,4,67,91,13,19,25,57,148,0,5,0,6,11,6,9,11,26,37,0,272
2381105,73,0,6,0,42,48,3,11,16,30,78,0,5,0,10,15,0,5,14,19,34,5,190
2381106,46,0,3,0,23,26,4,8,9,21,47,0,3,0,4,7,0,0,10,10,17,3,113
2381107,86,0,11,5,51,67,5,9,21,35,102,0,0,0,12,12,0,8,5,13,25,0,213
2381108,31,0,5,0,12,17,0,0,11,11,28,0,0,0,0,0,4,0,4,8,8,0,67
2381109,81,3,23,7,47,80,18,18,31,67,147,0,5,0,4,9,0,0,8,8,17,3,248
2381110,95,0,16,4,56,76,12,14,31,57,133,0,0,5,8,13,4,6,13,23,36,0,264
2381111,87,3,9,3,29,44,5,5,9,19,63,0,0,0,5,5,0,0,20,20,25,0,175
2381112,32,0,0,0,17,17,3,6,11,20,37,0,0,0,0,0,3,5,5,13,13,0,82
2381113,61,0,6,0,28,34,3,11,17,31,65,0,0,0,9,9,0,5,9,14,23,0,149
2381201,73,5,34,4,60,103,26,23,30,79,182,0,0,0,0,0,0,0,6,6,6,4,265
2381202,58,3,18,3,58,82,19,17,23,59,141,3,0,3,7,13,0,0,11,11,24,3,226
2381203,82,0,19,3,64,86,21,19,23,63,149,0,0,0,0,0,0,0,10,10,10,5,246
2381204,61,0,20,4,50,74,8,14,22,44,118,0,3,4,12,19,4,6,11,21,40,0,219
2381205,85,4,12,5,68,89,9,25,26,60,149,0,3,0,4,7,3,0,14,17,24,4,262
2381206,42,4,19,0,65,88,10,12,28,50,138,0,0,0,4,4,6,3,0,9,13,3,196
2381208,85,3,30,12,65,110,16,22,28,66,176,0,4,0,3,7,0,3,10,13,20,3,284
2381209,46,0,13,0,45,58,5,11,15,31,89,0,0,0,3,3,0,3,10,13,16,4,155
2381210,52,3,12,0,35,50,12,15,21,48,98,0,0,0,5,5,0,0,0,0,5,0,155
2381211,46,0,12,0,38,50,9,13,8,30,80,0,0,0,0,0,0,0,6,6,6,0,132
2381212,27,4,23,0,28,55,10,19,15,44,99,0,0,0,5,5,0,0,0,0,5,0,131
2381213,51,0,10,4,50,64,7,10,14,31,95,0,0,0,4,4,0,0,13,13,17,3,166
2381301,59,5,18,3,52,78,12,19,27,58,136,0,4,0,4,8,0,0,12,12,20,4,219
2381302,18,0,9,0,40,49,8,8,16,32,81,0,0,0,3,3,0,0,0,0,3,0,102
2381303,28,3,7,4,42,56,7,6,18,31,87,4,3,0,11,18,3,5,5,13,31,0,146
2381304,38,0,20,5,47,72,3,15,15,33,105,0,0,0,0,0,0,0,6,6,6,0,149
2381305,62,8,4,3,50,65,7,18,9,34,99,0,5,0,9,14,0,0,9,9,23,4,188
2381306,32,0,5,0,18,23,5,6,9,20,43,0,0,0,0,0,0,0,0,0,0,0,75
2381307,54,8,15,0,35,58,5,11,20,36,94,0,6,0,5,11,0,0,5,5,16,0,164
2381308,18,4,13,0,26,43,0,6,10,16,59,0,0,0,3,3,0,3,0,3,6,0,83
2381309,59,3,21,3,52,79,7,7,29,43,122,0,0,0,7,7,0,4,11,15,22,0,203
2381310,32,0,26,6,51,83,16,15,17,48,131,0,0,0,0,0,3,0,0,3,3,3,169
2381311,27,0,8,4,24,36,4,4,12,20,56,0,0,0,0,0,0,0,6,6,6,0,89
2381312,31,0,9,3,32,44,3,0,15,18,62,0,3,0,3,6,0,0,6,6,12,0,105
2381313,52,0,26,7,60,93,12,10,24,46,139,0,0,0,3,3,0,0,3,3,6,0,197
2390101,0,0,0,0,0,0,0,0,0,0,0,0,0,0,0,0,0,0,0,0,0,0,0
2390102,0,0,0,0,0,0,0,0,0,0,0,0,0,0,0,0,0,0,0,0,0,0,0
2390201,0,0,0,0,0,0,0,0,0,0,0,0,0,0,0,0,0,0,0,0,0,0,0
2390202,0,0,0,0,0,0,0,0,0,0,0,0,0,0,0,0,0,0,0,0,0,0,0
2390203,0,0,0,0,0,0,0,0,0,0,0,0,0,0,0,0,0,0,0,0,0,0,0
2390204,0,0,0,0,0,0,0,0,0,0,0,0,0,0,0,0,0,0,0,0,0,0,0
2390205,0,0,0,0,0,0,0,0,0,0,0,0,0,0,0,0,0,0,0,0,0,0,0
2390206,0,0,0,0,0,0,0,0,0,0,0,0,0,0,0,0,0,0,0,0,0,0,0
2390207,0,0,0,0,0,0,0,0,0,0,0,0,0,0,0,0,0,0,0,0,0,0,0
2390208,0,0,0,0,0,0,0,0,0,0,0,0,0,0,0,0,0,0,0,0,0,0,0
2999499,0,0,0,0,0,0,0,0,0,0,0,0,0,0,0,0,0,0,0,0,0,0,0
