region_id,B4467,B4468,B4469,B4470,B4471,B4472,B4473,B4474
2010101,8,20,27,20,0,75,4,79
2010102,0,11,13,13,11,48,3,51
2010103,9,49,58,17,8,141,8,149
2010104,0,14,14,9,15,52,0,52
2010106,31,125,111,28,9,304,20,324
2010108,0,11,62,31,19,123,7,130
2010109,5,33,79,29,24,170,8,178
2010110,5,36,90,41,25,197,3,200
2010111,40,108,100,31,15,294,17,311
2010112,0,0,0,0,0,0,0,0
2010201,6,64,124,59,43,296,10,306
2010202,9,39,74,25,14,161,6,167
2010203,3,35,38,16,16,108,6,114
2010204,3,37,67,28,12,147,3,150
2010205,4,17,69,37,25,152,0,152
2010206,31,106,150,29,10,326,14,340
2010207,25,92,113,20,10,260,13,273
2010208,9,72,105,20,4,210,6,216
2010209,14,115,94,22,10,255,4,259
2010210,0,10,43,27,6,86,0,86
2010211,9,83,108,12,3,215,6,221
2010212,5,32,65,21,6,129,3,132
2010213,0,55,100,26,7,188,6,194
2010301,33,107,112,17,8,277,12,289
2010302,42,105,93,22,11,273,15,288
2010303,31,97,72,15,9,224,11,235
2010304,0,8,32,22,8,70,0,70
2010305,4,40,102,52,32,230,15,245
2010306,5,63,94,34,24,220,7,227
2010307,0,19,28,11,12,70,4,74
2010308,6,58,55,25,12,156,10,166
2010309,5,6,17,6,10,44,0,44
2010310,12,26,19,12,5,74,8,82
2010311,20,89,95,23,11,238,6,244
2010312,0,23,36,21,13,93,3,96
2010401,6,70,130,19,8,233,0,233
2010402,12,82,76,13,0,183,0,183
2010403,29,120,181,50,8,388,19,407
2010404,19,87,78,15,5,204,8,212
2010405,31,57,32,8,0,128,16,144
2010406,27,77,40,6,3,153,16,169
2010407,17,33,19,11,4,84,4,88
2010408,14,49,24,9,0,96,0,96
2010409,23,73,61,10,0,167,7,174
2010410,56,92,62,15,0,225,14,239
2010501,19,63,35,13,6,136,4,140
2010502,34,86,43,11,3,177,11,188
2010503,47,138,120,21,9,335,16,351
2010504,29,77,60,18,0,184,16,200
2010505,32,115,90,26,5,268,22,290
2010506,24,59,37,12,9,141,11,152
2010507,21,73,60,13,4,171,9,180
2010508,4,45,119,64,28,260,10,270
2010509,38,71,41,18,6,174,8,182
2010510,6,54,90,30,18,198,4,202
2010601,35,128,115,20,7,305,17,322
2010602,30,116,150,36,8,340,19,359
2010603,20,140,131,29,13,333,11,344
2010604,21,56,71,12,9,169,6,175
2010605,39,120,103,17,6,285,9,294
2010606,12,78,103,18,11,222,8,230
2010607,58,117,65,15,10,265,19,284
2010608,12,19,24,12,6,73,0,73
2010609,10,38,21,6,0,75,5,80
2010610,22,94,108,18,4,246,12,258
2010701,30,57,45,4,6,142,17,159
2010702,48,92,75,24,11,250,19,269
2010703,9,20,32,9,8,78,0,78
2010704,3,35,62,23,22,145,12,157
2010705,8,38,75,42,21,184,29,213
2010706,12,39,83,38,13,185,18,203
2010707,0,5,21,18,16,60,3,63
2010708,28,73,70,23,3,197,24,221
2010709,0,0,0,0,0,0,0,0
2010801,3,17,22,16,5,63,5,68
2010803,0,21,23,9,7,60,4,64
2010804,5,13,34,15,15,82,34,116
2010805,18,69,76,13,8,184,28,212
2010806,0,31,54,19,13,117,9,126
2010807,7,46,29,14,4,100,10,110
2010808,6,47,55,13,7,128,4,132
2010809,0,12,21,18,20,71,0,71
2010901,15,42,83,37,16,193,15,208
2010902,0,22,45,32,6,105,0,105
2010903,9,64,114,60,46,293,4,297
2010904,3,34,48,21,4,110,0,110
2010905,0,17,36,17,15,85,0,85
2010906,0,3,16,10,13,42,0,42
2010907,0,17,30,9,3,59,0,59
2010908,0,12,61,26,20,119,6,125
2010909,5,9,25,13,20,72,0,72
2010910,3,47,91,42,17,200,5,205
2010911,9,79,85,18,6,197,12,209
2010912,0,18,49,8,6,81,0,81
2011001,31,96,58,0,7,192,9,201
2011002,52,105,74,11,5,247,18,265
2011003,21,85,102,24,10,242,6,248
2011004,10,63,85,20,12,190,9,199
2011005,26,69,90,31,8,224,0,224
2011006,31,76,62,23,3,195,6,201
2011007,24,75,63,16,12,190,11,201
2011008,17,92,96,31,11,247,8,255
2011009,16,44,57,15,12,144,4,148
2011101,0,8,17,11,5,41,3,44
2011102,0,5,17,13,14,49,0,49
2011103,26,111,78,27,11,253,13,266
2011104,0,5,14,6,7,32,0,32
2011105,0,8,21,4,12,45,0,45
2011106,7,16,17,10,3,53,3,56
2011107,0,0,11,3,11,25,0,25
2011108,0,13,12,7,6,38,4,42
2011202,0,25,18,13,12,68,3,71
2011203,24,87,92,25,7,235,9,244
2011204,0,8,9,10,15,42,0,42
2011205,4,10,11,6,11,42,0,42
2011206,3,5,21,13,11,53,3,56
2011208,20,133,126,28,7,314,11,325
2011209,0,3,19,8,16,46,3,49
2011210,0,8,17,12,18,55,0,55
2011211,23,93,68,26,8,218,9,227
2011212,13,78,78,28,15,212,8,220
2011301,3,22,32,8,15,80,0,80
2011302,16,84,106,30,4,240,8,248
2011303,0,5,18,12,12,47,4,51
2011304,0,4,15,9,14,42,0,42
2011305,0,17,37,13,22,89,0,89
2011306,0,36,33,8,0,77,4,81
2011307,3,8,30,10,12,63,0,63
2011308,0,7,11,9,6,33,0,33
2011309,10,22,30,17,6,85,3,88
2011401,3,12,16,8,0,39,0,39
2011402,0,10,8,8,15,41,0,41
2011404,14,68,78,19,7,186,8,194
2011405,33,87,73,30,7,230,11,241
2011406,0,8,20,11,6,45,3,48
2011407,4,28,42,9,3,86,6,92
2011408,0,3,15,3,9,30,5,35
2011409,0,5,12,16,14,47,0,47
2011410,0,6,11,7,23,47,0,47
2011412,8,43,38,10,4,103,3,106
2011501,3,9,27,9,11,59,3,62
2011502,0,0,19,7,18,44,0,44
2011503,28,96,98,33,16,271,10,281
2011504,0,4,12,11,15,42,0,42
2011505,4,39,38,18,6,105,8,113
2011506,0,8,21,4,18,51,4,55
2011507,0,8,20,6,9,43,0,43
2011508,17,83,58,16,0,174,9,183
2011601,25,84,73,16,3,201,7,208
2011602,7,38,72,39,27,183,14,197
2011603,22,117,119,27,8,293,15,308
2011604,0,14,49,22,26,111,0,111
2011605,0,31,93,40,31,195,11,206
2011606,8,35,86,37,16,182,3,185
2011607,14,85,147,57,19,322,20,342
2011608,15,50,116,50,23,254,10,264
2011609,6,36,93,38,33,206,4,210
2011610,0,17,70,30,6,123,0,123
2011701,0,4,14,3,11,32,0,32
2011702,0,10,24,10,26,70,3,73
2011703,0,11,26,16,21,74,0,74
2011704,4,0,17,11,11,43,0,43
2011705,0,4,17,6,15,42,0,42
2011706,21,91,102,23,9,246,11,257
2011707,17,91,109,23,18,258,8,266
2011708,34,74,61,20,4,193,14,207
2011709,4,19,27,10,0,60,0,60
2011710,0,13,21,9,16,59,0,59
2011711,16,83,76,24,9,208,10,218
2011801,0,42,56,20,8,126,3,129
2011802,56,148,106,19,4,333,19,352
2011803,19,87,68,13,6,193,4,197
2011804,66,132,107,28,4,337,17,354
2011805,16,70,52,9,6,153,16,169
2011806,22,65,25,5,6,123,10,133
2011807,30,70,54,18,3,175,12,187
2011808,16,82,86,17,4,205,4,209
2011809,18,87,86,9,7,207,6,213
2011810,11,62,59,3,6,141,6,147
2011811,35,136,99,24,5,299,16,315
2011812,0,9,28,12,6,55,0,55
2011813,5,44,95,28,9,181,3,184
2011814,5,41,70,11,12,139,4,143
2011902,0,7,31,15,18,71,3,74
2011903,5,13,24,17,0,59,4,63
2011904,0,6,14,7,15,42,0,42
2011905,0,3,11,6,11,31,4,35
2011906,24,77,59,11,0,171,7,178
2011907,0,4,13,11,10,38,0,38
2011908,48,106,85,25,8,272,13,285
2011909,3,7,17,13,0,40,0,40
2011910,0,8,13,8,15,44,0,44
2011911,0,44,65,24,6,139,4,143
2011912,22,74,64,18,9,187,15,202
2012001,0,4,19,11,3,37,0,37
2012002,0,16,26,6,7,55,4,59
2012003,22,84,53,16,3,178,4,182
2012004,0,6,13,14,5,38,5,43
2012005,25,66,55,13,7,166,12,178
2012006,0,4,20,10,13,47,0,47
2012007,0,0,20,19,20,59,0,59
2012009,12,89,68,17,10,196,5,201
2012010,15,63,55,25,4,162,5,167
2012011,31,106,83,33,8,261,13,274
2012012,0,0,17,10,11,38,0,38
2012101,0,11,14,12,10,47,0,47
2012102,0,7,36,17,18,78,5,83
2012103,9,90,66,10,9,184,4,188
2012104,17,49,71,17,3,157,5,162
2012105,7,64,59,17,0,147,11,158
2012106,0,5,16,13,15,49,0,49
2012107,0,0,17,5,20,42,0,42
2012108,15,58,49,23,9,154,8,162
2012201,17,96,167,30,8,318,11,329
2012202,43,83,51,7,5,189,10,199
2012203,14,90,114,23,16,257,20,277
2012204,23,74,52,15,3,167,11,178
2012205,14,74,63,17,3,171,4,175
2012206,28,95,70,20,3,216,10,226
2012207,12,53,22,8,0,95,6,101
2012208,17,94,125,27,17,280,11,291
2020101,0,15,31,10,9,65,3,68
2020102,6,20,42,18,11,97,3,100
2020103,0,12,17,20,8,57,4,61
2020104,5,34,72,26,19,156,6,162
2020105,0,23,60,33,24,140,7,147
2020106,24,126,119,46,15,330,24,354
2020107,0,21,51,18,22,112,0,112
2020108,0,19,33,14,13,79,3,82
2020109,6,24,22,14,10,76,0,76
2020110,0,8,34,28,24,94,0,94
2020111,0,7,21,16,15,59,4,63
2020112,5,29,39,11,4,88,10,98
2020201,22,67,78,27,15,209,6,215
2020202,22,92,71,16,3,204,8,212
2020203,22,123,83,21,9,258,24,282
2020204,15,65,43,13,5,141,4,145
2020205,27,107,123,41,19,317,20,337
2020206,24,110,119,34,7,294,19,313
2020301,0,20,44,22,12,98,4,102
2020302,4,34,60,15,21,134,6,140
2020303,0,11,37,10,4,62,5,67
2020304,9,39,45,8,3,104,6,110
2020305,0,19,46,26,22,113,3,116
2020306,9,70,55,13,7,154,20,174
2020307,22,91,83,15,7,218,11,229
2020308,16,54,56,18,0,144,10,154
2020309,0,22,45,20,19,106,3,109
2020310,8,76,96,29,6,215,22,237
2020401,0,12,39,13,19,83,6,89
2020402,0,25,46,29,27,127,0,127
2020403,13,71,88,13,11,196,10,206
2020404,0,16,37,16,16,85,3,88
2020405,0,14,12,8,8,42,4,46
2020406,0,15,38,21,17,91,3,94
2020407,3,36,49,21,8,117,5,122
2020408,24,93,80,25,13,235,9,244
2020409,13,71,73,17,10,184,10,194
2020410,3,34,77,38,14,166,7,173
2020411,24,107,108,38,17,294,15,309
2020412,4,48,100,41,34,227,11,238
2020413,0,11,25,15,0,51,0,51
2020501,25,112,72,17,3,229,7,236
2020502,16,73,83,19,9,200,9,209
2020503,0,18,52,16,17,103,0,103
2020504,11,28,38,9,3,89,9,98
2020505,20,87,74,15,6,202,8,210
2020506,33,78,41,11,6,169,10,179
2020507,35,121,103,24,3,286,12,298
2020508,9,63,79,14,5,170,0,170
2020509,16,99,103,22,4,244,15,259
2020510,22,88,53,11,10,184,9,193
2020511,11,49,63,21,8,152,3,155
2020512,4,63,102,38,15,222,7,229
2020601,4,23,56,26,12,121,6,127
2020602,15,43,42,11,5,116,0,116
2020603,7,70,57,18,12,164,6,170
2020604,7,23,42,16,14,102,4,106
2020605,0,35,93,44,28,200,0,200
2020606,0,4,20,13,9,46,0,46
2020607,0,28,49,22,22,121,8,129
2020608,0,27,86,37,12,162,7,169
2020701,0,45,118,61,38,262,5,267
2020702,3,33,76,28,18,158,3,161
2020703,15,72,90,9,9,195,3,198
2020704,21,101,84,24,10,240,6,246
2020705,18,83,104,37,15,257,18,275
2020706,4,27,61,32,39,163,8,171
2020707,0,38,54,32,33,157,3,160
2020708,23,72,68,17,4,184,10,194
2020709,14,69,57,14,8,162,10,172
2020710,3,26,80,31,6,146,5,151
2020801,17,74,67,13,3,174,4,178
2020802,7,35,47,17,5,111,7,118
2020803,6,52,84,17,3,162,5,167
2020804,3,22,35,8,3,71,0,71
2020805,37,114,86,15,3,255,7,262
2020806,38,88,37,7,0,170,21,191
2020807,39,115,103,18,4,279,13,292
2020808,9,72,102,22,3,208,7,215
2020809,9,96,101,21,4,231,11,242
2020810,4,100,178,39,4,325,11,336
2020901,35,140,98,23,5,301,22,323
2020902,13,26,29,4,0,72,3,75
2020903,14,61,27,11,0,113,4,117
2020904,52,67,54,21,8,202,12,214
2020905,30,91,84,22,0,227,10,237
2020906,43,102,64,15,0,224,15,239
2020907,18,102,109,24,0,253,17,270
2020908,16,86,136,38,13,289,14,303
2020909,18,81,63,8,5,175,6,181
2020910,15,133,136,49,16,349,9,358
2021001,3,71,138,65,50,327,9,336
2021002,0,14,55,33,21,123,7,130
2021003,12,60,49,21,7,149,10,159
2021004,3,23,52,22,22,122,0,122
2021005,6,27,92,46,29,200,7,207
2021006,5,33,62,41,21,162,0,162
2021007,3,15,64,30,14,126,4,130
2021008,5,29,62,22,20,138,9,147
2021009,8,25,33,0,0,66,6,72
2021010,18,119,97,38,13,285,15,300
2021011,3,30,77,44,17,171,3,174
2021012,3,18,67,32,32,152,5,157
2021013,5,21,65,29,16,136,7,143
2021101,0,25,77,46,33,181,6,187
2021102,0,20,66,21,16,123,6,129
2021103,10,48,79,20,9,166,3,169
2021104,0,27,64,23,27,141,7,148
2021105,0,28,61,32,30,151,4,155
2021106,6,31,53,41,15,146,9,155
2021107,8,22,64,25,13,132,3,135
2021108,4,49,62,15,7,137,4,141
2021109,17,133,126,30,9,315,17,332
2021110,24,108,70,20,5,227,6,233
2021111,13,70,68,19,13,183,13,196
2021112,0,23,49,29,13,114,4,118
2021113,8,63,67,27,15,180,0,180
2021114,6,11,43,19,16,95,4,99
2021115,0,18,31,15,10,74,3,77
2021201,21,99,162,43,9,334,14,348
2021202,52,121,59,21,5,258,23,281
2021203,32,118,77,21,4,252,10,262
2021204,7,84,103,24,5,223,10,233
2021205,29,92,88,10,8,227,15,242
2021206,32,25,12,4,6,79,0,79
2021207,31,96,57,19,3,206,11,217
2021208,8,47,97,44,12,208,8,216
2021209,19,105,94,33,22,273,8,281
2021210,3,29,94,27,26,179,9,188
2021211,6,31,63,25,7,132,3,135
2021212,16,94,74,31,3,218,5,223
2021213,13,97,102,27,8,247,11,258
2021214,0,0,0,0,0,0,0,0
2021215,12,96,90,33,13,244,4,248
2021216,0,9,45,20,14,88,6,94
2021301,0,31,82,37,36,186,4,190
2021302,0,16,47,34,39,136,0,136
2021303,0,15,36,27,13,91,5,96
2021304,0,11,39,21,15,86,4,90
2021305,5,17,43,23,9,97,8,105
2021306,4,28,53,28,22,135,4,139
2021307,4,29,88,45,39,205,7,212
2021308,4,4,15,11,16,50,0,50
2021309,0,12,29,10,8,59,0,59
2021310,0,14,43,12,9,78,7,85
2021311,0,26,33,11,3,73,3,76
2021401,4,20,38,8,19,89,0,89
2021402,6,26,46,18,20,116,4,120
2021403,0,48,65,49,30,192,8,200
2021404,10,20,45,19,13,107,9,116
2021405,0,12,36,19,8,75,3,78
2021406,6,24,77,40,28,175,6,181
2021407,6,42,88,44,21,201,10,211
2021408,5,15,69,20,19,128,0,128
2021409,3,5,26,23,11,68,3,71
2021410,7,61,156,39,24,287,4,291
2021411,3,24,104,43,15,189,6,195
2021412,4,23,50,22,17,116,3,119
2021413,6,98,159,56,16,335,17,352
2021414,0,4,62,17,6,89,0,89
2021415,3,15,23,15,5,61,3,64
2021416,0,7,35,9,0,51,0,51
2021417,0,51,176,45,14,286,7,293
2021418,10,74,15,6,0,105,10,115
2021419,0,38,80,34,10,162,0,162
2021420,4,11,0,0,0,15,9,24
2021501,7,75,112,29,13,236,10,246
2021502,0,35,73,17,6,131,6,137
2021503,80,119,43,12,7,261,24,285
2021504,15,77,60,19,7,178,8,186
2021505,53,139,71,15,9,287,13,300
2021506,42,128,83,14,6,273,15,288
2021507,6,58,113,28,14,219,4,223
2021508,42,68,41,11,0,162,20,182
2021509,9,84,134,34,10,271,7,278
2021510,3,47,120,40,9,219,3,222
2021511,0,31,91,24,8,154,5,159
2021601,8,70,71,26,4,179,6,185
2021602,13,73,82,12,0,180,5,185
2021603,8,32,37,10,5,92,6,98
2021604,30,133,112,28,8,311,3,314
2021605,7,43,45,12,0,107,11,118
2021606,42,109,63,18,0,232,18,250
2021607,39,92,42,11,4,188,7,195
2021608,6,73,55,22,6,162,7,169
2021609,41,85,52,6,0,184,12,196
2021610,7,73,54,13,0,147,13,160
2021611,23,57,49,4,3,136,11,147
2021612,10,27,22,0,0,59,3,62
2021613,14,39,24,5,0,82,0,82
2021614,0,20,31,7,0,58,5,63
2021701,7,87,86,28,4,212,11,223
2021702,12,53,35,7,5,112,13,125
2021703,29,76,71,9,6,191,7,198
2021704,4,60,72,19,14,169,0,169
2021705,29,135,80,31,10,285,14,299
2021706,18,97,88,25,0,228,21,249
2021707,17,86,103,44,15,265,12,277
2021708,19,97,74,15,5,210,8,218
2021709,23,85,58,18,5,189,5,194
2021710,17,64,74,23,5,183,14,197
2021711,8,56,77,20,12,173,3,176
2021712,19,47,84,28,4,182,10,192
2021713,3,39,66,15,7,130,0,130
2021801,34,93,63,21,6,217,7,224
2021802,23,66,30,3,6,128,10,138
2021803,19,30,33,13,3,98,6,104
2021804,26,56,16,5,0,103,9,112
2021805,51,123,63,10,4,251,20,271
2021806,32,122,105,33,14,306,13,319
2021807,36,99,79,31,5,250,11,261
2021808,20,66,55,15,3,159,9,168
2021809,23,61,67,23,6,180,3,183
2021810,0,19,15,0,0,34,6,40
2021811,25,103,135,38,21,322,6,328
2021812,17,124,154,34,5,334,9,343
2030101,0,56,142,58,32,288,8,296
2030102,17,113,127,37,13,307,10,317
2030103,38,206,116,13,3,376,15,391
2030104,32,80,81,19,14,226,14,240
2030105,5,40,65,28,28,166,8,174
2030106,0,23,43,23,5,94,6,100
2030107,22,123,108,27,12,292,24,316
2030108,58,102,60,8,5,233,14,247
2030109,6,43,65,14,6,134,7,141
2030110,17,112,131,36,13,309,16,325
2030201,7,26,64,40,30,167,3,170
2030202,0,14,47,36,26,123,7,130
2030203,3,11,28,17,15,74,5,79
2030204,0,20,66,18,16,120,0,120
2030205,0,5,31,20,20,76,0,76
2030206,0,14,34,23,20,91,3,94
2030207,3,19,51,11,12,96,5,101
2030208,5,28,35,14,4,86,5,91
2030209,10,62,45,13,8,138,0,138
2030210,0,16,60,22,20,118,0,118
2030301,27,128,61,18,6,240,12,252
2030302,17,71,38,6,0,132,9,141
2030303,20,71,32,12,4,139,13,152
2030304,17,67,55,5,6,150,11,161
2030305,23,101,54,15,0,193,11,204
2030306,6,52,46,17,19,140,8,148
2030307,0,8,21,8,12,49,5,54
2030308,15,82,70,30,15,212,15,227
2030309,12,64,45,10,3,134,3,137
2030310,7,27,44,22,5,105,5,110
2030311,27,126,78,17,10,258,4,262
2030312,3,95,98,21,0,217,6,223
2030313,3,42,101,22,9,177,6,183
2030314,3,12,23,6,4,48,3,51
2030315,3,76,110,21,3,213,3,216
2030401,0,21,56,26,8,111,5,116
2030402,0,13,18,13,9,53,3,56
2030403,13,118,120,42,8,301,8,309
2030404,24,122,127,48,17,338,16,354
2030405,14,72,57,19,11,173,11,184
2030406,0,17,49,32,25,123,0,123
2030407,16,69,85,26,7,203,16,219
2030408,0,32,109,58,29,228,7,235
2030409,9,79,81,37,11,217,10,227
2030410,12,75,83,15,9,194,8,202
2030501,0,0,0,0,0,0,0,0
2030502,0,8,67,30,22,127,0,127
2030503,22,114,102,32,10,280,8,288
2030504,0,0,0,3,0,3,0,3
2030505,16,66,38,18,3,141,7,148
2030506,49,114,83,16,10,272,12,284
2030507,11,81,79,27,9,207,11,218
2030508,34,104,87,35,7,267,8,275
2030509,8,34,59,35,28,164,0,164
2030510,0,27,145,50,15,237,7,244
2030511,11,55,32,10,0,108,3,111
2030512,0,26,19,5,0,50,0,50
2030513,11,54,73,29,11,178,5,183
2030514,0,44,98,27,4,173,3,176
2030601,46,157,80,27,0,310,19,329
2030602,17,101,111,32,14,275,11,286
2030603,69,138,63,17,8,295,15,310
2030604,3,12,26,21,18,80,8,88
2030605,0,25,111,23,9,168,5,173
2030606,7,109,148,33,7,304,8,312
2030607,32,116,69,13,6,236,15,251
2030608,10,68,97,20,5,200,3,203
2030609,46,146,86,15,8,301,17,318
2030610,32,120,80,19,14,265,9,274
2030611,21,77,70,11,6,185,11,196
2030612,17,103,120,42,16,298,11,309
2030613,5,51,128,25,6,215,5,220
2030614,0,47,119,23,0,189,0,189
2030615,8,28,37,8,0,81,6,87
2030616,3,25,104,23,10,165,0,165
2030617,7,73,136,35,9,260,8,268
2030701,11,104,120,32,11,278,9,287
2030702,27,108,79,30,15,259,10,269
2030703,7,77,111,25,13,233,6,239
2030704,39,107,66,16,5,233,13,246
2030705,50,79,56,14,4,203,9,212
2030706,29,54,40,8,0,131,12,143
2030707,27,117,76,20,6,246,7,253
2030708,0,43,67,14,0,124,4,128
2030709,51,91,53,17,5,217,17,234
2030710,15,58,38,16,5,132,11,143
2030711,30,144,136,29,6,345,15,360
2030712,12,112,139,40,17,320,9,329
2030801,0,36,99,33,12,180,4,184
2030802,0,73,111,29,12,225,6,231
2030803,0,19,63,36,30,148,0,148
2030804,8,85,109,35,11,248,7,255
2030805,13,50,27,10,5,105,8,113
2030806,19,50,37,6,4,116,0,116
2030807,6,36,131,46,21,240,0,240
2030808,16,61,25,8,0,110,3,113
2030809,0,45,109,39,21,214,7,221
2030810,12,91,118,41,9,271,12,283
2030811,15,72,76,23,6,192,10,202
2030812,4,41,108,35,14,202,4,206
2030813,0,42,140,28,11,221,8,229
2030814,8,57,96,35,3,199,5,204
2030815,0,31,113,53,25,222,4,226
2030901,0,17,26,20,9,72,0,72
2030902,0,9,31,15,11,66,0,66
2030903,5,8,37,12,3,65,0,65
2030904,9,68,63,17,4,161,9,170
2030905,12,92,64,23,3,194,7,201
2030906,0,26,43,23,8,100,4,104
2030907,6,41,54,19,16,136,0,136
2030908,4,20,35,18,23,100,0,100
2030909,3,24,38,4,4,73,3,76
2031001,3,15,24,18,5,65,0,65
2031002,3,19,29,11,10,72,3,75
2031003,5,12,15,4,0,36,5,41
2031004,4,13,26,6,5,54,4,58
2031005,0,7,25,15,7,54,0,54
2031006,4,38,30,16,15,103,3,106
2031007,3,21,28,10,10,72,0,72
2031009,0,0,0,0,0,0,0,0
2031101,8,9,35,21,8,81,6,87
2031102,23,62,68,17,5,175,8,183
2031103,7,10,11,11,3,42,0,42
2031104,4,13,20,11,4,52,0,52
2031105,3,9,17,10,11,50,0,50
2031106,0,12,14,12,5,43,0,43
2031107,0,24,43,19,14,100,4,104
2031108,6,36,34,13,4,93,13,106
2031109,31,86,63,9,5,194,12,206
2031201,14,75,72,29,9,199,8,207
2031202,3,28,69,30,15,145,3,148
2031203,10,70,71,21,8,180,9,189
2031204,0,10,30,16,7,63,0,63
2031205,0,35,64,39,26,164,6,170
2031206,0,29,96,48,35,208,8,216
2031207,13,122,127,44,13,319,10,329
2031208,11,60,44,22,4,141,9,150
2031209,30,110,91,18,4,253,14,267
2031210,18,82,64,19,3,186,11,197
2031211,24,133,125,30,11,323,5,328
2031212,3,23,21,12,0,59,3,62
2031301,0,11,42,28,14,95,5,100
2031302,22,86,92,32,3,235,11,246
2031303,0,22,46,30,25,123,4,127
2031304,0,12,32,11,9,64,0,64
2031305,8,50,64,21,11,154,4,158
2031306,3,19,57,32,23,134,6,140
2031307,0,47,149,59,35,290,8,298
2031308,0,5,18,16,4,43,0,43
2031309,0,11,32,16,10,69,0,69
2031310,4,13,33,14,0,64,0,64
2031311,0,10,48,15,12,85,0,85
2031401,0,28,82,38,12,160,3,163
2031402,3,55,102,46,27,233,3,236
2031403,3,23,92,44,34,196,4,200
2031404,20,97,84,17,10,228,7,235
2031405,17,93,81,34,12,237,20,257
2031406,6,49,81,29,9,174,0,174
2031407,21,138,109,37,7,312,8,320
2031408,21,101,64,29,13,228,11,239
2031409,0,19,34,22,14,89,0,89
2031501,0,6,13,8,13,40,3,43
2031502,0,29,93,47,27,196,4,200
2031503,4,18,31,9,4,66,0,66
2031504,0,21,41,19,23,104,0,104
2031505,3,31,77,43,27,181,9,190
2031506,8,33,65,39,12,157,4,161
2031507,3,23,70,36,23,155,0,155
2031508,3,36,122,60,21,242,5,247
2031509,6,17,50,16,15,104,3,107
2031510,5,44,97,35,21,202,4,206
2031511,0,21,63,23,16,123,3,126
2031512,3,19,49,29,9,109,4,113
2031513,0,20,71,40,23,154,3,157
2031514,5,30,46,16,6,103,3,106
2031515,3,26,36,11,3,79,3,82
2031516,0,39,43,20,4,106,0,106
2031517,25,69,3,0,0,97,9,106
2031601,13,128,141,50,11,343,7,350
2031602,9,93,77,21,6,206,8,214
2031603,23,97,77,19,4,220,9,229
2031604,15,33,32,14,9,103,4,107
2031605,44,106,80,15,9,254,16,270
2031606,19,69,46,10,5,149,16,165
2031607,18,57,34,11,4,124,9,133
2031608,9,67,75,29,5,185,7,192
2031609,28,56,28,3,0,115,7,122
2031610,0,40,122,30,10,202,0,202
2031701,20,126,112,27,4,289,5,294
2031702,43,119,91,28,12,293,24,317
2031703,17,97,92,31,3,240,8,248
2031704,21,123,116,37,8,305,11,316
2031705,14,64,81,36,19,214,5,219
2031706,18,98,99,27,4,246,14,260
2031707,43,116,92,24,5,280,9,289
2031708,38,111,49,13,5,216,17,233
2031709,13,91,90,23,8,225,4,229
2031801,25,54,35,3,0,117,0,117
2031802,16,79,72,18,0,185,5,190
2031803,11,83,57,12,4,167,4,171
2031804,16,88,94,25,10,233,11,244
2031805,44,148,115,31,6,344,21,365
2031806,41,79,42,13,4,179,11,190
2031807,10,120,175,36,14,355,9,364
2031808,27,111,87,18,0,243,10,253
2031809,10,61,40,6,3,120,11,131
2031901,3,33,73,39,22,170,7,177
2031902,0,36,62,25,10,133,0,133
2031903,0,19,32,11,11,73,3,76
2031904,0,41,41,23,7,112,6,118
2031905,0,15,25,20,12,72,5,77
2031906,0,24,43,24,18,109,8,117
2031907,0,13,37,21,10,81,4,85
2031908,6,23,37,13,3,82,4,86
2031909,0,21,45,24,20,110,7,117
2031910,0,15,26,7,10,58,3,61
2031911,3,13,27,3,3,49,0,49
2031912,0,19,30,16,4,69,0,69
2031913,0,11,35,24,16,86,4,90
2031914,0,42,104,49,17,212,11,223
2032001,0,11,17,9,0,37,0,37
2032002,0,0,9,15,7,31,0,31
2032003,0,35,50,16,13,114,4,118
2032004,18,63,57,14,3,155,6,161
2032005,31,111,107,29,9,287,18,305
2032006,24,95,72,14,10,215,5,220
2032007,14,80,75,25,7,201,13,214
2032008,0,27,46,21,20,114,4,118
2032009,11,46,79,22,4,162,6,168
2032010,0,18,18,8,4,48,7,55
2032011,9,42,78,28,11,168,3,171
2032012,3,35,64,32,12,146,3,149
2032013,0,23,31,21,5,80,0,80
2032101,0,13,37,12,7,69,4,73
2032102,5,14,35,13,7,74,0,74
2032103,7,20,54,28,9,118,5,123
2032104,15,62,36,8,5,126,5,131
2032105,11,72,59,11,0,153,7,160
2032106,18,92,76,13,7,206,6,212
2032107,28,79,36,4,0,147,9,156
2032108,0,20,33,11,8,72,0,72
2032109,0,14,39,12,7,72,0,72
2032110,8,90,77,17,14,206,12,218
2032111,0,32,47,22,4,105,7,112
2032112,0,19,19,14,16,68,3,71
2032113,0,24,28,12,7,71,3,74
2032114,4,48,40,14,0,106,6,112
2032115,0,4,0,0,0,4,0,4
2032201,0,21,36,19,13,89,3,92
2032202,3,16,26,14,4,63,3,66
2032203,3,61,52,14,4,134,0,134
2032204,13,52,31,3,0,99,3,102
2032205,17,55,23,8,3,106,8,114
2032206,3,0,8,3,3,17,0,17
2032207,0,0,0,0,0,0,0,0
2032208,24,63,49,9,0,145,9,154
2032209,0,0,0,0,0,0,0,0
2032210,7,64,81,20,9,181,0,181
2032211,3,12,13,4,3,35,0,35
2032212,3,0,0,0,0,3,0,3
2032213,0,0,0,0,0,0,3,3
2032214,6,8,4,5,0,23,4,27
2032215,0,9,0,0,0,9,0,9
2032216,3,6,4,0,0,13,0,13
2032217,0,3,0,0,0,3,0,3
2032218,0,3,0,0,0,3,0,3
2032219,4,44,50,10,7,115,0,115
2032220,0,0,0,0,0,0,0,0
2032221,5,30,42,11,8,96,0,96
2032301,9,37,30,6,0,82,0,82
2032302,4,31,66,23,35,159,0,159
2032303,3,29,45,28,11,116,5,121
2032304,7,27,57,31,25,147,0,147
2032305,3,11,22,17,11,64,3,67
2032306,16,102,74,28,12,232,8,240
2032307,21,69,36,17,12,155,9,164
2032308,0,4,26,17,19,66,0,66
2032309,8,59,76,26,9,178,8,186
2032310,3,37,56,27,17,140,7,147
2032311,0,25,58,33,24,140,4,144
2032312,3,25,35,20,5,88,0,88
2040101,0,15,11,12,4,42,4,46
2040102,0,19,21,14,4,58,4,62
2040103,0,4,21,9,13,47,3,50
2040104,0,31,34,10,10,85,5,90
2040105,3,30,16,9,3,61,4,65
2040106,5,33,31,8,6,83,6,89
2040107,0,26,45,12,6,89,0,89
2040108,0,26,16,7,0,49,3,52
2040201,0,26,35,16,8,85,0,85
2040202,7,70,104,15,5,201,7,208
2040203,4,25,13,6,0,48,3,51
2040204,0,23,33,15,13,84,0,84
2040205,5,27,33,10,9,84,0,84
2040206,7,25,13,4,4,53,0,53
2040207,6,53,137,54,31,281,29,310
2040208,0,41,99,27,26,193,11,204
2040209,14,80,95,34,11,234,11,245
2040210,15,75,86,31,21,228,7,235
2040211,0,46,156,52,18,272,7,279
2040301,9,101,108,24,11,253,8,261
2040302,55,134,55,9,8,261,22,283
2040303,22,100,88,14,9,233,11,244
2040304,27,59,32,5,0,123,11,134
2040305,7,76,120,15,13,231,13,244
2040306,4,52,59,7,5,127,7,134
2040307,6,51,82,33,16,188,5,193
2040308,8,34,73,20,14,149,3,152
2040309,31,74,28,12,0,145,5,150
2040310,24,67,33,11,0,135,8,143
2040311,21,103,65,20,5,214,15,229
2040312,8,58,86,18,5,175,0,175
2040313,4,35,42,15,5,101,3,104
2040314,10,47,49,8,7,121,4,125
2040315,7,110,71,11,7,206,10,216
2040316,0,20,28,0,6,54,4,58
2040401,3,59,57,12,3,134,6,140
2040402,6,31,22,6,0,65,4,69
2040403,10,41,23,9,3,86,12,98
2040404,0,38,24,10,0,72,3,75
2040405,0,14,17,0,3,34,0,34
2040406,0,23,30,3,0,56,4,60
2040407,19,104,52,6,3,184,6,190
2040408,8,108,89,16,11,232,3,235
2040501,3,36,76,27,14,156,3,159
2040502,0,34,56,19,11,120,8,128
2040503,31,115,98,29,6,279,8,287
2040504,24,75,51,8,3,161,6,167
2040505,29,96,73,11,4,213,4,217
2040506,28,91,54,16,6,195,10,205
2040507,10,35,57,20,5,127,5,132
2040508,0,16,30,7,5,58,0,58
2040509,7,23,29,5,6,70,3,73
2040510,0,13,17,6,5,41,0,41
2040601,6,52,91,37,5,191,4,195
2040602,40,117,101,40,15,313,14,327
2040603,22,91,53,8,0,174,10,184
2040604,10,66,67,19,5,167,5,172
2040605,24,59,27,11,4,125,15,140
2040606,37,73,55,14,0,179,10,189
2040607,43,124,115,29,7,318,16,334
2040608,41,104,62,24,5,236,10,246
2040609,0,42,65,18,4,129,0,129
2040610,22,68,66,13,3,172,11,183
2040611,4,75,157,27,16,279,5,284
2040701,0,45,36,13,5,99,3,102
2040702,5,93,59,23,6,186,4,190
2040703,27,86,72,13,5,203,11,214
2040704,28,125,104,27,5,289,8,297
2040705,30,74,54,17,5,180,14,194
2040706,29,97,49,10,0,185,12,197
2040707,24,97,85,33,10,249,14,263
2040708,19,77,37,3,9,145,3,148
2040709,20,89,75,14,4,202,16,218
2040710,13,90,91,24,4,222,11,233
2040801,3,24,73,31,16,147,7,154
2040802,0,39,100,47,22,208,4,212
2040803,0,51,120,51,24,246,6,252
2040804,7,71,119,40,24,261,9,270
2040805,0,16,25,5,9,55,3,58
2040806,3,45,94,38,14,194,6,200
2040807,0,33,58,17,6,114,6,120
2040808,3,30,65,26,25,149,7,156
2040809,0,37,88,18,31,174,7,181
2040901,23,63,44,5,3,138,6,144
2040902,8,18,74,19,15,134,12,146
2040903,4,84,62,12,3,165,6,171
2040904,0,10,29,14,6,59,3,62
2040905,9,54,50,6,3,122,3,125
2040906,9,105,115,16,5,250,7,257
2040907,12,90,90,22,6,220,10,230
2040908,13,63,59,7,0,142,3,145
2040909,19,115,93,17,4,248,15,263
2040910,3,43,29,0,0,75,5,80
2040911,0,54,82,16,8,160,6,166
2040912,7,73,54,19,6,159,5,164
2041001,14,78,66,26,8,192,0,192
2041002,4,31,83,44,21,183,4,187
2041003,4,35,103,45,35,222,3,225
2041004,16,97,132,40,18,303,15,318
2041005,3,17,31,15,21,87,3,90
2041006,0,23,62,30,25,140,0,140
2041007,0,27,59,32,26,144,4,148
2041008,0,3,3,0,0,6,0,6
2041009,0,19,22,7,0,48,3,51
2041101,3,53,92,45,19,212,5,217
2041102,0,32,60,26,14,132,9,141
2041103,7,70,81,27,12,197,12,209
2041104,3,40,87,48,24,202,9,211
2041105,28,143,155,45,16,387,10,397
2041106,10,92,99,20,8,229,8,237
2041107,27,80,51,9,8,175,4,179
2041108,34,81,53,16,0,184,17,201
2041109,18,100,81,35,6,240,11,251
2041110,19,117,99,26,9,270,11,281
2041111,4,28,45,19,9,105,6,111
2041201,0,4,0,0,0,4,0,4
2041202,0,24,35,4,6,69,0,69
2041203,0,7,8,0,0,15,0,15
2041204,0,43,96,48,26,213,6,219
2041205,23,71,71,23,11,199,0,199
2041206,29,130,115,30,11,315,9,324
2041207,3,33,33,3,3,75,3,78
2041208,0,38,55,49,24,166,5,171
2041209,3,27,56,26,12,124,6,130
2041210,0,30,80,39,25,174,3,177
2041301,30,145,113,18,8,314,10,324
2041302,31,118,76,25,8,258,9,267
2041303,20,95,75,12,5,207,9,216
2041304,38,62,24,7,4,135,14,149
2041305,22,126,83,18,7,256,12,268
2041306,48,53,28,9,3,141,7,148
2041307,17,40,23,5,0,85,9,94
2041308,39,142,82,24,7,294,17,311
2041309,7,30,58,16,9,120,4,124
2041310,18,89,41,13,0,161,5,166
2041311,7,18,37,26,6,94,5,99
2041312,13,59,42,8,4,126,5,131
2041401,14,54,53,11,3,135,0,135
2041402,20,129,103,23,11,286,11,297
2041403,34,82,74,15,6,211,5,216
2041404,25,111,95,17,5,253,18,271
2041405,5,55,30,8,0,98,5,103
2041406,32,98,51,16,0,197,10,207
2041407,14,71,84,11,9,189,3,192
2041408,25,133,67,17,0,242,9,251
2041409,9,28,20,3,3,63,3,66
2041410,6,122,165,38,9,340,8,348
2041411,22,138,114,37,13,324,15,339
2041412,7,65,86,18,8,184,6,190
2041413,0,84,172,31,9,296,10,306
2041501,3,18,40,8,3,72,3,75
2041502,0,28,42,17,14,101,4,105
2041504,8,29,24,7,0,68,4,72
2041505,3,29,26,3,0,61,3,64
2041506,3,22,10,0,3,38,0,38
2041507,6,53,15,3,0,77,11,88
2041508,11,35,14,5,4,69,0,69
2041509,0,15,32,11,10,68,0,68
2041510,7,71,53,9,3,143,5,148
2041601,3,27,47,13,10,100,7,107
2041602,0,15,40,21,26,102,5,107
2041603,4,44,85,36,32,201,3,204
2041604,3,15,37,18,17,90,5,95
2041605,0,27,82,37,30,176,4,180
2041606,0,29,62,23,20,134,3,137
2041607,11,51,77,26,10,175,4,179
2041608,6,30,46,29,25,136,5,141
2041609,0,19,38,22,16,95,5,100
2041610,4,24,47,28,22,125,0,125
2041611,13,73,91,18,9,204,10,214
2041612,3,46,77,37,12,175,3,178
2041613,0,18,26,19,15,78,6,84
2041614,5,32,122,51,18,228,3,231
2041701,0,6,16,7,4,33,5,38
2041702,0,33,56,30,20,139,10,149
2041703,7,43,95,43,28,216,6,222
2041704,0,28,48,29,22,127,6,133
2041705,6,32,38,19,11,106,0,106
2041706,5,22,19,7,3,56,5,61
2041707,8,43,37,14,0,102,5,107
2041708,5,22,32,5,0,64,4,68
2041709,3,48,60,29,17,157,4,161
2041710,19,68,44,11,5,147,10,157
2041711,22,73,44,14,3,156,5,161
2041712,9,57,33,13,4,116,8,124
2041713,19,119,103,10,9,260,16,276
2050101,3,53,78,25,12,171,9,180
2050102,0,15,20,16,8,59,3,62
2050103,21,145,111,39,14,330,20,350
2050104,4,47,82,33,34,200,3,203
2050105,0,25,52,23,13,113,0,113
2050106,31,91,83,22,0,227,7,234
2050107,0,13,9,3,5,30,4,34
2050108,12,88,120,28,19,267,11,278
2050109,0,0,0,0,0,0,0,0
2050110,5,19,25,7,6,62,4,66
2050201,37,97,59,4,4,201,7,208
2050202,0,14,27,10,11,62,0,62
2050203,0,7,34,20,11,72,0,72
2050204,26,94,80,21,7,228,16,244
2050205,47,126,75,13,5,266,12,278
2050207,0,17,34,10,11,72,0,72
2050208,0,21,49,19,9,98,5,103
2050209,3,29,50,10,9,101,3,104
2050301,0,24,53,21,18,116,0,116
2050302,0,21,44,25,19,109,0,109
2050303,3,13,37,13,11,77,6,83
2050304,19,120,76,37,5,257,13,270
2050306,22,87,94,31,15,249,13,262
2050307,6,75,82,15,5,183,10,193
2050308,4,15,31,28,12,90,5,95
2050401,5,29,71,26,21,152,7,159
2050402,0,42,67,28,22,159,9,168
2050403,4,26,70,43,32,175,3,178
2050405,18,89,45,12,6,170,6,176
2050406,0,37,93,46,28,204,4,208
2050407,3,32,86,31,21,173,7,180
2050408,0,30,46,33,19,128,6,134
2050409,6,36,104,55,35,236,8,244
2050410,4,42,71,38,24,179,5,184
2050411,4,34,75,29,20,162,3,165
2050412,42,76,34,9,3,164,8,172
2050413,14,89,125,28,6,262,11,273
2050414,0,9,51,15,19,94,0,94
2050501,10,53,45,11,5,124,0,124
2050502,14,76,76,26,19,211,11,222
2050503,32,119,80,17,13,261,15,276
2050504,45,130,71,9,8,263,19,282
2050505,17,118,139,26,9,309,6,315
2050506,37,85,55,5,6,188,16,204
2050507,53,108,79,11,5,256,13,269
2050508,11,65,58,23,0,157,4,161
2050509,21,98,84,25,5,233,6,239
2050510,9,43,35,9,3,99,5,104
2050511,18,123,78,26,7,252,17,269
2050512,17,137,113,26,8,301,9,310
2050513,26,99,70,15,9,219,11,230
2050601,0,16,68,30,36,150,8,158
2050602,0,0,0,0,0,0,0,0
2050603,5,78,140,41,21,285,9,294
2050604,3,23,58,25,21,130,6,136
2050605,0,62,87,21,7,177,4,181
2050606,0,13,39,19,23,94,0,94
2050607,0,31,76,45,21,173,5,178
2050608,0,49,35,12,9,105,7,112
2050609,24,132,102,34,10,302,12,314
2050610,16,82,91,25,21,235,9,244
2050611,0,28,41,11,6,86,5,91
2050612,3,27,75,34,18,157,3,160
2050613,7,70,81,25,9,192,7,199
2050701,3,22,42,27,15,109,5,114
2050702,20,101,89,30,4,244,12,256
2050703,0,6,17,9,5,37,5,42
2050704,0,22,45,10,11,88,0,88
2050705,0,30,67,25,18,140,6,146
2050706,4,34,67,22,16,143,6,149
2050707,21,99,58,27,4,209,11,220
2050708,35,125,121,35,14,330,11,341
2050709,28,105,62,11,9,215,12,227
2050710,0,0,0,0,0,0,0,0
2050711,3,17,24,8,3,55,4,59
2050801,4,47,93,38,16,198,9,207
2050802,0,48,80,33,14,175,0,175
2050803,0,20,12,6,0,38,0,38
2050804,3,23,62,27,18,133,0,133
2050805,0,12,13,9,13,47,0,47
2050806,0,19,7,0,0,26,0,26
2050807,0,23,29,6,6,64,6,70
2050808,0,43,40,13,8,104,0,104
2050809,0,20,17,4,0,41,5,46
2050810,0,0,0,0,0,0,0,0
2050811,0,26,42,5,0,73,0,73
2050812,0,23,32,13,6,74,8,82
2050813,0,0,0,0,0,0,0,0
2050814,0,17,29,10,5,61,3,64
2050815,0,6,5,0,0,11,0,11
2050816,3,3,0,0,0,6,0,6
2050817,0,3,0,3,0,6,0,6
2050818,3,3,0,0,0,6,0,6
2050901,4,25,37,23,12,101,3,104
2050902,0,9,22,13,7,51,0,51
2050903,3,35,32,15,5,90,3,93
2050904,3,26,52,18,6,105,3,108
2050905,4,21,23,7,6,61,4,65
2050906,0,12,17,8,8,45,0,45
2050907,10,64,27,10,6,117,0,117
2050908,14,69,46,14,9,152,10,162
2050909,11,49,35,8,8,111,3,114
2050910,0,0,0,0,0,0,0,0
2050911,3,24,41,9,5,82,0,82
2050912,0,0,0,0,0,0,0,0
2050913,0,0,0,0,0,0,0,0
2051001,0,18,39,16,11,84,0,84
2051002,0,22,43,19,15,99,3,102
2051003,0,5,11,3,0,19,3,22
2051004,4,25,44,25,13,111,0,111
2051005,25,103,87,22,14,251,16,267
2051006,8,78,66,23,8,183,11,194
2051007,29,147,90,21,10,297,15,312
2051008,0,32,56,26,7,121,3,124
2051009,0,25,52,29,19,125,3,128
2051010,6,23,31,4,4,68,5,73
2051101,0,11,32,6,7,56,4,60
2051102,3,43,73,30,10,159,3,162
2051103,0,18,36,19,15,88,3,91
2051104,40,122,107,31,16,316,7,323
2051105,11,48,40,11,4,114,4,118
2051106,0,31,60,25,13,129,3,132
2051107,0,31,62,41,17,151,4,155
2051108,5,48,83,29,25,190,3,193
2051109,0,53,128,62,35,278,12,290
2051110,5,76,142,42,13,278,9,287
2051111,0,80,76,23,6,185,17,202
2051112,0,12,31,7,10,60,4,64
2051113,0,9,34,17,12,72,3,75
2051114,5,56,136,47,32,276,5,281
2051115,5,60,93,34,14,206,3,209
2051201,0,25,73,31,14,143,3,146
2051202,49,93,44,12,3,201,10,211
2051203,15,119,112,25,11,282,14,296
2051204,44,105,64,14,0,227,15,242
2051205,0,115,139,16,4,274,0,274
2051206,16,94,49,15,3,177,3,180
2051207,5,38,89,39,22,193,5,198
2051208,0,22,51,9,9,91,5,96
2051301,19,87,77,25,15,223,10,233
2051302,21,113,116,34,10,294,11,305
2051303,29,105,66,14,5,219,13,232
2051304,3,18,31,17,10,79,3,82
2051305,27,57,37,4,9,134,9,143
2051306,0,40,89,42,23,194,3,197
2051307,11,28,52,25,13,129,0,129
2051308,35,49,48,7,0,139,8,147
2051309,20,103,74,16,3,216,13,229
2051401,4,31,78,41,23,177,4,181
2051402,0,0,0,0,0,0,0,0
2051403,21,91,97,28,11,248,17,265
2051404,13,56,63,15,6,153,15,168
2051405,15,92,107,44,20,278,13,291
2051406,3,39,101,52,33,228,4,232
2051407,19,105,106,46,19,295,17,312
2051408,5,21,28,5,3,62,0,62
2051409,0,30,31,14,5,80,0,80
2051501,4,46,85,47,14,196,3,199
2051502,4,22,40,36,20,122,6,128
2051503,0,58,70,47,22,197,7,204
2051504,12,45,120,65,44,286,9,295
2051505,5,33,61,43,27,169,6,175
2051506,0,12,29,16,7,64,0,64
2051508,3,68,109,44,25,249,4,253
2051509,0,50,125,51,30,256,14,270
2051510,4,60,86,41,36,227,11,238
2051511,0,9,52,25,13,99,0,99
2051512,14,39,67,35,18,173,8,181
2051513,0,29,176,43,11,259,3,262
2051514,0,25,70,34,12,141,0,141
2051515,5,51,95,18,3,172,6,178
2051516,16,93,105,29,21,264,16,280
2051517,10,63,153,53,20,299,3,302
2060101,4,26,73,26,14,143,4,147
2060102,0,50,64,23,10,147,4,151
2060103,4,18,36,18,6,82,0,82
2060104,3,40,48,22,10,123,3,126
2060105,3,47,68,26,18,162,8,170
2060106,9,29,58,18,25,139,4,143
2060107,3,24,47,21,18,113,4,117
2060108,12,112,95,26,4,249,10,259
2060109,7,18,29,5,8,67,3,70
2060110,8,40,79,32,19,178,12,190
2060111,4,55,67,23,20,169,0,169
2060112,3,17,30,8,6,64,3,67
2060113,5,28,29,7,4,73,3,76
2060114,0,30,39,15,8,92,5,97
2060115,3,50,61,14,8,136,7,143
2060201,10,63,111,61,20,265,13,278
2060202,4,48,94,28,21,195,6,201
2060203,0,30,76,38,28,172,4,176
2060204,0,11,29,13,8,61,0,61
2060205,0,23,47,12,12,94,4,98
2060206,3,15,35,23,11,87,3,90
2060207,0,26,107,55,39,227,4,231
2060208,3,20,46,20,16,105,3,108
2060209,11,83,142,51,16,303,14,317
2060210,0,23,74,24,7,128,8,136
2060211,0,40,121,57,42,260,3,263
2060212,0,24,79,35,21,159,0,159
2060213,3,48,85,46,14,196,4,200
2060214,0,10,51,30,15,106,0,106
2060215,4,14,58,29,13,118,3,121
2060216,0,35,114,30,11,190,5,195
2060301,6,57,102,41,13,219,8,227
2060302,6,39,107,53,21,226,5,231
2060303,14,79,76,28,8,205,9,214
2060304,13,34,22,8,3,80,0,80
2060305,13,66,57,19,7,162,10,172
2060306,14,64,59,11,13,161,8,169
2060307,21,72,39,11,3,146,12,158
2060308,30,73,50,18,4,175,11,186
2060309,22,55,44,15,3,139,5,144
2060310,36,73,57,13,3,182,10,192
2060311,9,68,111,35,12,235,7,242
2060312,3,48,35,10,3,99,4,103
2060401,0,40,99,40,21,200,5,205
2060402,3,46,101,50,17,217,3,220
2060403,0,24,56,35,24,139,9,148
2060404,0,31,57,37,25,150,0,150
2060405,8,38,95,33,29,203,4,207
2060406,4,33,56,18,11,122,5,127
2060407,12,57,72,35,16,192,3,195
2060408,19,75,93,31,12,230,10,240
2060409,0,25,56,39,10,130,14,144
2060410,25,69,62,23,10,189,12,201
2060411,3,28,61,18,5,115,7,122
2060501,0,37,49,20,16,122,0,122
2060502,6,36,56,33,13,144,8,152
2060503,0,39,84,39,36,198,7,205
2060504,7,79,53,20,9,168,13,181
2060505,9,67,115,47,20,258,3,261
2060506,6,24,37,7,4,78,3,81
2060507,8,87,85,41,18,239,14,253
2060601,3,51,56,23,11,144,11,155
2060602,19,53,36,3,0,111,4,115
2060603,20,96,53,15,5,189,4,193
2060604,12,87,106,16,8,229,8,237
2060605,20,79,54,11,4,168,9,177
2060606,47,102,48,11,9,217,20,237
2060607,33,126,72,14,7,252,8,260
2060608,12,93,73,17,11,206,5,211
2060609,44,100,62,9,3,218,15,233
2060610,33,105,62,15,12,227,13,240
2060611,44,151,82,25,7,309,14,323
2060612,34,122,89,32,23,300,12,312
2060613,28,75,45,7,13,168,16,184
2060614,0,0,0,0,0,0,0,0
2060701,0,28,54,20,26,128,3,131
2060702,0,17,22,11,13,63,0,63
2060703,0,66,107,36,43,252,5,257
2060704,3,37,30,16,6,92,6,98
2060705,14,84,62,16,13,189,11,200
2060706,23,56,52,12,3,146,4,150
2060707,0,41,34,9,6,90,5,95
2060708,9,51,89,50,30,229,6,235
2060709,0,13,19,0,6,38,0,38
2060801,32,84,73,18,12,219,3,222
2060802,3,50,84,35,22,194,3,197
2060803,3,36,109,39,17,204,3,207
2060804,11,97,87,20,6,221,12,233
2060805,0,49,69,13,12,143,7,150
2060806,16,66,47,13,7,149,4,153
2060807,6,30,110,36,18,200,11,211
2060808,13,67,83,16,7,186,4,190
2060809,11,65,80,19,11,186,11,197
2060810,0,22,73,16,12,123,6,129
2060811,4,17,53,20,13,107,0,107
2060901,0,26,34,22,24,106,0,106
2060902,14,73,69,31,8,195,13,208
2060903,3,44,89,42,19,197,3,200
2060904,0,21,52,19,17,109,3,112
2060905,24,109,81,25,8,247,10,257
2060906,13,55,63,13,4,148,5,153
2060907,22,73,89,23,10,217,7,224
2060908,27,93,82,33,14,249,16,265
2060909,19,93,75,24,13,224,13,237
2060910,0,31,45,25,13,114,0,114
2060911,5,41,84,44,22,196,5,201
2061001,4,29,44,24,14,115,3,118
2061002,6,20,61,24,5,116,3,119
2061003,16,87,81,20,9,213,4,217
2061004,0,34,61,28,20,143,0,143
2061005,15,89,85,31,22,242,14,256
2061006,10,53,74,30,11,178,9,187
2061007,4,33,31,5,5,78,3,81
2061008,4,49,82,33,21,189,5,194
2061101,45,97,50,13,7,212,11,223
2061102,11,60,57,13,4,145,7,152
2061103,7,35,24,10,6,82,4,86
2061104,11,71,56,12,4,154,3,157
2061105,21,57,32,9,6,125,5,130
2061106,22,73,54,12,6,167,9,176
2061107,21,88,53,13,9,184,6,190
2061108,17,61,68,20,12,178,8,186
2061201,0,32,103,48,42,225,4,229
2061202,3,30,104,63,48,248,6,254
2061203,0,20,78,42,29,169,0,169
2061204,14,74,175,48,18,329,4,333
2061205,40,98,65,20,9,232,13,245
2061206,9,58,108,24,8,207,7,214
2061207,6,26,46,14,11,103,0,103
2061208,6,68,91,45,20,230,8,238
2061209,0,23,165,50,20,258,0,258
2061210,0,21,109,54,39,223,4,227
2061211,9,81,119,22,8,239,6,245
2061212,0,13,62,27,13,115,0,115
2061213,3,14,40,16,0,73,3,76
2061301,0,8,20,5,6,39,3,42
2061302,4,34,93,35,26,192,7,199
2061303,0,24,67,28,17,136,4,140
2061304,0,14,52,12,16,94,0,94
2061305,3,58,109,46,12,228,3,231
2061306,5,60,86,25,11,187,0,187
2061307,0,13,31,11,16,71,0,71
2061308,9,56,131,41,19,256,3,259
2061309,5,68,110,35,14,232,11,243
2061310,0,13,50,15,6,84,4,88
2070101,6,27,49,11,9,102,4,106
2070102,0,60,158,56,44,318,3,321
2070103,8,64,68,20,22,182,11,193
2070104,30,157,94,34,12,327,11,338
2070105,26,65,56,24,4,175,11,186
2070106,3,30,54,15,15,117,3,120
2070107,17,71,41,13,6,148,8,156
2070108,0,48,164,65,42,319,12,331
2070109,4,18,38,19,12,91,3,94
2070110,3,22,40,13,7,85,5,90
2070111,0,27,49,19,20,115,8,123
2070112,9,79,117,36,13,254,6,260
2070201,12,75,87,29,19,222,4,226
2070202,17,56,67,21,9,170,0,170
2070203,18,59,89,23,4,193,9,202
2070204,25,85,71,21,3,205,8,213
2070205,24,71,35,9,0,139,10,149
2070206,45,89,56,8,5,203,10,213
2070207,20,66,34,5,4,129,15,144
2070208,35,57,34,20,3,149,9,158
2070209,23,86,73,16,5,203,9,212
2070210,20,72,73,19,12,196,10,206
2070211,19,73,92,33,10,227,12,239
2070212,14,80,79,24,10,207,3,210
2070301,0,7,19,9,11,46,3,49
2070302,3,9,11,7,5,35,3,38
2070303,5,9,25,11,13,63,0,63
2070304,5,9,19,6,8,47,0,47
2070305,4,37,21,5,3,70,4,74
2070306,16,68,44,9,5,142,7,149
2070307,3,33,43,9,10,98,0,98
2070308,23,60,49,9,10,151,12,163
2070309,0,27,24,10,9,70,10,80
2070310,0,14,10,8,9,41,3,44
2070311,3,11,16,11,11,52,4,56
2070312,0,20,21,14,5,60,0,60
2070313,35,106,94,25,10,270,18,288
2070314,0,18,13,5,0,36,4,40
2070401,0,11,27,6,13,57,5,62
2070402,0,13,25,8,11,57,0,57
2070403,16,91,54,18,4,183,13,196
2070404,3,9,21,7,6,46,3,49
2070405,0,14,27,16,16,73,0,73
2070406,0,14,43,16,22,95,3,98
2070407,10,52,72,21,6,161,0,161
2070408,11,49,62,14,5,141,3,144
2070409,0,15,27,18,16,76,0,76
2070410,0,12,14,7,0,33,0,33
2070411,3,26,45,26,19,119,4,123
2070501,0,30,64,28,25,147,3,150
2070502,0,21,55,28,18,122,3,125
2070503,0,6,19,10,3,38,3,41
2070504,0,35,114,63,32,244,8,252
2070505,8,47,166,66,33,320,6,326
2070506,4,17,20,5,0,46,4,50
2070507,7,118,174,41,16,356,7,363
2070508,3,35,77,38,35,188,5,193
2070509,4,68,139,50,14,275,8,283
2070510,48,115,82,28,3,276,12,288
2070511,27,151,80,27,14,299,11,310
2070512,0,13,13,12,0,38,3,41
2070513,0,25,109,40,15,189,4,193
2070514,0,40,180,80,27,327,6,333
2070515,11,57,72,13,6,159,3,162
2070516,0,50,113,29,15,207,8,215
2070517,29,63,39,8,7,146,9,155
2070518,0,14,24,5,8,51,3,54
2070519,0,20,40,16,16,92,3,95
2070601,3,57,107,31,19,217,3,220
2070602,10,81,95,26,19,231,12,243
2070603,42,85,41,12,9,189,21,210
2070604,27,128,104,26,9,294,17,311
2070605,14,112,70,28,14,238,0,238
2070606,9,101,140,54,14,318,10,328
2070607,19,116,81,23,11,250,11,261
2070608,8,88,151,35,10,292,3,295
2070609,24,69,39,9,6,147,9,156
2070610,0,68,66,22,8,164,3,167
2070611,5,47,72,16,4,144,3,147
2070701,0,14,29,10,10,63,0,63
2070702,3,32,45,16,6,102,4,106
2070703,27,105,111,33,5,281,17,298
2070704,8,56,115,60,47,286,4,290
2070705,0,16,24,10,0,50,0,50
2070706,4,46,171,60,38,319,12,331
2070707,0,16,29,14,10,69,0,69
2070708,6,50,92,34,18,200,8,208
2070709,0,13,27,20,8,68,3,71
2070710,0,22,43,24,9,98,0,98
2070711,3,28,86,35,25,177,4,181
2070712,9,49,94,36,16,204,5,209
2070713,4,20,19,16,5,64,6,70
2070714,10,44,87,35,15,191,3,194
2070801,0,24,31,7,7,69,3,72
2070802,0,19,25,11,12,67,3,70
2070803,0,9,11,4,4,28,0,28
2070804,0,11,18,12,13,54,0,54
2070805,0,0,18,8,6,32,0,32
2070806,0,13,37,14,16,80,8,88
2070807,3,37,71,36,19,166,7,173
2070808,4,21,30,6,7,68,3,71
2070809,6,38,88,29,22,183,0,183
2070810,0,15,38,5,4,62,4,66
2070811,0,14,44,17,17,92,0,92
2070812,0,18,10,7,0,35,5,40
2070901,0,31,147,69,28,275,4,279
2070902,0,79,163,31,7,280,3,283
2070903,0,21,65,29,23,138,3,141
2070904,0,34,106,33,22,195,3,198
2070905,0,44,132,59,39,274,4,278
2070906,7,25,20,13,9,74,5,79
2070907,0,25,50,22,10,107,4,111
2070908,5,54,142,51,47,299,4,303
2070909,0,38,114,51,32,235,4,239
2070910,0,5,18,9,7,39,4,43
2070911,0,41,90,39,12,182,7,189
2070912,0,20,71,32,18,141,0,141
2070913,4,39,141,28,11,223,0,223
2071001,7,22,29,18,11,87,5,92
2071002,3,37,61,34,23,158,4,162
2071003,0,9,66,30,20,125,0,125
2071004,16,119,162,46,12,355,12,367
2071005,5,26,44,27,13,115,0,115
2071006,8,94,191,70,10,373,7,380
2071007,6,76,87,37,5,211,5,216
2071008,7,69,76,23,3,178,0,178
2071009,4,67,139,35,15,260,6,266
2071010,12,66,99,25,10,212,5,217
2071011,0,15,14,7,4,40,0,40
2071012,4,23,40,10,3,80,3,83
2071013,0,27,25,14,7,73,4,77
2071014,8,23,15,7,5,58,3,61
2071015,0,15,20,4,0,39,0,39
2071016,0,42,39,10,7,98,3,101
2071017,65,112,66,19,6,268,6,274
2071101,10,40,70,23,8,151,3,154
2071102,11,97,112,22,6,248,0,248
2071103,13,112,70,11,9,215,10,225
2071104,18,117,110,24,12,281,13,294
2071105,45,123,116,21,9,314,10,324
2071106,28,151,112,41,8,340,12,352
2071107,15,70,45,9,6,145,3,148
2071108,16,111,121,26,7,281,6,287
2071109,7,72,117,40,12,248,7,255
2071110,17,103,61,13,8,202,10,212
2071111,23,62,43,18,4,150,0,150
2071112,17,107,103,18,3,248,6,254
2071113,6,71,84,8,7,176,5,181
2071114,29,21,24,12,0,86,11,97
2071115,14,52,34,7,0,107,5,112
2071116,3,69,84,29,13,198,3,201
2071201,3,40,48,26,13,130,8,138
2071202,4,32,32,13,3,84,0,84
2071203,10,85,78,34,12,219,12,231
2071204,25,75,52,16,6,174,8,182
2071205,37,118,110,33,22,320,7,327
2071206,45,89,48,12,4,198,19,217
2071207,31,136,99,21,3,290,9,299
2071208,21,73,60,17,13,184,8,192
2071209,29,92,89,32,16,258,12,270
2071210,20,124,86,27,9,266,9,275
2071211,22,90,99,26,11,248,7,255
2071212,25,101,86,21,11,244,3,247
2071213,24,79,66,12,4,185,15,200
2071214,67,88,43,10,4,212,21,233
2071215,3,17,15,12,4,51,4,55
2071216,0,17,17,11,3,48,0,48
2071217,4,16,32,9,10,71,0,71
2071218,41,58,43,12,7,161,9,170
2071301,31,125,95,27,11,289,23,312
2071302,4,49,78,26,10,167,4,171
2071303,14,66,66,19,8,173,4,177
2071304,26,134,89,20,11,280,11,291
2071305,15,40,22,5,5,87,5,92
2071306,34,109,91,28,11,273,19,292
2071307,27,102,66,19,9,223,7,230
2071308,16,65,50,8,5,144,7,151
2071309,41,94,52,8,0,195,4,199
2071310,14,79,90,37,11,231,9,240
2071311,26,71,69,16,0,182,4,186
2071312,23,81,53,11,6,174,7,181
2071313,5,43,31,12,4,95,3,98
2071314,15,38,56,12,4,125,12,137
2071315,3,22,14,3,0,42,0,42
2071316,0,0,0,0,0,0,0,0
2071401,30,115,81,14,5,245,5,250
2071402,21,72,60,21,0,174,3,177
2071403,37,95,49,15,10,206,9,215
2071404,23,71,55,18,0,167,6,173
2071405,25,63,33,7,3,131,8,139
2071406,18,87,68,26,6,205,9,214
2071407,47,110,46,13,3,219,16,235
2071408,15,69,69,20,0,173,4,177
2071409,29,49,36,9,4,127,3,130
2071410,11,51,49,11,0,122,3,125
2071411,25,82,60,15,3,185,11,196
2071412,7,36,28,9,4,84,5,89
2071413,17,44,22,9,0,92,11,103
2071414,12,38,36,3,0,89,4,93
2071415,18,16,11,0,0,45,0,45
2071416,30,56,27,5,4,122,7,129
2071501,31,77,34,7,5,154,6,160
2071502,34,83,60,15,3,195,11,206
2071503,30,37,21,9,0,97,5,102
2071504,13,28,25,7,3,76,3,79
2071505,37,79,75,23,7,221,11,232
2071506,25,125,68,22,17,257,4,261
2071507,18,45,24,3,3,93,0,93
2071508,23,70,53,22,0,168,7,175
2071509,3,27,24,9,0,63,0,63
2071510,35,55,45,5,4,144,11,155
2071511,31,45,25,7,5,113,0,113
2071512,12,48,20,8,5,93,0,93
2071601,12,49,41,7,0,109,6,115
2071602,31,131,70,14,15,261,15,276
2071603,33,121,85,24,5,268,14,282
2071604,15,40,40,5,4,104,8,112
2071605,19,74,49,6,8,156,6,162
2071606,14,72,59,11,3,159,3,162
2071607,15,51,70,17,6,159,8,167
2071608,12,63,56,21,5,157,3,160
2071609,8,54,46,11,3,122,6,128
2071610,13,83,100,15,5,216,9,225
2071611,18,125,93,30,13,279,9,288
2071612,7,28,26,4,4,69,3,72
2071613,25,69,49,16,3,162,4,166
2071614,18,61,53,11,7,150,5,155
2071615,35,81,57,9,9,191,9,200
2071701,17,93,94,35,12,251,8,259
2071702,3,58,55,20,5,141,4,145
2071703,30,103,91,15,7,246,11,257
2071704,32,109,86,30,7,264,13,277
2071705,62,105,63,19,0,249,19,268
2071706,31,118,111,25,17,302,15,317
2071707,14,112,118,33,15,292,4,296
2071708,3,20,19,13,13,68,3,71
2071709,25,79,81,16,6,207,4,211
2071710,12,69,49,23,10,163,6,169
2071801,0,31,40,9,15,95,4,99
2071802,4,44,41,9,8,106,8,114
2071803,0,15,18,11,11,55,0,55
2071804,0,25,43,10,6,84,0,84
2071805,0,0,10,10,15,35,0,35
2071806,0,11,21,12,15,59,0,59
2071807,3,16,35,16,19,89,0,89
2071808,0,36,36,19,12,103,6,109
2071809,7,27,19,6,4,63,7,70
2071810,0,18,33,5,14,70,4,74
2071901,0,15,38,15,30,98,0,98
2071902,0,24,51,26,20,121,5,126
2071903,0,12,16,15,7,50,0,50
2071904,0,19,47,11,9,86,5,91
2071905,0,12,24,11,16,63,3,66
2072001,16,100,90,19,8,233,8,241
2072002,37,69,56,9,3,174,7,181
2072003,26,72,70,20,6,194,17,211
2072004,25,69,71,19,9,193,6,199
2072005,0,33,58,19,6,116,0,116
2080101,20,98,96,23,16,253,9,262
2080102,41,89,69,15,5,219,13,232
2080103,0,18,35,12,15,80,5,85
2080104,4,35,54,26,9,128,4,132
2080105,0,12,28,19,16,75,3,78
2080106,0,19,33,24,18,94,5,99
2080107,25,105,122,27,6,285,14,299
2080108,16,59,50,14,8,147,7,154
2080109,28,55,28,9,0,120,12,132
2080201,0,10,22,11,9,52,0,52
2080202,6,26,88,34,26,180,4,184
2080203,4,36,68,34,21,163,7,170
2080204,0,14,25,8,20,67,0,67
2080205,5,68,29,8,3,113,7,120
2080206,3,11,14,11,8,47,3,50
2080207,3,31,66,15,35,150,4,154
2080208,0,12,17,4,13,46,0,46
2080209,6,32,40,10,0,88,9,97
2080210,0,20,30,29,27,106,7,113
2080211,5,19,41,5,5,75,4,79
2080301,7,57,66,13,0,143,4,147
2080302,20,63,51,9,3,146,3,149
2080303,28,74,40,10,4,156,6,162
2080304,26,78,30,14,7,155,17,172
2080305,35,79,69,20,6,209,9,218
2080306,34,107,93,22,15,271,7,278
2080307,14,60,54,16,3,147,5,152
2080308,17,63,73,31,4,188,6,194
2080309,11,71,91,14,5,192,7,199
2080401,12,40,73,31,24,180,8,188
2080402,3,12,31,19,16,81,0,81
2080403,3,62,95,39,29,228,9,237
2080404,5,27,44,20,10,106,3,109
2080405,0,15,27,10,7,59,5,64
2080406,3,4,27,22,10,66,3,69
2080407,0,17,29,9,19,74,0,74
2080408,27,94,98,17,13,249,13,262
2080409,16,65,58,24,14,177,7,184
2080501,5,17,55,27,25,129,5,134
2080502,0,63,88,54,27,232,8,240
2080503,0,47,71,23,14,155,10,165
2080504,0,19,46,11,12,88,0,88
2080506,16,73,62,21,12,184,8,192
2080507,0,28,74,34,29,165,6,171
2080508,0,31,85,31,23,170,0,170
2080509,4,41,38,10,7,100,0,100
2080510,7,112,99,31,14,263,16,279
2080511,5,61,84,24,12,186,9,195
2080512,0,34,34,7,4,79,5,84
2080513,3,11,61,23,7,105,5,110
2080514,3,21,62,39,10,135,5,140
2080601,0,11,31,25,11,78,0,78
2080602,5,30,39,17,6,97,9,106
2080603,0,9,42,26,9,86,4,90
2080604,0,8,30,16,18,72,3,75
2080605,3,14,26,12,9,64,0,64
2080606,0,31,171,29,10,241,4,245
2080607,7,61,83,32,16,199,3,202
2080608,20,116,104,36,6,282,7,289
2080609,8,98,85,27,18,236,4,240
2080610,4,25,85,42,47,203,0,203
2080611,0,16,60,24,5,105,0,105
2080612,0,48,55,18,8,129,5,134
2080613,0,0,0,0,0,0,0,0
2080614,4,70,81,38,16,209,0,209
2080615,0,43,123,26,9,201,7,208
2080616,3,38,142,48,22,253,0,253
2080617,3,45,143,58,40,289,5,294
2080701,28,86,87,22,6,229,13,242
2080702,19,96,95,18,8,236,12,248
2080703,49,105,56,12,6,228,10,238
2080704,45,145,77,18,4,289,19,308
2080705,21,93,71,18,4,207,16,223
2080706,0,0,0,0,0,0,0,0
2080707,49,110,62,15,4,240,20,260
2080708,81,118,42,7,0,248,22,270
2080709,44,112,48,14,8,226,25,251
2080710,23,58,41,11,0,133,17,150
2080711,14,73,90,28,3,208,15,223
2080712,5,112,128,13,14,272,12,284
2080713,6,41,53,12,7,119,10,129
2080714,4,45,90,33,10,182,5,187
2080801,19,120,124,36,16,315,9,324
2080802,32,107,68,16,5,228,13,241
2080803,8,94,56,13,5,176,10,186
2080804,21,108,103,32,10,274,10,284
2080805,20,74,59,14,4,171,6,177
2080806,5,9,10,5,0,29,3,32
2080807,24,69,61,18,3,175,7,182
2080808,22,87,67,13,6,195,10,205
2080809,11,83,58,13,6,171,7,178
2080810,15,34,43,9,0,101,0,101
2080901,3,65,99,42,21,230,9,239
2080902,4,67,111,41,25,248,8,256
2080903,13,89,118,30,16,266,14,280
2080904,4,31,59,26,26,146,8,154
2080905,3,44,39,22,16,124,6,130
2080906,5,26,61,13,21,126,12,138
2080907,29,125,92,21,11,278,12,290
2080908,3,18,38,15,4,78,3,81
2080909,0,41,49,12,11,113,3,116
2080910,0,20,21,5,0,46,0,46
2080911,10,41,39,19,8,117,4,121
2080912,0,32,60,22,7,121,3,124
2081001,0,42,110,51,46,249,7,256
2081002,0,37,105,50,32,224,10,234
2081003,0,47,103,40,13,203,9,212
2081004,4,34,87,40,43,208,11,219
2081005,3,80,131,30,12,256,7,263
2081006,3,24,41,5,7,80,5,85
2081007,4,50,161,44,16,275,3,278
2081008,0,32,53,21,5,111,4,115
2081009,8,48,111,31,19,217,5,222
2081010,3,10,58,21,0,92,4,96
2081011,7,45,88,25,4,169,3,172
2081012,0,41,27,11,6,85,0,85
2081013,0,0,0,0,0,0,0,0
2081014,3,29,53,21,3,109,3,112
2081015,0,33,50,37,12,132,5,137
2081016,0,33,95,22,9,159,3,162
2081017,0,29,65,22,7,123,3,126
2081101,0,46,96,29,14,185,9,194
2081102,3,53,68,29,9,162,5,167
2081103,0,51,82,41,25,199,6,205
2081104,3,10,31,15,10,69,3,72
2081105,0,6,24,11,6,47,0,47
2081106,6,13,43,10,10,82,3,85
2081107,6,10,21,12,10,59,0,59
2081108,3,14,20,10,9,56,0,56
2081109,5,44,78,32,23,182,6,188
2081110,0,17,37,7,6,67,5,72
2081111,5,25,45,32,13,120,4,124
2081112,0,0,15,17,17,49,0,49
2081201,37,78,65,20,10,210,13,223
2081202,35,100,68,15,6,224,21,245
2081203,18,82,74,23,0,197,9,206
2081204,8,76,66,14,5,169,11,180
2081205,17,53,45,12,5,132,5,137
2081206,25,97,104,32,14,272,12,284
2081207,21,78,67,23,0,189,10,199
2081208,7,82,110,29,5,233,6,239
2081209,22,159,115,25,12,333,17,350
2081210,58,101,23,4,5,191,17,208
2081301,3,22,81,47,36,189,8,197
2081302,0,39,110,57,52,258,10,268
2081303,5,24,67,54,49,199,9,208
2081304,4,28,101,36,4,173,3,176
2081305,5,76,127,36,11,255,13,268
2081306,7,57,70,18,19,171,9,180
2081307,6,55,88,21,16,186,7,193
2081308,6,36,124,41,28,235,8,243
2081309,3,41,79,16,10,149,5,154
2081310,0,18,95,27,26,166,3,169
2081311,0,27,106,21,15,169,4,173
2081312,0,12,39,12,3,66,0,66
2081313,0,8,44,22,15,89,3,92
2081401,6,34,55,24,14,133,6,139
2081402,20,82,80,23,11,216,7,223
2081403,14,86,133,52,31,316,7,323
2081404,18,84,135,40,19,296,11,307
2081405,19,61,65,25,7,177,5,182
2081406,47,137,90,26,6,306,9,315
2081407,5,95,114,36,17,267,8,275
2081408,37,76,62,22,6,203,4,207
2081409,37,83,51,22,16,209,6,215
2081410,25,78,39,23,7,172,6,178
2081411,22,100,81,14,12,229,17,246
2081412,7,107,139,46,17,316,5,321
2081413,5,46,60,6,4,121,5,126
2081501,8,67,52,12,5,144,0,144
2081502,34,76,82,17,9,218,21,239
2081503,14,56,43,8,4,125,3,128
2081504,5,19,18,5,0,47,3,50
2081505,13,82,55,17,4,171,4,175
2081506,4,66,69,18,8,165,4,169
2081507,28,101,72,28,7,236,4,240
2081508,10,52,35,0,0,97,5,102
2081509,10,44,49,17,0,120,5,125
2081510,7,68,91,25,7,198,10,208
2081511,32,90,71,15,4,212,10,222
2081512,31,68,43,10,8,160,15,175
2081513,17,67,38,14,6,142,7,149
2081514,17,65,47,6,8,143,0,143
2081601,30,83,66,15,6,200,7,207
2081602,16,49,39,12,5,121,4,125
2081603,49,113,69,18,5,254,11,265
2081604,9,69,44,4,4,130,3,133
2081605,12,75,81,21,9,198,9,207
2081606,53,81,36,12,5,187,19,206
2081607,34,109,90,14,3,250,9,259
2081608,18,63,53,9,5,148,7,155
2081609,19,69,62,18,9,177,11,188
2081610,24,60,55,11,4,154,0,154
2081611,30,83,57,15,8,193,13,206
2081701,24,61,65,17,5,172,5,177
2081702,18,78,52,10,10,168,13,181
2081703,18,62,44,4,5,133,3,136
2081704,15,59,41,16,7,138,6,144
2081705,27,99,79,24,4,233,11,244
2081706,18,52,34,15,0,119,12,131
2081707,18,81,47,10,3,159,19,178
2081708,28,91,90,24,17,250,9,259
2081709,21,93,79,22,9,224,9,233
2081710,18,87,51,10,9,175,6,181
2081711,10,36,89,27,11,173,0,173
2081712,30,117,122,33,13,315,12,327
2081713,23,69,61,32,7,192,10,202
2081714,16,51,85,44,13,209,3,212
2081715,10,31,37,17,11,106,0,106
2081801,21,79,46,11,4,161,11,172
2081802,13,27,23,11,0,74,4,78
2081803,6,14,15,4,0,39,3,42
2081804,47,99,71,25,4,246,7,253
2081805,26,103,76,21,6,232,16,248
2081806,17,60,58,13,10,158,12,170
2081807,15,86,89,23,8,221,7,228
2081808,18,54,46,15,5,138,11,149
2081809,24,68,49,18,7,166,8,174
2081810,15,88,76,19,10,208,9,217
2081811,8,63,51,16,9,147,6,153
2081812,26,63,41,11,5,146,10,156
2081813,16,46,47,17,4,130,0,130
2081901,29,104,87,21,12,253,12,265
2081902,13,51,71,24,4,163,7,170
2081903,21,121,174,59,29,404,11,415
2081904,6,31,78,38,21,174,3,177
2081905,0,44,125,52,31,252,7,259
2081906,7,100,191,61,31,390,12,402
2081907,18,92,74,22,9,215,10,225
2081908,3,42,41,14,3,103,0,103
2081909,7,44,52,11,5,119,5,124
2081910,14,114,146,46,9,329,11,340
2081911,0,48,119,54,33,254,8,262
2081912,4,43,49,14,4,114,0,114
2081913,4,56,75,31,12,178,4,182
2081914,4,17,65,24,25,135,6,141
2081915,11,56,107,36,15,225,6,231
2081916,0,0,3,0,0,3,0,3
2081917,3,28,62,11,6,110,3,113
2081918,0,18,37,19,17,91,0,91
2082001,15,57,44,4,0,120,3,123
2082002,18,44,46,7,0,115,4,119
2082003,18,45,35,8,0,106,3,109
2082004,15,50,38,8,4,115,6,121
2082005,12,32,31,15,0,90,0,90
2082006,11,32,30,9,0,82,3,85
2082007,6,28,21,12,9,76,4,80
2082008,11,81,57,17,5,171,5,176
2082009,39,109,79,19,13,259,12,271
2082010,19,77,40,7,6,149,11,160
2082011,18,37,13,5,0,73,0,73
2082012,13,39,29,5,4,90,5,95
2082013,8,28,40,11,0,87,8,95
2082101,23,123,68,12,0,226,11,237
2082102,10,72,83,26,3,194,6,200
2082103,19,99,75,18,3,214,6,220
2082104,22,88,80,25,0,215,14,229
2082105,24,90,65,17,6,202,13,215
2082106,14,62,47,9,6,138,0,138
2082107,11,64,42,18,3,138,0,138
2082108,21,54,15,8,0,98,4,102
2082109,64,109,75,12,6,266,21,287
2082110,19,84,52,10,6,171,0,171
2082111,18,75,42,17,3,155,7,162
2082112,0,0,0,0,0,0,0,0
2082113,4,23,17,7,0,51,4,55
2082114,21,46,48,10,7,132,8,140
2082201,30,109,61,18,4,222,16,238
2082202,56,84,60,14,7,221,21,242
2082203,4,78,126,34,12,254,8,262
2082204,63,71,43,9,6,192,11,203
2082205,28,70,66,16,13,193,9,202
2082206,24,83,91,26,7,231,14,245
2082207,3,43,88,48,41,223,11,234
2082208,33,76,37,7,3,156,7,163
2082209,19,60,57,9,8,153,4,157
2082210,12,77,51,23,10,173,11,184
2082211,4,30,75,24,4,137,5,142
2082301,4,33,52,15,9,113,0,113
2082302,0,9,26,18,14,67,3,70
2082303,4,21,34,22,16,97,3,100
2082304,19,70,44,23,7,163,7,170
2082305,0,11,22,7,5,45,3,48
2082306,3,32,33,15,13,96,3,99
2082307,13,86,73,26,16,214,8,222
2082308,0,30,47,18,14,109,0,109
2082309,3,16,24,9,9,61,0,61
2082310,5,34,41,18,16,114,4,118
2082311,3,34,72,28,14,151,4,155
2082401,18,95,51,16,4,184,7,191
2082402,18,79,80,24,7,208,11,219
2082403,19,94,97,27,9,246,8,254
2082404,23,39,22,0,0,84,0,84
2082405,6,64,55,17,12,154,3,157
2082406,16,83,64,19,8,190,9,199
2082407,17,89,80,21,0,207,12,219
2082408,48,109,84,21,10,272,23,295
2082501,17,104,98,19,8,246,4,250
2082502,20,76,57,9,7,169,9,178
2082503,29,79,63,12,4,187,13,200
2082504,27,121,104,32,8,292,16,308
2082505,32,43,15,3,3,96,6,102
2082506,39,81,34,6,5,165,6,171
2082507,19,70,41,15,4,149,6,155
2082508,20,79,55,19,3,176,4,180
2090101,0,7,12,9,8,36,0,36
2090102,0,6,23,14,14,57,0,57
2090103,0,6,29,13,4,52,9,61
2090104,0,4,25,4,15,48,0,48
2090105,15,31,20,10,0,76,0,76
2090106,0,18,32,17,11,78,4,82
2090107,18,83,75,13,10,199,7,206
2090108,0,21,38,20,9,88,4,92
2090109,10,54,39,9,7,119,0,119
2090110,0,15,25,13,9,62,3,65
2090201,17,59,74,13,4,167,7,174
2090202,0,9,25,16,13,63,3,66
2090203,3,5,24,10,10,52,4,56
2090204,10,57,50,15,0,132,3,135
2090205,0,20,20,13,18,71,0,71
2090206,0,4,15,8,6,33,6,39
2090207,0,11,21,8,0,40,0,40
2090208,0,11,25,11,21,68,0,68
2090209,7,45,43,11,4,110,0,110
2090210,0,4,19,15,10,48,3,51
2090211,0,20,42,38,21,121,0,121
2090301,3,16,34,10,13,76,0,76
2090302,0,11,22,14,12,59,0,59
2090303,0,6,22,4,13,45,0,45
2090304,0,21,71,47,28,167,6,173
2090305,0,16,16,12,9,53,0,53
2090306,4,3,13,4,11,35,0,35
2090307,3,6,16,7,18,50,3,53
2090308,16,62,69,18,5,170,8,178
2090309,0,6,42,14,3,65,5,70
2090401,0,20,29,22,10,81,0,81
2090402,0,20,23,13,7,63,3,66
2090403,0,9,25,13,24,71,4,75
2090404,5,7,22,0,14,48,0,48
2090405,7,19,83,35,26,170,3,173
2090406,5,23,77,37,20,162,0,162
2090407,0,14,23,9,13,59,5,64
2090408,0,17,41,29,26,113,0,113
2090409,0,17,50,20,13,100,0,100
2090410,3,25,58,26,21,133,3,136
2090501,5,68,134,28,16,251,6,257
2090502,16,70,36,11,11,144,5,149
2090503,27,119,82,14,8,250,10,260
2090504,26,96,101,25,7,255,8,263
2090505,28,98,59,6,3,194,14,208
2090506,21,57,63,25,7,173,13,186
2090507,20,64,79,16,9,188,0,188
2090508,22,65,60,15,6,168,7,175
2090509,17,77,103,19,10,226,3,229
2090510,27,73,43,13,5,161,4,165
2090511,44,147,71,13,6,281,7,288
2090601,0,33,29,0,6,68,5,73
2090602,12,109,172,26,14,333,5,338
2090603,8,78,130,29,9,254,11,265
2090604,32,115,110,17,9,283,11,294
2090605,47,79,48,5,0,179,17,196
2090606,21,87,61,22,8,199,9,208
2090607,5,76,124,29,9,243,7,250
2090608,0,50,53,17,8,128,5,133
2090609,46,159,111,27,13,356,13,369
2090610,12,50,100,23,4,189,3,192
2090611,18,106,171,33,5,333,8,341
2090612,19,79,99,16,8,221,4,225
2090613,3,27,89,27,3,149,5,154
2090701,0,15,46,25,23,109,3,112
2090702,0,9,51,37,29,126,0,126
2090703,0,8,16,19,27,70,3,73
2090704,0,0,0,0,0,0,0,0
2090705,3,6,30,8,0,47,4,51
2090706,0,5,48,21,20,94,4,98
2090707,0,20,66,43,30,159,5,164
2090709,0,29,26,21,11,87,3,90
2090710,4,18,46,27,22,117,0,117
2090801,18,120,131,40,25,334,17,351
2090802,11,116,166,43,16,352,10,362
2090803,8,63,63,10,4,148,3,151
2090804,4,26,22,7,0,59,0,59
2090805,52,126,104,33,8,323,10,333
2090806,29,111,88,28,11,267,5,272
2090807,15,98,114,22,9,258,8,266
2090808,5,72,67,26,5,175,5,180
2090901,32,50,54,14,4,154,9,163
2090902,5,26,60,15,3,109,4,113
2090903,26,99,74,14,6,219,9,228
2090904,32,105,82,18,8,245,5,250
2090905,20,71,68,21,12,192,4,196
2090906,30,99,112,30,19,290,8,298
2090907,15,33,18,6,0,72,0,72
2090908,33,145,94,32,4,308,15,323
2091001,0,10,17,14,14,55,0,55
2091003,0,24,30,14,5,73,8,81
2091004,4,12,52,29,23,120,7,127
2091005,4,12,34,16,15,81,5,86
2091006,3,15,25,11,9,63,0,63
2091007,23,93,74,19,8,217,4,221
2091008,29,77,68,18,9,201,8,209
2091009,0,13,34,23,15,85,3,88
2091101,0,27,30,7,9,73,4,77
2091102,9,32,44,18,12,115,0,115
2091103,0,23,42,28,19,112,7,119
2091104,19,90,78,19,8,214,5,219
2091105,26,85,89,16,6,222,14,236
2091106,12,76,99,27,11,225,12,237
2091107,0,16,27,14,14,71,3,74
2091108,5,21,39,10,0,75,0,75
2091109,3,15,27,14,15,74,0,74
2091110,4,3,14,8,6,35,0,35
2091201,0,14,37,23,8,82,3,85
2091202,0,15,32,22,12,81,3,84
2091203,0,30,41,11,7,89,5,94
2091204,0,19,24,9,13,65,4,69
2091205,0,12,26,18,13,69,4,73
2091301,24,95,79,21,12,231,15,246
2091302,24,91,92,32,5,244,12,256
2091303,5,24,59,26,23,137,0,137
2091304,0,32,45,10,4,91,8,99
2091305,0,49,125,57,33,264,4,268
2091306,5,28,91,34,28,186,8,194
2091307,0,28,55,30,13,126,5,131
2091308,5,18,46,27,28,124,8,132
2091309,0,22,51,27,12,112,7,119
2091310,5,30,85,30,18,168,6,174
2091311,0,17,69,17,15,118,8,126
2091312,0,10,37,21,16,84,4,88
2091314,0,13,37,9,4,63,3,66
2091401,11,54,67,26,6,164,5,169
2091402,21,103,61,24,7,216,4,220
2091403,47,130,55,17,4,253,14,267
2091404,39,76,57,14,0,186,20,206
2091405,27,63,56,16,4,166,8,174
2091406,26,73,43,11,3,156,12,168
2091407,10,54,61,27,12,164,6,170
2091408,15,69,59,12,6,161,12,173
2091409,6,60,128,45,12,251,5,256
2091501,11,82,84,15,15,207,10,217
2091502,29,113,90,23,6,261,6,267
2091503,24,124,92,15,0,255,19,274
2091504,11,101,68,18,4,202,15,217
2091505,11,80,81,23,4,199,9,208
2091506,4,68,90,22,7,191,6,197
2091507,11,105,100,22,9,247,12,259
2091508,4,78,120,33,11,246,7,253
2091509,10,68,30,14,0,122,9,131
2091601,4,14,43,22,17,100,3,103
2091602,0,11,33,26,26,96,0,96
2091603,5,39,43,12,3,102,5,107
2091604,4,21,50,30,29,134,3,137
2091605,0,14,40,20,23,97,0,97
2091606,0,13,32,14,7,66,3,69
2091701,0,11,15,8,14,48,3,51
2091702,0,28,60,18,22,128,3,131
2091703,0,32,73,34,32,171,4,175
2091704,7,57,116,41,30,251,7,258
2091801,0,18,22,12,3,55,3,58
2091802,28,89,47,13,0,177,8,185
2091803,12,61,36,17,3,129,4,133
2091804,5,40,33,3,3,84,8,92
2091805,9,45,45,6,7,112,7,119
2091806,0,25,22,5,5,57,5,62
2091807,21,89,67,15,6,198,6,204
2091808,0,0,0,0,0,0,0,0
2091809,10,40,42,20,6,118,3,121
2091810,9,55,50,11,5,130,0,130
2091901,0,0,0,0,0,0,0,0
2091902,6,55,62,22,4,149,4,153
2091903,0,9,45,13,12,79,0,79
2091904,21,93,111,25,6,256,3,259
2091905,3,39,68,17,6,133,5,138
2092001,4,30,35,20,14,103,7,110
2092002,7,49,101,46,30,233,5,238
2092003,6,14,54,27,31,132,0,132
2092004,3,43,108,37,41,232,5,237
2092005,3,23,74,36,36,172,7,179
2092006,0,14,34,29,22,99,8,107
2092007,0,55,106,23,17,201,3,204
2092008,4,28,58,30,17,137,7,144
2092010,0,27,54,24,28,133,7,140
2092011,0,33,74,22,26,155,7,162
2092012,0,14,40,32,20,106,4,110
2092013,3,19,45,16,16,99,4,103
2092014,0,20,30,19,16,85,4,89
2092015,0,35,29,8,3,75,6,81
2092016,5,30,71,20,18,144,5,149
2092101,3,45,67,14,8,137,3,140
2092102,11,123,118,33,8,293,7,300
2092103,13,120,120,35,12,300,13,313
2092104,18,75,60,11,7,171,3,174
2092105,37,126,104,23,3,293,17,310
2092106,8,75,175,66,15,339,5,344
2092107,17,79,34,13,6,149,5,154
2092108,7,64,92,30,14,207,8,215
2092109,0,46,107,23,7,183,9,192
2092201,26,77,50,8,0,161,11,172
2092202,20,75,65,21,0,181,5,186
2092203,12,55,59,13,8,147,0,147
2092204,21,65,46,8,5,145,0,145
2092205,29,52,38,10,0,129,25,154
2092206,39,133,112,14,0,298,20,318
2092207,28,108,90,11,11,248,10,258
2092208,11,95,128,43,16,293,5,298
2092209,17,81,70,17,14,199,10,209
2092210,12,35,20,10,4,81,13,94
2092211,43,52,24,4,0,123,14,137
2092212,9,55,94,18,8,184,5,189
2092213,13,81,78,25,8,205,4,209
2092301,13,66,70,16,10,175,7,182
2092302,37,125,75,15,8,260,18,278
2092303,19,58,44,9,0,130,9,139
2092304,9,64,60,16,0,149,6,155
2092305,20,156,106,20,7,309,13,322
2092306,11,75,70,23,8,187,0,187
2092307,20,93,100,26,8,247,15,262
2092308,25,84,48,20,5,182,3,185
2092309,35,102,50,16,8,211,10,221
2092310,46,126,64,14,0,250,13,263
2092311,9,78,84,18,7,196,9,205
2092312,20,108,85,23,5,241,5,246
2092313,0,11,29,6,11,57,0,57
2092314,3,51,65,19,3,141,7,148
2092315,22,76,50,8,0,156,6,162
2092316,20,59,46,4,6,135,6,141
2092317,8,31,44,14,0,97,3,100
2092401,6,45,87,20,11,169,4,173
2092402,4,39,70,36,28,177,7,184
2092403,20,94,63,17,9,203,9,212
2092404,17,122,87,20,15,261,9,270
2092405,8,79,78,18,8,191,8,199
2092406,3,36,112,28,11,190,3,193
2092407,5,39,59,15,0,118,9,127
2092408,5,64,126,38,14,247,4,251
2092409,6,62,85,27,12,192,7,199
2092410,12,92,67,19,7,197,6,203
2092411,20,128,79,9,10,246,7,253
2092412,13,121,109,20,9,272,13,285
2092413,0,33,50,14,0,97,0,97
2092414,6,78,65,20,12,181,0,181
2092501,15,80,63,17,0,175,12,187
2092502,16,56,62,24,5,163,8,171
2092503,0,24,38,28,17,107,4,111
2092504,3,10,39,25,27,104,3,107
2092505,4,29,19,7,0,59,6,65
2092506,3,3,18,13,6,43,4,47
2092507,0,13,27,17,18,75,3,78
2092508,0,14,35,24,9,82,4,86
2092509,0,26,61,37,26,150,6,156
2092510,0,9,15,12,18,54,0,54
2092511,0,13,27,12,12,64,3,67
2092601,24,120,102,25,7,278,27,305
2092602,0,18,31,22,25,96,0,96
2092603,3,15,34,22,15,89,0,89
2092604,0,14,30,13,13,70,7,77
2092605,3,31,47,19,15,115,3,118
2092606,0,24,41,13,15,93,4,97
2092607,0,9,13,9,11,42,0,42
2092608,11,47,35,9,3,105,10,115
2100101,0,13,20,3,0,36,0,36
2100102,3,36,24,12,4,79,0,79
2100103,3,35,50,12,3,103,0,103
2100104,0,14,12,0,0,26,0,26
2100105,0,19,18,6,3,46,0,46
2100106,0,34,76,12,14,136,5,141
2100107,3,34,29,16,0,82,3,85
2100108,4,27,19,4,4,58,3,61
2100109,0,39,22,4,0,65,0,65
2100110,0,35,32,6,0,73,0,73
2100111,5,42,44,6,0,97,4,101
2100112,0,29,17,4,0,50,5,55
2100201,0,20,16,10,18,64,3,67
2100202,9,42,54,8,3,116,11,127
2100203,0,8,23,12,11,54,0,54
2100204,0,11,15,11,12,49,0,49
2100205,3,50,31,15,0,99,3,102
2100207,17,54,38,12,9,130,8,138
2100208,0,4,15,15,8,42,5,47
2100209,0,13,31,19,21,84,0,84
2100210,0,18,21,15,13,67,0,67
2100211,0,28,23,12,4,67,4,71
2100212,0,0,0,0,0,0,0,0
2100301,6,78,78,21,11,194,0,194
2100302,22,83,46,10,5,166,3,169
2100303,14,91,76,11,12,204,9,213
2100304,22,74,58,16,8,178,14,192
2100305,5,33,49,22,17,126,0,126
2100307,0,23,37,20,4,84,4,88
2100308,0,31,62,27,21,141,5,146
2100309,5,30,40,26,28,129,8,137
2100401,4,40,38,8,7,97,11,108
2100402,26,109,93,18,3,249,14,263
2100403,16,87,65,23,6,197,6,203
2100404,36,68,45,13,9,171,7,178
2100405,25,75,55,13,0,168,11,179
2100406,11,44,54,16,4,129,3,132
2100407,5,30,38,17,18,108,7,115
2100408,0,27,56,29,21,133,0,133
2100409,0,46,90,23,9,168,7,175
2100501,0,8,12,4,7,31,3,34
2100502,0,25,15,9,0,49,0,49
2100503,0,28,87,25,28,168,0,168
2100504,0,16,49,26,16,107,3,110
2100505,0,11,14,9,8,42,6,48
2100506,3,32,28,10,4,77,9,86
2100507,0,19,27,13,9,68,4,72
2100508,3,32,62,30,17,144,8,152
2100509,3,39,55,33,22,152,6,158
2100601,19,81,50,15,9,174,11,185
2100602,11,79,69,21,10,190,12,202
2100603,14,95,75,20,10,214,5,219
2100604,25,64,79,17,6,191,4,195
2100605,68,117,94,13,3,295,18,313
2100606,41,109,79,15,0,244,10,254
2100607,16,72,69,14,11,182,6,188
2100608,17,61,59,8,6,151,9,160
2100701,45,90,78,17,7,237,21,258
2100702,16,115,116,29,18,294,23,317
2100703,18,88,69,25,5,205,8,213
2100704,34,91,47,11,6,189,15,204
2100705,28,75,52,20,6,181,9,190
2100706,20,105,132,34,14,305,9,314
2100707,34,98,54,13,7,206,4,210
2100708,16,71,46,13,7,153,9,162
2100801,3,33,51,23,12,122,0,122
2100802,3,20,40,19,12,94,8,102
2100803,7,22,53,28,24,134,3,137
2100804,0,6,16,16,17,55,0,55
2100805,5,33,72,21,13,144,0,144
2100806,0,13,36,21,16,86,0,86
2100807,3,32,52,41,14,142,5,147
2100808,7,26,41,16,9,99,4,103
2100809,0,32,74,37,21,164,6,170
2100810,0,48,165,68,36,317,6,323
2100811,0,34,55,29,6,124,3,127
2100813,0,10,17,16,5,48,0,48
2100901,0,7,30,16,14,67,3,70
2100902,11,38,43,24,3,119,4,123
2100903,0,31,89,41,29,190,13,203
2100904,0,11,49,33,23,116,4,120
2100905,4,6,25,24,23,82,4,86
2100906,0,11,44,15,18,88,4,92
2100907,9,89,146,64,30,338,5,343
2100908,3,22,68,32,21,146,7,153
2100909,3,50,84,38,12,187,3,190
2100910,0,31,73,35,22,161,4,165
2100911,0,50,133,57,15,255,5,260
2100912,0,30,102,36,20,188,0,188
2100913,0,6,47,31,17,101,0,101
2101001,0,56,110,34,5,205,3,208
2101002,9,58,52,5,5,129,7,136
2101003,17,75,49,25,5,171,4,175
2101004,14,86,92,27,9,228,7,235
2101005,22,53,63,0,3,141,5,146
2101006,10,54,52,9,4,129,3,132
2101007,9,65,41,14,3,132,7,139
2101008,6,51,48,13,3,121,4,125
2101009,4,57,74,22,9,166,6,172
2101010,0,28,65,19,0,112,3,115
2101101,6,20,18,3,15,62,3,65
2101102,3,69,112,39,13,236,9,245
2101103,4,34,72,31,15,156,0,156
2101104,0,15,30,16,11,72,4,76
2101105,16,79,65,19,12,191,6,197
2101106,7,34,68,29,26,164,3,167
2101107,3,16,30,10,5,64,6,70
2101108,5,64,115,25,16,225,8,233
2101109,0,17,30,11,14,72,0,72
2101110,0,36,49,32,22,139,0,139
2101111,6,33,60,25,23,147,11,158
2101112,0,19,66,31,19,135,3,138
2101113,0,11,42,14,7,74,3,77
2101114,3,28,64,34,10,139,5,144
2101201,7,56,111,24,9,207,4,211
2101202,0,28,131,70,44,273,3,276
2101203,0,15,111,32,15,173,3,176
2101204,0,36,71,41,32,180,4,184
2101205,0,32,93,50,37,212,6,218
2101206,0,38,90,39,24,191,5,196
2101207,5,86,68,18,4,181,8,189
2101208,7,70,85,29,12,203,4,207
2101209,0,64,135,23,10,232,12,244
2101210,3,27,65,19,0,114,7,121
2101211,5,46,80,22,13,166,5,171
2101212,0,41,107,39,7,194,7,201
2101213,3,22,23,7,0,55,3,58
2101214,0,5,32,9,9,55,0,55
2101215,5,33,103,29,9,179,5,184
2101216,0,18,40,13,0,71,0,71
2101217,0,25,71,21,6,123,3,126
2101218,0,9,37,8,0,54,0,54
2101301,0,31,65,8,8,112,4,116
2101302,4,14,16,6,0,40,0,40
2101303,7,42,51,9,9,118,0,118
2101304,12,58,36,11,5,122,5,127
2101305,6,24,25,13,3,71,5,76
2101306,10,52,52,12,6,132,7,139
2101307,17,58,44,11,4,134,9,143
2101308,3,23,32,8,8,74,5,79
2101309,0,15,24,12,3,54,0,54
2101401,0,22,60,22,28,132,6,138
2101402,0,8,27,14,5,54,5,59
2101403,16,69,71,20,8,184,4,188
2101404,30,107,112,33,23,305,11,316
2101405,0,27,110,49,35,221,5,226
2101406,0,30,83,51,31,195,4,199
2101407,0,21,27,18,14,80,3,83
2101408,3,10,55,21,9,98,0,98
2101501,0,13,31,15,4,63,4,67
2101502,0,28,27,9,11,75,3,78
2101503,21,91,59,7,5,183,4,187
2101504,0,20,38,10,7,75,0,75
2101505,4,34,46,16,9,109,7,116
2101506,3,33,32,3,3,74,0,74
2101507,6,43,23,3,5,80,3,83
2101508,0,30,32,14,0,76,7,83
2101509,8,27,21,7,0,63,4,67
2101510,9,33,18,4,0,64,10,74
2101601,0,17,24,9,0,50,0,50
2101602,0,27,29,18,6,80,0,80
2101603,5,23,24,5,3,60,0,60
2101604,0,29,25,0,7,61,4,65
2101606,0,32,39,16,11,98,3,101
2101607,0,29,18,0,0,47,0,47
2101701,0,36,69,42,34,181,3,184
2101702,30,99,86,26,4,245,13,258
2101703,7,131,123,51,10,322,15,337
2101704,0,14,32,25,6,77,3,80
2101705,5,14,32,20,23,94,6,100
2101706,6,29,65,30,25,155,0,155
2101707,0,27,52,39,28,146,0,146
2101801,7,37,54,15,5,118,10,128
2101802,0,13,46,17,17,93,7,100
2101803,0,26,62,25,26,139,0,139
2101804,0,9,29,12,5,55,3,58
2101805,3,39,38,10,6,96,3,99
2101806,0,10,40,9,16,75,0,75
2101807,0,28,83,43,47,201,6,207
2101808,3,24,53,31,18,129,3,132
2101809,5,22,19,12,3,61,0,61
2101810,0,10,24,10,12,56,4,60
2101811,0,12,43,8,15,78,0,78
2101812,9,64,79,27,9,188,11,199
2101901,0,18,27,10,9,64,0,64
2101902,0,48,58,32,19,157,4,161
2101903,3,67,111,51,38,270,6,276
2101904,0,16,64,42,31,153,3,156
2101905,6,66,56,15,7,150,5,155
2101906,8,28,47,9,9,101,4,105
2101907,0,13,21,14,0,48,4,52
2101908,0,11,34,26,12,83,3,86
2101909,0,14,38,15,18,85,0,85
2101910,3,31,89,30,22,175,3,178
2101911,0,29,133,57,39,258,8,266
2101912,3,52,118,63,30,266,5,271
2110101,32,119,74,14,4,243,7,250
2110102,42,113,62,24,0,241,13,254
2110103,35,121,90,21,7,274,12,286
2110104,18,70,73,18,7,186,6,192
2110105,31,75,80,25,10,221,8,229
2110106,22,109,118,23,7,279,11,290
2110107,31,124,94,22,10,281,15,296
2110108,26,132,86,19,0,263,13,276
2110109,6,62,56,13,0,137,9,146
2110201,33,99,71,13,6,222,12,234
2110202,11,65,58,3,3,140,7,147
2110203,42,73,45,5,4,169,7,176
2110204,19,92,59,13,5,188,6,194
2110205,5,54,107,30,6,202,12,214
2110206,16,65,50,12,9,152,0,152
2110207,20,90,91,10,4,215,12,227
2110208,43,68,30,7,0,148,11,159
2110209,33,65,54,20,0,172,13,185
2110301,18,97,70,14,0,199,7,206
2110302,65,124,84,14,7,294,13,307
2110303,7,48,30,11,0,96,7,103
2110304,38,99,77,15,5,234,12,246
2110305,39,75,72,19,3,208,8,216
2110306,40,114,81,28,3,266,12,278
2110307,37,106,81,11,3,238,9,247
2110308,15,49,41,5,3,113,4,117
2110309,30,57,69,18,9,183,4,187
2110401,29,105,76,23,7,240,12,252
2110402,23,108,125,19,12,287,8,295
2110403,23,64,74,11,4,176,8,184
2110404,18,82,97,19,6,222,5,227
2110405,3,37,86,19,9,154,4,158
2110406,17,114,121,35,7,294,7,301
2110407,17,112,83,14,5,231,5,236
2110408,31,80,96,22,7,236,6,242
2110409,0,0,0,0,0,0,0,0
2110501,12,75,58,30,4,179,5,184
2110502,7,37,73,16,9,142,0,142
2110503,5,52,95,29,11,192,7,199
2110504,14,84,91,26,8,223,6,229
2110505,34,124,89,14,6,267,12,279
2110506,26,67,67,19,0,179,0,179
2110507,44,78,93,15,4,234,11,245
2110508,15,88,105,22,5,235,11,246
2110601,3,34,85,44,29,195,5,200
2110602,5,46,46,8,7,112,5,117
2110603,13,47,34,5,3,102,4,106
2110604,8,71,63,9,4,155,7,162
2110605,0,72,90,16,10,188,10,198
2110606,4,44,49,7,8,112,10,122
2110607,12,59,52,8,3,134,10,144
2110608,19,65,60,13,4,161,10,171
2110609,11,51,43,8,4,117,3,120
2110610,17,64,32,0,0,113,5,118
2110701,28,89,76,12,8,213,10,223
2110702,55,97,97,11,3,263,3,266
2110703,63,146,48,14,5,276,21,297
2110704,25,98,109,16,8,256,10,266
2110705,26,89,80,25,5,225,9,234
2110706,29,80,92,17,11,229,5,234
2110707,32,101,76,21,6,236,11,247
2110708,31,96,122,21,9,279,9,288
2110709,47,109,65,10,5,236,10,246
2110801,27,114,74,10,11,236,17,253
2110802,20,38,41,13,5,117,5,122
2110803,11,54,31,8,7,111,3,114
2110804,18,68,32,8,4,130,14,144
2110805,27,95,41,8,0,171,12,183
2110806,14,59,48,8,5,134,4,138
2110807,25,89,61,21,8,204,7,211
2110808,21,84,67,15,10,197,9,206
2110809,37,82,49,4,9,181,14,195
2110810,23,87,78,12,4,204,10,214
2110811,21,107,105,21,3,257,6,263
2110812,33,94,87,18,0,232,17,249
2110813,15,54,44,5,6,124,4,128
2110814,10,39,25,11,0,85,3,88
2110901,4,97,181,61,17,360,5,365
2110902,4,44,92,28,14,182,5,187
2110903,0,51,133,48,23,255,4,259
2110904,8,82,99,28,12,229,0,229
2110905,35,145,89,24,13,306,10,316
2110906,15,77,70,17,4,183,6,189
2110907,33,142,107,20,10,312,9,321
2110908,5,59,146,55,13,278,7,285
2110909,10,77,86,17,5,195,5,200
2110910,7,75,142,37,17,278,6,284
2110911,0,23,92,26,17,158,5,163
2110912,0,20,74,20,14,128,0,128
2111001,7,77,152,39,21,296,8,304
2111002,12,76,96,25,7,216,4,220
2111003,19,103,90,25,7,244,6,250
2111004,24,144,114,27,17,326,9,335
2111005,30,108,63,9,5,215,7,222
2111006,18,76,66,14,5,179,3,182
2111007,16,107,86,18,3,230,5,235
2111008,13,72,115,28,10,238,8,246
2111009,17,74,62,17,5,175,0,175
2111010,6,81,99,37,17,240,3,243
2111011,13,99,76,18,10,216,6,222
2111012,0,59,94,27,9,189,0,189
2111101,3,27,85,41,30,186,3,189
2111102,40,86,55,22,3,206,11,217
2111103,22,94,71,16,11,214,6,220
2111104,28,130,82,17,4,261,8,269
2111105,32,135,93,16,14,290,0,290
2111106,0,37,88,21,5,151,3,154
2111107,26,108,93,24,6,257,7,264
2111108,22,132,96,23,12,285,11,296
2111109,19,129,121,30,9,308,7,315
2111110,0,57,148,26,15,246,6,252
2111111,17,100,117,28,18,280,9,289
2111112,23,99,140,28,15,305,9,314
2111113,0,15,80,17,14,126,4,130
2111114,3,74,204,46,14,341,5,346
2111115,0,53,103,28,4,188,4,192
2111116,0,0,3,3,0,6,0,6
2111117,0,39,174,30,22,265,4,269
2111201,30,84,47,15,12,188,6,194
2111202,44,121,96,28,6,295,5,300
2111203,24,92,51,13,9,189,7,196
2111204,18,103,115,34,10,280,11,291
2111205,11,80,61,12,8,172,5,177
2111206,11,74,86,15,6,192,5,197
2111207,25,89,106,32,8,260,5,265
2111208,18,56,39,10,4,127,11,138
2111209,30,88,67,23,11,219,6,225
2111210,18,51,47,9,0,125,5,130
2111211,20,126,88,26,8,268,11,279
2111212,11,99,116,32,18,276,4,280
2111301,3,9,19,15,12,58,5,63
2111302,0,17,42,33,18,110,0,110
2111303,3,25,54,25,32,139,6,145
2111304,5,26,47,12,15,105,5,110
2111305,0,14,49,30,18,111,0,111
2111306,0,17,28,15,14,74,8,82
2111307,3,88,181,43,16,331,6,337
2111308,0,20,58,39,37,154,3,157
2111309,21,70,83,13,6,193,5,198
2111310,51,65,99,33,14,262,21,283
2111311,49,98,72,21,6,246,12,258
2111312,25,120,90,31,4,270,19,289
2111313,7,77,121,31,17,253,6,259
2111314,9,86,236,50,15,396,11,407
2111315,5,6,20,5,6,42,0,42
2111316,5,29,87,54,39,214,7,221
2111401,4,15,39,18,24,100,0,100
2111402,7,59,65,27,10,168,3,171
2111403,43,177,85,15,11,331,20,351
2111404,4,18,40,17,10,89,4,93
2111405,7,63,94,38,14,216,4,220
2111406,10,42,70,8,6,136,4,140
2111407,13,65,57,14,4,153,4,157
2111408,7,75,83,22,15,202,6,208
2111409,7,40,60,47,29,183,8,191
2111410,19,79,57,8,0,163,5,168
2111411,34,112,121,32,12,311,20,331
2111412,0,0,0,0,0,0,0,0
2111413,0,10,18,0,0,28,0,28
2111414,3,45,130,20,9,207,6,213
2111415,3,36,58,21,11,129,3,132
2111416,7,75,146,37,7,272,5,277
2111501,34,119,59,20,8,240,12,252
2111502,33,105,86,31,4,259,15,274
2111503,18,72,61,16,3,170,3,173
2111504,30,124,75,15,4,248,8,256
2111505,31,76,41,4,0,152,10,162
2111506,42,99,56,22,3,222,17,239
2111507,13,51,34,3,0,101,6,107
2111508,19,51,39,8,0,117,8,125
2111509,34,66,29,7,3,139,6,145
2111510,48,144,120,24,22,358,5,363
2111511,12,84,66,18,6,186,4,190
2111512,31,79,49,13,0,172,7,179
2111601,0,21,62,38,17,138,4,142
2111602,0,92,135,34,12,273,8,281
2111603,0,29,74,39,32,174,5,179
2111604,6,75,86,18,5,190,5,195
2111605,18,76,63,27,25,209,14,223
2111606,5,39,123,43,32,242,5,247
2111607,20,114,77,23,25,259,14,273
2111608,29,115,136,57,26,363,9,372
2111609,7,66,133,28,12,246,3,249
2111610,20,113,117,28,12,290,13,303
2111611,8,51,89,17,7,172,0,172
2111612,8,52,155,39,19,273,8,281
2111613,4,17,72,32,22,147,0,147
2111701,10,87,118,34,11,260,6,266
2111702,4,57,103,24,4,192,9,201
2111703,4,56,62,20,9,151,7,158
2111704,3,56,62,11,8,140,8,148
2111705,25,99,76,18,4,222,7,229
2111706,14,58,47,7,6,132,0,132
2111707,16,62,34,6,0,118,4,122
2111708,32,88,42,9,0,171,9,180
2111709,17,61,54,14,6,152,6,158
2111710,7,69,51,6,0,133,6,139
2111711,9,70,63,16,4,162,3,165
2111712,9,63,64,15,7,158,3,161
2111713,5,40,42,7,10,104,3,107
2111801,6,94,175,36,15,326,7,333
2111802,0,38,126,42,28,234,3,237
2111803,0,22,39,19,18,98,3,101
2111804,3,25,90,38,19,175,0,175
2111805,6,89,166,36,15,312,4,316
2111806,8,61,72,21,8,170,6,176
2111807,11,88,120,29,5,253,8,261
2111808,6,94,80,25,7,212,6,218
2111809,0,49,82,13,14,158,0,158
2111810,7,98,96,21,8,230,3,233
2111811,5,41,51,11,6,114,5,119
2111812,4,65,81,23,4,177,0,177
2111813,0,21,20,14,4,59,0,59
2111814,0,49,71,17,7,144,3,147
2111901,6,67,162,61,30,326,5,331
2111902,13,90,103,20,13,239,8,247
2111903,13,73,86,27,4,203,4,207
2111904,31,92,50,13,3,189,15,204
2111905,9,98,103,27,7,244,14,258
2111906,21,69,49,16,5,160,12,172
2111907,25,107,91,22,7,252,5,257
2111908,15,48,63,19,4,149,9,158
2111909,27,87,52,12,3,181,11,192
2111910,34,127,99,24,15,299,16,315
2111911,24,79,98,22,10,233,10,243
2112001,7,51,56,6,5,125,5,130
2112002,0,54,42,6,0,102,0,102
2112003,6,36,26,6,0,74,0,74
2112004,4,39,26,5,0,74,3,77
2112005,4,40,51,12,5,112,3,115
2112006,3,46,34,6,0,89,3,92
2112007,10,54,49,8,7,128,5,133
2112008,12,64,34,6,0,116,8,124
2112009,19,50,37,5,6,117,8,125
2112101,4,31,29,7,0,71,3,74
2112102,19,76,47,14,3,159,9,168
2112103,8,64,44,13,3,132,4,136
2112104,25,102,68,13,0,208,5,213
2112105,0,50,31,7,0,88,5,93
2112106,10,31,17,6,0,64,0,64
2112107,3,31,19,4,0,57,3,60
2112108,5,22,24,0,0,51,0,51
2112109,4,65,65,16,15,165,6,171
2112110,14,81,60,11,8,174,7,181
2112111,0,0,0,0,0,0,0,0
2112201,23,122,115,31,14,305,12,317
2112202,30,125,77,10,4,246,12,258
2112203,33,127,52,19,7,238,4,242
2112204,41,120,31,3,3,198,7,205
2112205,38,61,25,7,0,131,16,147
2112206,75,106,43,11,0,235,20,255
2112207,50,88,47,9,7,201,15,216
2112208,30,65,30,0,0,125,21,146
2112209,38,127,96,42,10,313,21,334
2112210,17,67,76,22,15,197,5,202
2112301,5,63,116,23,17,224,6,230
2112302,25,89,59,19,11,203,9,212
2112303,0,28,81,47,37,193,8,201
2112304,6,47,105,47,43,248,14,262
2112305,0,50,99,44,11,204,8,212
2112306,7,91,108,40,22,268,4,272
2112307,12,78,77,20,3,190,8,198
2112308,16,79,147,43,31,316,6,322
2112309,8,69,133,25,14,249,3,252
2112310,9,72,123,39,11,254,5,259
2112311,9,46,95,26,18,194,4,198
2112312,8,69,108,27,10,222,7,229
2112313,0,0,0,0,0,0,0,0
2112314,9,58,65,27,12,171,4,175
2112401,35,131,86,18,9,279,10,289
2112402,12,93,95,27,9,236,6,242
2112403,11,108,114,27,8,268,8,276
2112404,5,88,98,14,9,214,4,218
2112405,3,60,103,31,10,207,3,210
2112406,6,80,71,22,6,185,3,188
2112407,20,62,127,41,32,282,7,289
2112408,5,73,88,20,6,192,9,201
2112409,4,69,80,21,15,189,4,193
2112410,5,84,102,29,4,224,7,231
2112411,5,117,132,39,18,311,8,319
2112412,7,96,115,22,13,253,3,256
2112413,0,39,49,16,0,104,0,104
2112414,4,71,75,26,7,183,0,183
2112415,0,59,111,34,3,207,0,207
2112501,13,94,133,26,13,279,5,284
2112502,24,79,83,24,10,220,4,224
2112503,23,129,154,29,15,350,16,366
2112504,18,94,82,27,17,238,5,243
2112505,13,131,113,41,7,305,15,320
2112506,9,95,141,43,15,303,7,310
2112507,5,65,85,21,11,187,6,193
2112508,9,91,144,35,18,297,13,310
2112509,0,78,153,48,20,299,0,299
2112510,11,54,97,23,10,195,5,200
2112511,11,74,119,43,15,262,13,275
2112512,12,98,152,37,28,327,6,333
2112513,93,152,75,23,10,353,11,364
2112514,0,26,83,19,4,132,4,136
2112601,59,67,17,10,0,153,11,164
2112602,17,94,97,22,8,238,13,251
2112603,42,92,37,5,5,181,14,195
2112604,17,71,57,16,11,172,9,181
2112605,33,114,89,14,9,259,8,267
2112606,22,101,93,19,6,241,4,245
2112607,16,63,74,22,15,190,7,197
2112608,18,96,73,20,10,217,7,224
2112609,23,63,40,12,8,146,8,154
2112610,26,74,36,9,5,150,6,156
2112611,23,120,159,47,17,366,14,380
2112612,15,116,123,38,19,311,11,322
2112613,0,4,20,14,11,49,0,49
2112701,31,126,96,19,8,280,16,296
2112702,28,63,44,7,0,142,6,148
2112703,53,75,42,11,5,186,18,204
2112704,0,39,21,9,3,72,0,72
2112705,26,46,36,9,7,124,9,133
2112706,21,87,75,18,4,205,9,214
2112707,54,81,57,14,7,213,8,221
2112708,84,103,35,6,6,234,22,256
2112709,42,70,27,15,0,154,9,163
2112710,51,74,38,11,3,177,13,190
2112711,33,60,36,0,0,129,9,138
2112712,0,0,0,0,0,0,0,0
2112713,9,59,48,10,5,131,6,137
2112801,31,90,101,16,5,243,7,250
2112802,0,47,142,43,21,253,0,253
2112803,6,78,196,40,22,342,3,345
2112804,5,100,157,39,20,321,10,331
2112805,12,103,121,42,7,285,12,297
2112806,4,33,75,47,31,190,8,198
2112807,8,124,96,27,5,260,13,273
2112808,4,56,67,23,9,159,3,162
2112809,30,91,60,25,6,212,8,220
2112810,41,82,47,18,3,191,11,202
2112811,21,102,61,12,3,199,16,215
2112812,34,82,51,5,3,175,11,186
2112813,11,101,70,26,16,224,9,233
2112814,0,27,21,0,8,56,4,60
2112815,13,36,16,7,0,72,3,75
2112816,5,81,148,35,15,284,6,290
2112817,5,59,93,19,5,181,0,181
2112901,22,131,137,27,0,317,15,332
2112902,16,61,64,28,4,173,18,191
2112903,33,65,41,9,3,151,19,170
2112904,8,74,63,26,11,182,7,189
2112905,21,119,142,44,18,344,7,351
2112906,13,69,56,21,7,166,18,184
2112907,50,143,82,34,4,313,32,345
2112908,0,49,46,14,3,112,6,118
2112909,7,74,76,24,9,190,6,196
2112910,23,100,106,32,16,277,8,285
2112911,9,93,101,43,25,271,8,279
2112912,45,51,56,12,4,168,16,184
2112913,0,59,99,28,11,197,8,205
2113001,12,76,76,25,11,200,11,211
2113002,34,98,47,22,4,205,12,217
2113003,23,73,53,16,0,165,6,171
2113004,46,78,68,20,9,221,9,230
2113005,13,102,99,45,17,276,10,286
2113006,44,82,44,12,9,191,13,204
2113007,44,105,44,21,3,217,13,230
2113008,36,56,23,0,5,120,13,133
2113009,49,108,68,13,0,238,22,260
2113010,16,99,129,36,17,297,15,312
2120101,8,60,75,22,9,174,9,183
2120102,8,67,101,39,14,229,3,232
2120103,10,57,80,38,19,204,6,210
2120104,0,53,53,22,13,141,8,149
2120106,0,12,44,32,29,117,3,120
2120108,0,7,60,37,41,145,0,145
2120109,0,56,136,42,24,258,6,264
2120110,9,59,45,6,5,124,7,131
2120111,9,44,85,25,17,180,3,183
2120112,8,47,105,57,19,236,3,239
2120113,4,42,49,19,3,117,0,117
2120114,0,0,0,0,0,0,0,0
2120115,0,4,35,16,8,63,0,63
2120116,3,48,118,31,10,210,3,213
2120117,4,64,144,30,11,253,5,258
2120118,7,64,60,26,6,163,5,168
2120119,0,107,164,48,10,329,12,341
2120120,4,53,81,13,17,168,5,173
2120121,0,36,57,10,11,114,0,114
2120122,5,61,85,19,10,180,3,183
2120123,13,83,112,31,16,255,9,264
2120124,0,29,88,30,13,160,4,164
2120125,4,72,127,31,0,234,9,243
2120126,8,60,95,27,17,207,6,213
2120201,11,65,85,41,14,216,6,222
2120202,5,47,117,35,17,221,4,225
2120203,12,48,72,30,20,182,5,187
2120204,9,58,96,35,21,219,7,226
2120205,11,91,134,43,17,296,15,311
2120206,17,77,83,18,11,206,0,206
2120207,23,88,91,26,13,241,16,257
2120208,20,98,86,24,7,235,14,249
2120209,20,110,81,34,14,259,19,278
2120210,11,42,33,11,8,105,5,110
2120211,10,89,111,39,21,270,15,285
2120212,6,35,72,41,15,169,4,173
2120213,6,50,87,34,18,195,3,198
2120301,11,141,101,34,19,306,17,323
2120302,20,68,55,9,10,162,6,168
2120303,21,97,93,34,13,258,7,265
2120304,34,76,67,15,10,202,14,216
2120305,26,77,72,16,16,207,9,216
2120306,12,78,61,10,8,169,9,178
2120307,13,87,78,32,15,225,13,238
2120308,16,114,110,30,11,281,10,291
2120309,32,137,84,31,16,300,16,316
2120310,39,85,42,12,8,186,17,203
2120311,16,38,17,9,0,80,6,86
2120401,0,30,45,23,29,127,3,130
2120402,3,35,52,32,44,166,8,174
2120403,29,123,96,37,18,303,23,326
2120404,20,74,55,9,13,171,11,182
2120405,46,103,58,7,6,220,18,238
2120406,17,113,128,45,17,320,8,328
2120407,0,27,44,25,15,111,3,114
2120408,12,135,94,41,25,307,11,318
2120409,26,122,100,36,11,295,22,317
2120410,22,95,60,19,15,211,16,227
2120411,0,20,57,44,31,152,7,159
2120412,22,117,81,35,20,275,15,290
2120413,7,35,59,22,8,131,0,131
2120414,0,0,0,0,0,0,0,0
2120501,4,82,83,21,8,198,14,212
2120502,3,66,93,23,12,197,8,205
2120503,12,62,82,27,13,196,5,201
2120504,6,65,85,21,7,184,0,184
2120505,8,89,91,22,9,219,9,228
2120506,6,64,83,27,16,196,9,205
2120507,12,76,109,28,13,238,4,242
2120508,16,112,104,27,9,268,8,276
2120509,13,59,88,35,10,205,3,208
2120510,12,88,93,35,13,241,19,260
2120511,3,66,94,27,9,199,9,208
2120512,12,110,93,15,15,245,7,252
2120513,13,75,95,21,14,218,7,225
2120514,4,52,39,10,3,108,4,112
2120515,21,119,100,27,10,277,14,291
2120516,0,49,42,23,3,117,3,120
2120601,0,77,134,37,17,265,7,272
2120602,8,65,106,40,10,229,5,234
2120603,9,86,119,27,10,251,9,260
2120604,7,26,86,41,17,177,5,182
2120605,0,0,0,0,0,0,0,0
2120606,3,69,172,44,31,319,9,328
2120607,7,41,67,33,33,181,7,188
2120608,5,79,82,32,17,215,14,229
2120609,14,78,156,34,13,295,13,308
2120610,10,80,101,22,9,222,7,229
2120611,7,62,98,46,35,248,13,261
2120612,17,69,88,39,15,228,5,233
2120613,4,51,104,32,14,205,10,215
2120614,4,60,117,18,5,204,8,212
2120615,13,66,85,17,5,186,4,190
2120616,4,54,134,29,13,234,9,243
2120617,3,70,119,23,5,220,6,226
2120618,0,0,0,0,0,0,0,0
2120619,6,123,143,28,8,308,9,317
2120620,3,77,72,12,7,171,5,176
2120621,3,27,75,8,4,117,3,120
2120622,0,20,39,5,4,68,0,68
2120623,3,12,19,4,3,41,0,41
2120624,0,12,69,13,4,98,4,102
2120625,5,7,29,9,4,54,5,59
2120626,0,69,149,54,15,287,4,291
2120627,0,47,86,16,5,154,4,158
2120628,4,67,116,24,8,219,5,224
2120629,0,24,76,19,10,129,3,132
2120630,0,55,101,24,8,188,0,188
2120701,18,101,78,37,13,247,16,263
2120702,0,3,3,0,0,6,0,6
2120703,18,99,90,29,10,246,6,252
2120704,3,92,166,56,24,341,11,352
2120705,3,66,121,33,10,233,12,245
2120706,12,62,173,57,19,323,9,332
2120707,8,93,123,43,20,287,8,295
2120708,0,14,18,11,11,54,0,54
2120709,0,0,0,0,4,4,0,4
2120710,17,79,74,17,18,205,15,220
2120711,7,22,30,18,21,98,3,101
2120712,9,69,82,24,11,195,12,207
2120713,0,0,0,0,0,0,0,0
2120714,12,71,87,28,13,211,7,218
2120715,12,58,165,35,20,290,11,301
2120716,6,55,122,23,14,220,0,220
2120717,0,44,138,31,9,222,4,226
2120718,4,30,129,27,9,199,4,203
2120719,0,0,0,0,0,0,0,0
2120720,0,56,102,24,0,182,6,188
2120721,0,52,195,26,10,283,5,288
2120722,0,44,121,23,13,201,0,201
2120723,4,48,173,38,23,286,6,292
2120724,6,29,87,15,5,142,3,145
2120725,4,65,131,21,4,225,3,228
2120726,0,76,175,24,7,282,4,286
2120727,9,59,122,25,11,226,3,229
2120728,8,64,122,17,3,214,3,217
2120729,0,46,103,19,8,176,0,176
2120730,0,66,128,16,6,216,5,221
2120731,0,56,141,22,4,223,5,228
2120732,5,58,140,11,11,225,9,234
2120733,5,68,142,20,6,241,6,247
2120734,3,48,136,21,6,214,3,217
2120735,3,68,139,26,3,239,5,244
2120736,3,84,190,38,14,329,4,333
2120737,5,71,106,20,9,211,7,218
2120738,3,55,130,33,22,243,4,247
2120801,22,82,82,21,9,216,7,223
2120802,14,82,78,31,14,219,7,226
2120803,26,72,55,26,12,191,14,205
2120804,13,68,51,30,9,171,10,181
2120805,11,100,91,18,17,237,10,247
2120806,11,108,137,33,19,308,5,313
2120807,9,83,118,40,21,271,12,283
2120808,3,18,104,47,29,201,0,201
2120809,8,74,78,18,12,190,11,201
2120810,5,31,88,35,27,186,9,195
2120811,4,46,113,44,27,234,0,234
2120812,17,122,127,34,15,315,9,324
2120813,27,109,110,47,20,313,8,321
2120814,0,30,66,35,13,144,6,150
2120815,3,48,143,65,29,288,13,301
2120901,77,111,77,22,10,297,15,312
2120902,26,96,94,17,8,241,12,253
2120903,28,95,51,16,5,195,7,202
2120904,8,79,92,27,14,220,7,227
2120905,14,70,63,20,4,171,3,174
2120906,10,73,82,24,9,198,6,204
2120907,12,51,47,14,5,129,4,133
2120908,10,34,65,18,4,131,5,136
2120909,16,71,59,24,9,179,4,183
2120910,20,79,67,17,12,195,4,199
2120911,9,76,72,13,10,180,12,192
2120912,33,121,62,28,9,253,12,265
2120913,21,121,83,20,9,254,12,266
2120914,11,50,52,10,3,126,4,130
2120915,19,78,50,9,11,167,5,172
2120916,10,51,43,10,6,120,3,123
2120917,40,85,5,0,0,130,20,150
2120918,3,72,114,28,15,232,7,239
2121001,16,122,87,40,23,288,6,294
2121002,12,107,87,15,0,221,4,225
2121003,20,70,98,43,9,240,16,256
2121004,16,78,88,37,16,235,9,244
2121005,28,64,49,13,0,154,14,168
2121006,64,114,66,24,7,275,11,286
2121007,33,89,40,14,6,182,21,203
2121008,9,22,15,0,3,49,3,52
2121009,26,86,52,26,7,197,9,206
2121010,0,0,0,0,0,0,0,0
2121011,10,118,161,27,15,331,13,344
2121012,48,84,39,10,3,184,15,199
2121013,3,74,106,37,12,232,5,237
2121014,11,40,66,29,32,178,0,178
2121101,3,23,59,39,23,147,9,156
2121102,4,21,40,21,21,107,3,110
2121103,7,29,35,15,30,116,3,119
2121104,9,66,65,25,6,171,5,176
2121105,30,108,75,25,10,248,11,259
2121106,25,82,86,26,13,232,7,239
2121107,25,94,98,30,13,260,11,271
2121108,8,70,77,26,18,199,5,204
2121109,25,63,54,15,6,163,7,170
2121110,40,52,43,7,7,149,8,157
2121111,27,87,72,15,3,204,8,212
2121112,23,92,75,39,18,247,12,259
2121113,5,26,96,51,18,196,6,202
2121114,0,9,29,9,4,51,0,51
2121115,0,21,59,20,14,114,3,117
2121116,0,34,141,55,30,260,0,260
2121117,11,45,97,41,15,209,0,209
2121118,14,81,104,37,18,254,10,264
2121119,0,0,0,0,0,0,0,0
2121201,10,90,108,36,12,256,10,266
2121202,3,24,90,53,39,209,0,209
2121203,4,18,41,42,32,137,0,137
2121204,0,64,153,47,27,291,6,297
2121205,0,17,96,92,59,264,9,273
2121206,3,42,123,40,24,232,10,242
2121207,3,24,56,42,29,154,6,160
2121208,15,89,133,56,27,320,18,338
2121209,6,10,27,12,14,69,0,69
2121210,0,19,80,18,9,126,7,133
2121211,5,48,123,36,15,227,7,234
2121212,0,12,99,32,33,176,6,182
2121213,9,34,131,37,22,233,0,233
2121214,0,37,138,33,6,214,5,219
2121215,0,51,71,16,6,144,9,153
2121216,14,89,150,31,8,292,6,298
2121217,10,112,137,23,4,286,12,298
2121218,0,32,108,39,14,193,5,198
2121219,8,44,68,22,7,149,4,153
2121220,6,80,143,45,9,283,7,290
2121221,8,70,129,29,16,252,8,260
2121222,3,45,91,19,6,164,0,164
2121223,6,93,223,40,16,378,8,386
2121224,7,101,175,35,12,330,10,340
2121225,4,83,127,27,11,252,3,255
2121226,9,68,158,52,19,306,6,312
2121227,0,10,25,12,7,54,0,54
2121228,0,32,104,27,12,175,3,178
2121230,5,52,122,22,8,209,7,216
2121231,7,67,142,21,4,241,0,241
2121232,3,103,145,21,8,280,5,285
2121233,0,39,140,42,9,230,7,237
2121234,6,51,84,42,23,206,7,213
2121235,71,130,13,0,0,214,13,227
2121236,4,51,89,13,6,163,3,166
2121237,5,38,133,34,7,217,8,225
2121238,3,43,197,53,20,316,7,323
2121239,3,49,141,40,19,252,12,264
2121240,3,38,69,22,3,135,3,138
2121241,3,60,101,31,7,202,8,210
2121242,0,55,104,19,6,184,3,187
2121243,4,63,110,12,3,192,6,198
2121244,3,122,196,25,5,351,13,364
2121245,3,54,90,11,3,161,4,165
2121246,7,60,73,6,4,150,0,150
2121247,0,0,6,0,0,6,0,6
2121248,5,77,116,21,3,222,8,230
2121249,0,26,28,5,5,64,4,68
2121250,0,46,166,54,14,280,4,284
2121251,0,49,165,37,7,258,6,264
2121253,0,33,116,17,8,174,6,180
2121254,0,16,40,10,7,73,0,73
2121255,0,52,87,13,6,158,3,161
2121256,5,46,79,15,8,153,3,156
2121257,0,59,98,33,14,204,12,216
2121258,3,59,159,38,9,268,9,277
2121259,0,46,59,13,0,118,9,127
2121260,3,51,150,38,20,262,7,269
2121261,0,0,0,0,0,0,0,0
2121301,16,84,122,34,7,263,0,263
2121302,5,94,116,26,11,252,8,260
2121303,10,105,100,23,7,245,12,257
2121304,12,97,67,14,5,195,9,204
2121305,3,95,151,38,10,297,7,304
2121306,9,89,85,28,7,218,5,223
2121307,0,29,105,55,24,213,6,219
2121308,3,5,21,7,6,42,3,45
2121309,46,66,26,0,6,144,18,162
2121310,30,135,126,27,4,322,17,339
2121311,14,112,93,19,5,243,16,259
2121312,15,89,78,26,5,213,10,223
2121313,11,44,39,20,0,114,4,118
2121314,8,61,75,12,3,159,7,166
2121315,5,65,95,16,7,188,0,188
2121316,7,41,68,14,5,135,6,141
2121317,12,82,118,22,8,242,7,249
2121318,0,30,105,29,13,177,10,187
2121319,4,57,103,25,10,199,3,202
2121320,4,55,127,37,17,240,4,244
2121321,3,58,71,19,3,154,0,154
2121322,10,75,84,26,5,200,3,203
2121323,0,63,113,24,8,208,11,219
2121324,5,75,99,15,8,202,9,211
2121325,3,19,49,3,0,74,3,77
2121326,19,64,62,15,3,163,11,174
2121327,5,82,140,35,10,272,4,276
2121328,0,52,99,21,6,178,0,178
2121329,5,49,128,31,8,221,3,224
2121330,3,54,112,13,12,194,3,197
2130101,0,4,14,6,12,36,0,36
2130102,7,46,96,51,39,239,11,250
2130103,3,38,94,46,37,218,10,228
2130104,3,38,72,24,18,155,10,165
2130105,0,48,128,45,30,251,10,261
2130106,39,122,101,34,23,319,14,333
2130107,46,112,136,42,24,360,21,381
2130108,6,42,137,58,33,276,11,287
2130109,3,37,142,62,23,267,6,273
2130110,0,31,157,63,32,283,7,290
2130111,5,37,81,31,9,163,7,170
2130112,0,23,106,29,21,179,5,184
2130113,0,17,81,44,24,166,4,170
2130114,0,29,85,27,37,178,14,192
2130115,5,31,78,45,23,182,4,186
2130116,4,32,126,62,22,246,6,252
2130117,3,45,105,45,27,225,5,230
2130118,0,61,169,50,28,308,6,314
2130119,3,46,137,38,13,237,9,246
2130120,0,27,129,42,22,220,8,228
2130121,0,21,124,42,18,205,7,212
2130122,0,41,144,39,16,240,6,246
2130123,10,68,62,27,18,185,5,190
2130124,3,14,53,22,8,100,0,100
2130125,3,10,49,33,25,120,5,125
2130126,0,21,56,28,10,115,4,119
2130127,0,22,30,16,12,80,3,83
2130128,4,47,75,33,17,176,4,180
2130201,14,78,138,42,20,292,10,302
2130202,9,50,82,23,19,183,5,188
2130203,9,63,80,57,29,238,14,252
2130204,8,68,113,42,30,261,6,267
2130205,17,65,106,57,35,280,12,292
2130206,12,59,77,29,25,202,6,208
2130207,13,87,89,41,21,251,8,259
2130208,7,63,114,36,21,241,9,250
2130209,8,49,89,41,33,220,11,231
2130210,12,90,109,40,24,275,15,290
2130211,13,54,77,29,31,204,9,213
2130212,8,41,74,39,31,193,5,198
2130213,13,99,129,40,19,300,11,311
2130301,22,94,101,28,7,252,14,266
2130302,19,59,61,23,13,175,9,184
2130303,10,77,91,29,17,224,14,238
2130304,10,60,48,19,10,147,10,157
2130305,33,125,89,30,11,288,24,312
2130306,25,110,89,40,15,279,15,294
2130307,27,115,120,47,17,326,16,342
2130308,9,62,66,29,10,176,0,176
2130309,6,47,39,23,6,121,12,133
2130310,18,105,113,47,14,297,13,310
2130311,16,58,60,17,13,164,4,168
2130312,7,86,80,25,14,212,4,216
2130313,14,83,120,37,20,274,14,288
2130314,14,67,70,24,14,189,13,202
2130315,9,61,87,33,19,209,8,217
2130316,8,59,59,21,6,153,9,162
2130401,10,63,55,16,5,149,6,155
2130402,16,62,47,19,5,149,8,157
2130403,71,124,80,30,0,305,20,325
2130404,78,133,54,12,7,284,19,303
2130405,37,57,37,5,0,136,9,145
2130406,68,138,70,20,8,304,22,326
2130407,56,116,80,23,13,288,25,313
2130408,33,109,87,32,18,279,20,299
2130409,22,82,55,19,18,196,8,204
2130410,38,85,38,7,5,173,17,190
2130411,57,103,59,26,8,253,20,273
2130412,40,72,36,14,0,162,20,182
2130413,40,61,33,10,3,147,15,162
2130501,37,87,83,22,8,237,20,257
2130502,29,91,58,20,11,209,16,225
2130503,19,76,95,38,20,248,8,256
2130504,30,82,53,14,6,185,19,204
2130505,30,72,63,22,12,199,18,217
2130506,23,141,94,30,22,310,18,328
2130507,0,78,84,43,17,222,10,232
2130508,4,69,103,39,18,233,10,243
2130509,15,93,90,33,10,241,15,256
2130510,10,96,119,51,21,297,10,307
2130511,5,60,86,36,15,202,9,211
2130512,25,61,48,22,9,165,14,179
2130513,16,56,60,24,23,179,8,187
2130601,8,49,77,26,29,189,9,198
2130602,18,74,105,35,16,248,12,260
2130603,10,63,86,22,12,193,3,196
2130604,6,36,99,44,13,198,8,206
2130605,6,59,98,38,6,207,9,216
2130606,15,81,103,43,16,258,12,270
2130607,5,46,121,52,33,257,7,264
2130608,10,44,83,24,13,174,7,181
2130609,0,37,57,28,4,126,0,126
2130610,4,83,137,37,26,287,14,301
2130611,0,0,0,0,0,0,0,0
2130612,0,0,0,0,0,0,0,0
2130613,3,26,66,29,21,145,9,154
2130701,17,86,89,27,7,226,15,241
2130702,17,135,164,54,19,389,14,403
2130703,15,102,120,33,9,279,7,286
2130704,10,63,81,25,25,204,10,214
2130705,13,86,91,38,20,248,10,258
2130706,5,43,70,22,7,147,5,152
2130707,7,90,124,43,15,279,19,298
2130708,9,85,116,29,13,252,8,260
2130709,7,41,67,16,4,135,8,143
2130710,14,109,171,40,11,345,13,358
2130711,15,65,120,45,19,264,10,274
2130712,8,83,139,32,12,274,7,281
2130713,12,92,107,31,12,254,21,275
2130714,3,53,95,24,0,175,3,178
2130715,10,54,90,26,0,180,0,180
2130716,0,25,116,21,6,168,3,171
2130717,4,50,98,17,3,172,4,176
2130718,17,118,95,13,10,253,5,258
2130719,0,41,100,32,14,187,4,191
2130720,0,37,88,31,13,169,6,175
2130721,0,0,0,0,0,0,0,0
2130722,9,47,77,21,11,165,6,171
2130723,9,70,105,31,18,233,13,246
2130724,8,50,96,19,11,184,5,189
2130725,0,52,87,20,8,167,8,175
2130726,7,97,90,25,14,233,6,239
2130801,27,53,33,7,4,124,7,131
2130802,38,113,82,20,14,267,15,282
2130803,25,75,56,10,0,166,15,181
2130804,29,68,53,16,4,170,15,185
2130805,54,108,73,22,7,264,18,282
2130806,19,38,26,5,0,88,5,93
2130807,18,125,63,24,9,239,18,257
2130808,21,118,75,22,11,247,21,268
2130809,21,62,73,14,0,170,11,181
2130810,0,0,0,0,0,0,0,0
2130811,0,0,0,0,0,0,0,0
2130901,29,47,21,5,0,102,5,107
2130902,14,44,12,7,0,77,0,77
2130903,91,136,37,0,6,270,20,290
2130904,59,126,72,13,9,279,9,288
2130905,92,105,22,4,0,223,18,241
2130906,31,81,55,12,10,189,10,199
2130907,48,92,39,11,10,200,6,206
2130908,42,87,53,20,4,206,17,223
2130909,49,80,48,18,6,201,17,218
2130910,33,66,47,7,6,159,7,166
2130911,42,68,62,16,0,188,11,199
2130912,74,118,55,10,4,261,11,272
2130913,57,105,70,17,9,258,19,277
2130914,43,83,77,13,7,223,7,230
2131001,34,88,73,16,0,211,12,223
2131002,25,103,75,14,3,220,8,228
2131003,4,35,23,10,3,75,4,79
2131004,39,112,76,23,7,257,13,270
2131005,23,36,36,3,4,102,14,116
2131006,27,95,70,26,13,231,13,244
2131007,33,105,99,46,15,298,9,307
2131008,35,91,60,20,8,214,9,223
2131009,24,62,49,13,3,151,5,156
2131010,8,26,21,4,0,59,7,66
2131011,25,66,36,6,12,145,5,150
2131101,9,72,64,30,12,187,13,200
2131102,7,34,31,15,0,87,6,93
2131103,31,85,54,15,6,191,14,205
2131104,27,69,46,10,6,158,14,172
2131105,17,79,64,24,7,191,3,194
2131106,32,104,72,20,6,234,19,253
2131107,20,108,82,20,7,237,15,252
2131108,16,85,90,35,11,237,7,244
2131109,26,101,89,44,25,285,11,296
2131110,21,106,74,27,11,239,14,253
2131111,20,57,58,14,9,158,7,165
2131112,13,61,48,20,12,154,3,157
2131113,12,59,142,48,22,283,7,290
2131114,10,98,153,43,25,329,11,340
2131115,0,0,0,0,0,0,0,0
2131116,3,12,13,0,6,34,0,34
2131117,3,45,87,30,7,172,3,175
2131118,3,64,134,35,17,253,9,262
2131201,14,70,66,23,8,181,17,198
2131202,17,103,89,25,12,246,14,260
2131203,45,129,100,33,8,315,19,334
2131204,18,55,59,31,14,177,3,180
2131205,16,97,90,34,12,249,12,261
2131206,32,110,89,39,9,279,20,299
2131207,11,70,75,24,10,190,12,202
2131208,39,85,38,10,3,175,8,183
2131209,24,76,77,24,15,216,5,221
2131210,12,75,67,25,12,191,9,200
2131211,10,79,70,16,9,184,5,189
2131212,20,103,120,40,16,299,16,315
2131213,5,65,74,30,7,181,13,194
2131301,10,73,67,32,7,189,7,196
2131302,20,107,87,29,12,255,18,273
2131303,13,67,57,35,19,191,8,199
2131304,23,79,74,29,7,212,10,222
2131305,15,99,112,43,19,288,12,300
2131306,9,50,68,17,17,161,12,173
2131307,17,49,62,29,9,166,9,175
2131308,21,91,125,37,24,298,14,312
2131309,0,61,59,19,13,152,4,156
2131310,6,66,66,24,15,177,12,189
2131311,15,83,115,37,22,272,12,284
2131312,11,51,58,27,12,159,11,170
2131401,32,113,56,23,13,237,20,257
2131402,40,114,90,24,10,278,18,296
2131403,29,110,62,7,13,221,11,232
2131404,25,97,67,30,10,229,11,240
2131405,11,35,20,11,3,80,3,83
2131406,21,116,127,29,19,312,13,325
2131407,38,123,109,31,7,308,22,330
2131408,34,94,61,19,13,221,3,224
2131409,32,96,70,16,8,222,12,234
2131410,53,90,62,14,3,222,12,234
2131411,13,53,43,10,6,125,3,128
2131412,22,25,17,4,0,68,4,72
2131501,67,60,7,0,0,134,17,151
2131502,50,132,64,15,4,265,16,281
2131503,28,109,64,11,7,219,20,239
2131504,29,95,64,23,8,219,9,228
2131505,30,84,97,36,18,265,15,280
2131506,15,78,67,37,0,197,16,213
2131507,9,98,118,45,18,288,16,304
2131508,28,121,90,33,7,279,24,303
2131509,38,111,110,26,13,298,16,314
2131510,18,44,34,19,11,126,17,143
2131511,31,124,99,26,11,291,16,307
2131512,16,104,125,48,17,310,16,326
2131513,11,68,81,20,9,189,19,208
2131514,0,0,0,0,0,0,0,0
2131515,0,22,15,8,5,50,7,57
2131516,18,88,118,41,7,272,25,297
2131601,29,73,68,9,6,185,7,192
2131602,45,67,50,11,3,176,8,184
2131603,64,98,38,12,5,217,17,234
2131604,15,25,25,11,7,83,5,88
2131605,13,62,45,31,6,157,11,168
2131606,23,67,35,14,10,149,7,156
2131607,55,129,107,35,13,339,13,352
2131608,27,53,29,7,6,122,0,122
2131609,50,92,74,17,11,244,16,260
2131610,14,94,124,32,22,286,9,295
2131611,18,62,58,22,16,176,8,184
2131612,37,98,56,22,19,232,20,252
2131613,37,70,69,23,10,209,10,219
2131614,22,76,52,18,11,179,15,194
2131615,0,0,0,0,0,0,0,0
2131616,0,53,73,21,10,157,6,163
2131617,8,60,91,32,7,198,10,208
2131618,0,0,0,0,0,0,0,0
2131619,0,30,61,14,16,121,7,128
2131620,0,58,103,39,26,226,14,240
2131621,3,55,131,36,16,241,8,249
2131622,6,59,112,33,34,244,4,248
2131623,5,66,103,27,12,213,5,218
2131624,0,51,93,31,7,182,3,185
2140101,14,94,107,26,13,254,12,266
2140102,27,129,85,22,12,275,14,289
2140103,25,99,111,34,10,279,13,292
2140104,12,74,99,18,6,209,11,220
2140105,13,94,111,36,16,270,17,287
2140106,14,88,113,36,13,264,9,273
2140107,21,97,79,19,3,219,9,228
2140108,3,56,64,18,9,150,7,157
2140109,11,81,103,24,8,227,13,240
2140110,27,101,95,32,7,262,18,280
2140201,17,118,93,31,17,276,17,293
2140202,28,105,81,25,7,246,15,261
2140203,21,128,74,23,13,259,22,281
2140204,22,82,57,20,0,181,9,190
2140205,5,105,78,23,8,219,20,239
2140206,9,83,71,22,10,195,14,209
2140207,24,69,63,16,6,178,17,195
2140208,7,73,79,29,12,200,12,212
2140209,10,73,77,28,9,197,11,208
2140210,19,63,59,16,6,163,7,170
2140211,12,58,52,17,13,152,5,157
2140212,0,0,0,0,0,0,0,0
2140213,0,0,0,0,0,0,0,0
2140301,23,132,133,39,20,347,16,363
2140302,9,59,107,53,25,253,14,267
2140303,8,93,126,33,20,280,8,288
2140304,32,100,119,46,15,312,10,322
2140305,0,25,36,15,7,83,0,83
2140306,3,61,82,34,14,194,18,212
2140307,7,35,54,25,9,130,0,130
2140308,5,76,123,51,32,287,6,293
2140309,23,76,70,27,15,211,12,223
2140401,5,88,105,41,27,266,3,269
2140402,11,83,119,46,27,286,5,291
2140403,8,63,64,21,14,170,3,173
2140404,41,118,82,20,9,270,10,280
2140405,23,47,28,8,0,106,4,110
2140406,18,83,110,44,12,267,10,277
2140407,20,90,91,32,14,247,12,259
2140408,15,103,101,33,17,269,11,280
2140409,14,69,59,26,8,176,11,187
2140410,0,56,76,23,12,167,5,172
2140411,9,37,42,17,11,116,10,126
2140501,39,54,43,14,5,155,11,166
2140502,74,80,45,13,3,215,16,231
2140503,32,94,53,17,9,205,9,214
2140504,42,145,88,27,11,313,18,331
2140505,24,79,55,18,6,182,12,194
2140506,22,79,43,18,7,169,8,177
2140507,47,86,48,13,4,198,23,221
2140508,59,94,42,10,7,212,10,222
2140509,32,79,39,16,9,175,17,192
2140601,27,104,72,27,5,235,20,255
2140602,29,84,57,17,6,193,10,203
2140603,25,56,32,10,5,128,8,136
2140604,16,65,29,10,0,120,8,128
2140605,33,80,48,22,3,186,9,195
2140606,15,104,68,26,8,221,9,230
2140607,32,89,60,22,3,206,16,222
2140608,46,124,84,13,5,272,24,296
2140609,0,0,0,0,0,0,0,0
2140610,27,74,34,10,4,149,8,157
2140612,31,99,66,21,16,233,15,248
2140613,10,85,82,24,6,207,19,226
2140701,42,131,69,18,13,273,16,289
2140702,31,68,40,12,9,160,10,170
2140703,24,67,63,20,5,179,12,191
2140704,22,99,81,32,11,245,17,262
2140705,12,65,66,21,7,171,10,181
2140706,34,122,117,47,12,332,17,349
2140707,20,74,50,13,4,161,14,175
2140708,18,108,118,22,24,290,15,305
2140709,0,0,0,0,0,0,0,0
2140710,13,30,21,6,0,70,10,80
2140711,61,74,3,0,3,141,12,153
2140801,0,6,16,12,0,34,0,34
2140802,13,91,127,52,23,306,11,317
2140803,20,69,57,11,7,164,6,170
2140804,19,128,65,22,4,238,4,242
2140805,16,146,101,32,6,301,14,315
2140806,13,62,84,29,10,198,5,203
2140807,13,104,134,41,27,319,9,328
2140808,9,57,64,21,15,166,8,174
2140809,5,64,161,71,39,340,0,340
2140810,0,16,58,26,18,118,5,123
2140811,12,65,50,14,7,148,12,160
2140812,0,0,0,0,0,0,0,0
2140901,0,19,80,42,51,192,7,199
2140902,42,83,40,22,6,193,0,193
2140903,74,114,44,10,5,247,20,267
2140904,6,77,118,39,5,245,5,250
2140905,16,71,67,26,11,191,4,195
2140906,19,88,56,18,3,184,6,190
2140907,13,105,136,48,19,321,5,326
2140908,17,128,146,35,21,347,7,354
2140909,24,92,62,24,11,213,10,223
2140910,15,75,68,28,17,203,7,210
2140911,3,35,120,40,8,206,0,206
2140912,8,82,168,49,12,319,4,323
2141001,5,49,83,20,8,165,7,172
2141002,4,42,78,20,9,153,5,158
2141003,6,49,106,23,9,193,6,199
2141004,7,61,122,31,10,231,9,240
2141005,10,102,129,54,33,328,14,342
2141006,24,104,146,52,37,363,13,376
2141007,8,73,73,44,24,222,10,232
2141008,16,91,76,23,22,228,10,238
2141101,3,62,218,59,26,368,4,372
2141102,4,69,172,54,30,329,4,333
2141103,10,58,98,18,16,200,3,203
2141104,0,91,189,51,14,345,4,349
2141105,13,74,91,38,20,236,7,243
2141106,6,62,70,26,12,176,4,180
2141107,8,58,70,22,8,166,4,170
2141108,3,79,88,32,10,212,3,215
2141109,5,28,57,8,5,103,0,103
2141110,10,94,102,30,10,246,8,254
2141111,0,36,146,28,19,229,5,234
2141112,12,71,77,22,15,197,5,202
2141201,5,37,37,7,0,86,3,89
2141202,3,16,117,46,31,213,8,221
2141203,23,94,55,18,13,203,15,218
2141204,15,96,86,46,7,250,13,263
2141205,9,66,77,30,13,195,6,201
2141206,3,30,109,68,32,242,3,245
2141207,44,102,40,12,8,206,15,221
2141208,11,88,68,16,5,188,14,202
2141209,12,70,58,14,3,157,9,166
2141210,18,94,152,50,30,344,11,355
2141211,0,18,115,47,29,209,6,215
2141212,3,7,57,29,31,127,0,127
2141213,0,66,101,48,25,240,12,252
2141214,0,25,123,35,18,201,12,213
2141301,0,21,95,27,36,179,6,185
2141302,11,93,83,21,3,211,10,221
2141303,18,106,152,36,12,324,12,336
2141304,27,87,89,28,17,248,8,256
2141305,55,128,67,4,8,262,25,287
2141306,9,80,107,26,11,233,5,238
2141307,0,67,58,18,5,148,5,153
2141308,0,30,104,31,20,185,3,188
2141309,6,60,86,14,6,172,5,177
2141310,0,18,114,42,18,192,4,196
2141401,12,78,140,25,12,267,6,273
2141402,17,54,115,24,4,214,9,223
2141403,9,111,161,26,9,316,9,325
2141404,5,35,63,62,60,225,10,235
2141405,4,34,114,72,48,272,5,277
2141406,7,65,94,13,8,187,9,196
2141407,3,26,84,30,23,166,6,172
2141408,7,45,138,78,81,349,5,354
2141409,3,43,153,81,42,322,9,331
2141410,8,64,86,19,4,181,8,189
2141411,0,28,139,32,30,229,9,238
2141412,5,68,104,25,10,212,8,220
2141413,5,50,105,28,10,198,9,207
2141414,12,88,173,30,16,319,10,329
2141415,13,106,151,57,12,339,11,350
2141416,5,65,115,29,7,221,8,229
2141417,8,53,120,29,12,222,11,233
2141418,0,0,0,0,0,0,0,0
2141419,3,65,113,28,6,215,8,223
2141420,9,47,96,28,5,185,7,192
2141421,5,34,106,24,20,189,13,202
2141422,0,39,144,48,36,267,6,273
2141423,0,21,112,35,27,195,6,201
2141424,4,52,62,17,4,139,7,146
2141425,3,29,127,47,13,219,3,222
2141426,7,57,106,33,6,209,7,216
2141427,10,65,98,25,10,208,10,218
2141428,9,33,44,7,4,97,5,102
2141429,0,7,37,12,6,62,3,65
2141430,4,46,75,28,5,158,8,166
2141431,11,74,149,30,16,280,10,290
2141432,9,44,78,14,3,148,4,152
2141433,0,34,78,13,4,129,4,133
2141434,3,64,100,21,8,196,11,207
2141435,0,51,135,40,11,237,3,240
2141436,5,50,59,15,0,129,5,134
2141501,0,27,64,37,42,170,6,176
2141502,11,76,125,42,10,264,6,270
2141503,9,57,85,30,18,199,4,203
2141504,20,78,91,46,21,256,11,267
2141505,20,77,105,19,11,232,10,242
2141506,9,90,108,52,16,275,24,299
2141507,0,73,103,23,13,212,10,222
2141508,12,64,96,42,10,224,6,230
2141509,11,95,199,52,20,377,5,382
2141510,3,69,152,32,6,262,4,266
2141511,8,55,101,19,14,197,3,200
2141512,9,55,122,31,6,223,9,232
2141513,5,63,92,10,5,175,3,178
2141514,0,58,102,23,7,190,3,193
2141515,3,70,95,15,3,186,7,193
2141516,5,19,96,29,4,153,0,153
2141517,0,6,18,6,0,30,0,30
2141518,0,10,87,49,33,179,6,185
2141601,6,20,85,39,34,184,0,184
2141602,12,72,96,35,19,234,4,238
2141603,5,80,106,31,21,243,7,250
2141604,11,86,83,35,6,221,6,227
2141605,3,27,91,50,37,208,6,214
2141606,5,47,78,24,15,169,8,177
2141607,7,48,107,35,18,215,6,221
2141608,4,64,73,31,16,188,10,198
2141609,5,66,158,40,18,287,7,294
2141610,3,11,112,58,52,236,3,239
2141611,3,16,65,23,9,116,0,116
2141612,3,71,147,32,12,265,3,268
2150101,13,99,155,49,15,331,10,341
2150102,17,111,90,30,11,259,13,272
2150103,13,89,73,10,4,189,8,197
2150104,18,114,111,26,19,288,11,299
2150105,10,101,102,26,14,253,11,264
2150106,5,51,69,18,12,155,0,155
2150107,8,62,93,36,31,230,6,236
2150108,5,82,103,29,12,231,6,237
2150109,22,134,115,31,10,312,8,320
2150110,8,61,64,10,10,153,5,158
2150111,3,22,57,28,11,121,0,121
2150112,16,68,59,8,7,158,13,171
2150201,11,88,84,19,5,207,6,213
2150202,0,45,39,5,8,97,4,101
2150203,7,32,58,11,12,120,3,123
2150204,5,50,96,39,19,209,3,212
2150205,0,24,75,33,35,167,5,172
2150206,6,78,99,39,14,236,8,244
2150207,6,56,73,35,12,182,5,187
2150208,7,84,158,54,32,335,9,344
2150209,3,37,80,36,14,170,3,173
2150210,24,151,116,21,11,323,8,331
2150211,0,17,87,41,42,187,5,192
2150301,4,41,140,42,41,268,0,268
2150302,5,28,76,32,19,160,5,165
2150303,4,43,108,52,33,240,5,245
2150304,8,91,121,56,34,310,11,321
2150305,5,67,94,36,3,205,6,211
2150306,4,46,112,55,40,257,3,260
2150307,0,44,67,26,14,151,4,155
2150308,49,80,127,41,30,327,24,351
2150309,0,11,69,14,14,108,6,114
2150310,4,15,59,28,11,117,3,120
2150311,0,49,79,30,22,180,5,185
2150312,3,29,58,26,27,143,0,143
2150313,0,24,98,34,20,176,0,176
2150314,0,26,86,30,15,157,0,157
2150315,0,15,62,27,19,123,4,127
2150401,3,69,96,34,17,219,11,230
2150402,10,41,49,14,3,117,3,120
2150403,21,87,65,5,7,185,5,190
2150404,14,101,163,37,27,342,6,348
2150405,3,66,130,50,27,276,16,292
2150406,19,107,79,21,9,235,5,240
2150407,31,114,88,23,8,264,8,272
2150408,10,97,142,46,13,308,6,314
2150409,16,51,55,16,0,138,9,147
2150501,9,24,83,14,11,141,9,150
2150502,3,34,97,50,36,220,3,223
2150503,3,61,128,46,16,254,4,258
2150504,11,99,106,24,5,245,3,248
2150505,20,101,110,32,14,277,6,283
2150506,12,86,113,40,19,270,10,280
2150507,10,65,71,24,18,188,4,192
2150508,22,85,78,33,9,227,5,232
2150509,25,94,80,32,16,247,4,251
2150510,3,34,48,25,6,116,6,122
2150511,0,25,68,21,16,130,4,134
2150512,0,28,72,21,21,142,5,147
2150513,3,28,71,30,9,141,3,144
2150514,3,49,128,31,14,225,3,228
2150601,19,94,85,26,9,233,7,240
2150602,20,115,115,25,10,285,15,300
2150603,10,99,102,16,18,245,8,253
2150604,19,65,78,24,4,190,8,198
2150605,23,135,101,34,11,304,10,314
2150606,20,80,78,21,4,203,7,210
2150607,10,60,65,17,9,161,7,168
2150608,11,103,117,30,15,276,3,279
2150609,16,85,71,14,14,200,11,211
2150610,9,29,37,7,5,87,3,90
2150611,9,54,58,18,11,150,9,159
2150701,12,108,97,45,17,279,15,294
2150702,22,51,19,0,0,92,3,95
2150703,22,131,96,20,4,273,9,282
2150704,17,121,115,26,16,295,3,298
2150705,6,107,157,29,17,316,11,327
2150706,6,51,93,18,12,180,3,183
2150707,41,95,57,18,3,214,5,219
2150708,12,113,160,35,30,350,9,359
2150709,16,87,89,18,10,220,12,232
2150710,4,41,30,5,0,80,0,80
2150801,5,67,88,32,15,207,9,216
2150802,3,18,32,8,3,64,0,64
2150803,5,75,149,38,23,290,8,298
2150804,0,51,100,18,13,182,4,186
2150805,6,76,93,29,9,213,7,220
2150806,14,72,110,27,15,238,5,243
2150807,11,97,196,66,28,398,6,404
2150808,4,19,36,3,6,68,0,68
2150809,21,97,123,32,12,285,8,293
2150810,12,79,144,37,14,286,3,289
2150811,0,48,65,23,8,144,4,148
2150812,0,38,75,22,0,135,7,142
2150901,14,138,102,34,7,295,5,300
2150902,18,132,119,24,8,301,9,310
2150903,13,88,66,13,9,189,3,192
2150904,36,169,118,18,9,350,10,360
2150905,9,45,85,16,3,158,6,164
2150906,6,67,73,17,9,172,3,175
2150907,21,97,112,27,10,267,8,275
2150908,7,41,39,13,4,104,0,104
2150909,31,134,95,21,0,281,11,292
2150910,23,95,92,17,7,234,6,240
2150911,11,30,48,9,8,106,0,106
2150912,17,81,62,14,10,184,7,191
2150913,16,63,64,13,6,162,3,165
2150914,7,55,39,13,6,120,4,124
2151001,59,110,70,12,5,256,18,274
2151002,79,137,63,17,8,304,19,323
2151003,38,136,90,15,8,287,16,303
2151004,10,46,52,23,4,135,0,135
2151005,28,95,89,27,13,252,14,266
2151006,13,73,104,27,14,231,6,237
2151007,10,56,46,9,6,127,9,136
2151008,30,131,89,16,16,282,14,296
2151009,44,117,99,15,9,284,7,291
2151010,15,74,61,22,6,178,6,184
2151011,12,71,70,25,19,197,0,197
2151012,11,79,40,16,6,152,4,156
2151013,15,102,123,34,9,283,8,291
2151014,22,104,66,23,7,222,6,228
2151015,0,0,0,0,0,0,0,0
2151101,20,39,19,6,0,84,10,94
2151102,40,80,22,6,0,148,16,164
2151103,39,70,27,7,0,143,13,156
2151104,38,77,29,8,0,152,13,165
2151105,47,62,38,5,3,155,13,168
2151201,41,124,65,18,5,253,11,264
2151202,30,51,23,6,0,110,13,123
2151203,68,102,70,11,3,254,19,273
2151204,42,63,23,9,4,141,10,151
2151205,50,134,76,27,8,295,17,312
2151206,26,64,45,12,4,151,8,159
2151207,0,0,0,0,0,0,0,0
2151208,13,34,29,10,6,92,6,98
2151209,31,60,59,4,3,157,14,171
2151210,58,71,41,13,0,183,15,198
2151211,40,84,44,11,0,179,15,194
2151212,33,55,45,11,3,147,0,147
2151301,23,81,101,27,11,243,9,252
2151302,69,124,68,10,3,274,13,287
2151303,29,159,101,20,8,317,7,324
2151304,28,132,97,19,0,276,5,281
2151305,36,113,71,12,4,236,15,251
2151306,16,63,47,5,3,134,8,142
2151307,39,105,104,33,16,297,13,310
2151308,19,87,85,15,4,210,4,214
2151309,6,42,20,17,3,88,4,92
2151310,12,69,79,14,9,183,5,188
2151311,17,70,39,12,4,142,11,153
2151312,8,95,99,26,7,235,0,235
2151313,3,51,79,20,3,156,5,161
2151314,5,42,42,12,9,110,0,110
2151315,0,0,0,0,0,0,0,0
2151401,6,43,40,17,6,112,3,115
2151402,5,41,61,18,7,132,3,135
2151403,7,25,51,10,4,97,4,101
2151404,30,66,81,20,13,210,3,213
2151405,3,50,135,46,15,249,15,264
2151406,14,50,85,35,18,202,5,207
2151407,13,41,63,19,18,154,3,157
2151408,12,75,46,6,5,144,5,149
2151409,15,61,79,21,9,185,5,190
2151410,3,27,94,41,21,186,5,191
2151411,11,56,58,12,9,146,3,149
2151412,0,41,40,10,9,100,0,100
2151413,4,30,45,15,14,108,3,111
2151414,14,51,81,23,17,186,0,186
2151415,10,30,45,10,7,102,0,102
2151416,14,35,34,0,4,87,3,90
2151501,30,78,45,6,4,163,3,166
2151502,19,95,110,31,5,260,10,270
2151503,34,103,76,19,11,243,15,258
2151504,25,105,88,14,7,239,16,255
2151505,8,53,48,7,3,119,0,119
2151506,35,103,83,17,12,250,13,263
2151507,37,107,129,21,5,299,9,308
2151508,15,37,35,8,5,100,5,105
2151509,27,70,94,19,4,214,5,219
2151510,12,57,86,17,3,175,4,179
2151601,33,108,80,21,9,251,6,257
2151602,22,77,69,16,7,191,10,201
2151603,22,51,13,4,6,96,0,96
2151604,28,147,96,21,6,298,7,305
2151605,29,88,65,25,14,221,3,224
2151606,10,49,99,27,7,192,7,199
2151607,7,62,87,35,14,205,13,218
2151608,15,92,130,30,16,283,5,288
2151609,4,39,86,30,9,168,3,171
2151610,6,25,42,9,7,89,6,95
2151701,5,118,135,17,7,282,5,287
2151702,3,83,129,22,6,243,3,246
2151703,7,103,158,32,24,324,5,329
2151704,16,96,133,33,8,286,10,296
2151705,5,67,112,22,11,217,0,217
2151706,39,121,78,12,7,257,12,269
2151707,39,91,58,15,4,207,15,222
2151708,5,87,128,38,14,272,5,277
2151709,12,89,158,43,17,319,6,325
2151710,4,62,100,31,13,210,8,218
2151711,12,62,97,15,0,186,6,192
2151712,0,0,0,0,0,0,0,0
2160101,0,21,93,51,41,206,4,210
2160102,17,69,87,28,12,213,5,218
2160103,0,44,96,43,26,209,10,219
2160104,0,29,54,31,25,139,12,151
2160105,3,23,80,43,39,188,3,191
2160106,22,72,70,27,18,209,14,223
2160107,0,24,32,28,29,113,0,113
2160108,3,42,83,38,25,191,10,201
2160109,3,36,100,47,35,221,7,228
2160110,5,52,117,40,21,235,6,241
2160111,0,38,114,38,16,206,0,206
2160112,0,30,211,45,19,305,3,308
2160113,0,11,20,15,17,63,0,63
2160114,3,12,34,8,16,73,0,73
2160115,10,84,109,20,7,230,6,236
2160116,0,17,109,16,8,150,0,150
2160117,4,20,140,31,4,199,5,204
2160118,0,10,35,7,9,61,0,61
2160201,6,39,134,30,10,219,6,225
2160202,21,95,92,30,15,253,10,263
2160203,9,101,144,51,16,321,15,336
2160204,17,110,98,37,13,275,8,283
2160205,24,84,53,13,5,179,7,186
2160206,36,98,83,17,12,246,15,261
2160207,4,56,90,33,18,201,8,209
2160208,4,49,69,31,15,168,0,168
2160209,19,86,140,68,21,334,10,344
2160210,4,53,92,31,21,201,5,206
2160211,8,58,63,23,18,170,10,180
2160212,14,67,95,54,32,262,4,266
2160213,7,59,80,29,24,199,4,203
2160214,3,48,104,34,17,206,7,213
2160215,0,0,3,0,0,3,0,3
2160216,15,66,57,27,7,172,11,183
2160217,0,24,96,39,18,177,4,181
2160218,5,39,108,34,12,198,9,207
2160219,0,30,105,33,16,184,3,187
2160302,14,117,127,45,26,329,16,345
2160303,0,47,80,31,17,175,0,175
2160304,20,85,115,50,27,297,16,313
2160305,0,41,93,46,29,209,10,219
2160306,9,64,106,41,18,238,9,247
2160307,3,63,83,21,4,174,5,179
2160308,6,79,101,21,10,217,8,225
2160309,9,50,106,38,19,222,7,229
2160310,12,42,61,35,21,171,6,177
2160311,3,48,80,41,17,189,5,194
2160312,9,81,158,47,13,308,7,315
2160313,0,27,33,11,10,81,3,84
2160314,6,53,115,19,15,208,7,215
2160315,5,27,100,26,5,163,4,167
2160316,6,43,54,16,4,123,5,128
2160317,4,84,204,46,11,349,9,358
2160318,11,31,119,34,13,208,3,211
2160319,0,21,153,33,16,223,3,226
2160320,5,69,163,40,17,294,11,305
2160321,5,31,122,26,12,196,3,199
2160322,0,58,137,43,15,253,5,258
2160323,0,29,56,13,6,104,5,109
2160324,0,64,192,41,12,309,8,317
2160325,0,32,111,29,22,194,9,203
2160401,4,34,69,48,41,196,0,196
2160402,6,21,78,31,25,161,7,168
2160403,3,66,125,50,33,277,6,283
2160404,0,28,101,38,18,185,0,185
2160405,0,49,111,50,19,229,4,233
2160406,0,50,132,36,21,239,9,248
2160407,0,7,50,20,22,99,3,102
2160408,3,37,82,29,10,161,5,166
2160409,11,41,105,34,39,230,6,236
2160410,5,26,96,48,43,218,7,225
2160501,0,43,82,46,14,185,4,189
2160502,0,33,92,46,35,206,9,215
2160503,6,53,129,72,50,310,9,319
2160504,4,13,66,20,15,118,5,123
2160505,0,14,36,27,26,103,3,106
2160506,0,24,84,45,57,210,11,221
2160507,3,27,84,41,33,188,3,191
2160508,0,7,59,25,33,124,3,127
2160509,0,19,71,37,20,147,4,151
2160510,0,53,108,52,25,238,5,243
2160511,0,27,63,27,17,134,7,141
2160601,40,119,85,31,14,289,8,297
2160602,27,48,21,5,0,101,3,104
2160603,21,80,42,17,9,169,3,172
2160604,19,72,45,21,7,164,14,178
2160605,26,80,74,25,12,217,13,230
2160606,29,74,80,21,11,215,13,228
2160607,16,55,60,25,11,167,8,175
2160608,30,129,141,60,24,384,18,402
2160609,43,105,65,19,8,240,11,251
2160610,29,73,54,14,10,180,11,191
2160611,16,41,52,31,15,155,7,162
2160612,15,64,51,24,10,164,10,174
2160613,22,65,48,12,4,151,8,159
2160614,19,48,32,6,0,105,3,108
2160701,8,68,59,22,14,171,6,177
2160702,12,85,111,39,26,273,17,290
2160703,17,86,68,38,23,232,7,239
2160704,23,100,95,39,22,279,9,288
2160705,9,64,101,51,18,243,12,255
2160706,5,50,66,31,18,170,5,175
2160707,8,52,72,37,3,172,14,186
2160708,14,71,78,43,23,229,15,244
2160709,4,26,41,18,9,98,3,101
2160710,7,50,60,38,31,186,9,195
2160711,16,55,65,27,14,177,11,188
2160712,3,14,25,10,3,55,6,61
2160713,9,56,66,31,11,173,9,182
2160801,77,147,78,20,10,332,17,349
2160802,56,123,72,19,18,288,16,304
2160803,65,104,61,10,3,243,14,257
2160804,11,44,28,15,3,101,4,105
2160805,36,131,78,29,14,288,6,294
2160806,24,109,85,32,8,258,10,268
2160807,18,101,94,31,14,258,16,274
2160808,10,71,67,24,4,176,12,188
2160809,4,19,23,3,0,49,5,54
2160810,23,98,46,18,11,196,11,207
2160901,36,94,47,8,3,188,11,199
2160902,45,124,66,12,9,256,10,266
2160903,34,106,47,19,6,212,12,224
2160904,10,68,54,16,10,158,8,166
2160905,20,77,122,42,35,296,15,311
2160906,21,81,97,39,16,254,20,274
2160907,25,64,35,8,7,139,3,142
2160908,35,126,83,38,11,293,9,302
2160909,15,65,60,29,12,181,12,193
2160910,0,0,0,0,0,0,0,0
2161001,89,107,50,17,9,272,26,298
2161002,7,57,102,28,16,210,4,214
2161003,9,81,92,27,15,224,0,224
2161004,0,51,176,70,35,332,3,335
2161005,3,22,69,26,20,140,0,140
2161006,24,93,103,29,21,270,9,279
2161007,4,48,140,63,33,288,10,298
2161008,4,109,165,42,31,351,3,354
2161009,0,50,127,41,18,236,5,241
2161010,0,35,155,45,36,271,9,280
2161011,25,75,148,63,38,349,5,354
2161012,0,5,29,16,8,58,4,62
2161101,3,50,106,28,19,206,3,209
2161102,9,37,116,56,59,277,3,280
2161103,3,10,28,30,9,80,0,80
2161104,4,29,61,48,43,185,3,188
2161105,0,43,148,48,36,275,0,275
2161106,20,59,103,49,17,248,9,257
2161107,0,13,34,18,12,77,4,81
2161108,0,31,62,18,9,120,8,128
2161109,4,41,75,28,24,172,4,176
2161110,8,64,178,78,53,381,0,381
2161111,4,31,86,26,29,176,0,176
2161201,0,50,214,71,36,371,0,371
2161202,5,50,112,31,13,211,7,218
2161203,4,13,62,42,36,157,0,157
2161204,6,47,105,37,24,219,5,224
2161205,14,124,135,46,15,334,8,342
2161206,3,20,34,14,10,81,0,81
2161207,3,43,150,60,31,287,3,290
2161208,0,41,131,45,33,250,4,254
2161209,0,38,112,49,29,228,3,231
2161210,0,60,193,53,36,342,7,349
2161211,0,36,97,41,24,198,9,207
2161212,0,28,69,34,16,147,3,150
2161213,0,10,40,15,5,70,0,70
2161214,0,13,71,20,10,114,3,117
2161215,0,7,31,19,19,76,3,79
2161216,0,22,160,55,26,263,7,270
2161217,0,16,50,26,32,124,8,132
2161301,5,77,101,39,29,251,7,258
2161302,11,61,85,30,21,208,5,213
2161303,3,25,94,51,21,194,7,201
2161304,14,74,116,43,22,269,11,280
2161305,11,37,75,24,21,168,9,177
2161306,0,48,83,33,16,180,10,190
2161307,7,69,121,38,26,261,10,271
2161308,0,26,13,13,5,57,8,65
2161309,5,48,162,62,37,314,7,321
2161310,26,125,161,50,16,378,10,388
2161311,3,77,133,41,16,270,8,278
2161312,12,70,112,38,7,239,5,244
2161313,4,9,107,37,23,180,3,183
2161314,3,61,175,73,33,345,10,355
2161315,5,20,26,16,12,79,0,79
2161316,0,30,129,62,34,255,9,264
2161317,3,25,151,38,31,248,6,254
2161318,33,103,20,0,0,156,11,167
2161401,3,9,18,14,17,61,3,64
2161402,12,69,97,39,28,245,13,258
2161403,22,86,126,51,23,308,4,312
2161404,23,104,82,33,26,268,15,283
2161405,38,115,93,31,16,293,20,313
2161406,34,100,84,32,12,262,12,274
2161407,42,103,64,16,7,232,8,240
2161408,19,68,53,23,10,173,16,189
2161409,17,64,77,28,16,202,9,211
2161410,5,70,91,48,23,237,8,245
2161411,16,111,101,40,16,284,10,294
2161412,5,17,32,8,5,67,3,70
2161413,16,73,111,47,38,285,18,303
2161501,8,61,125,38,20,252,7,259
2161502,8,65,141,37,15,266,7,273
2161503,8,124,135,44,24,335,9,344
2161504,4,58,110,60,39,271,6,277
2161505,9,43,88,39,16,195,5,200
2161506,5,63,110,31,12,221,7,228
2161507,9,51,144,43,8,255,10,265
2161508,8,72,120,33,22,255,5,260
2161509,13,75,125,49,19,281,12,293
2161510,6,75,145,58,27,311,8,319
2161511,6,66,121,57,31,281,0,281
2161512,4,62,196,45,18,325,7,332
2161513,4,59,48,16,8,135,7,142
2161514,3,37,86,30,23,179,3,182
2161515,9,84,59,23,9,184,10,194
2161601,9,66,94,15,5,189,7,196
2161602,7,69,131,46,15,268,10,278
2161603,4,53,95,26,6,184,9,193
2161604,12,89,145,56,27,329,13,342
2161605,12,109,152,43,20,336,7,343
2161606,10,71,84,34,12,211,5,216
2161607,10,121,157,54,17,359,8,367
2161608,12,94,90,37,20,253,9,262
2161609,12,69,168,57,28,334,11,345
2161610,11,116,180,46,21,374,10,384
2161701,29,113,104,32,15,293,15,308
2161702,23,78,74,15,10,200,3,203
2161703,5,62,50,30,14,161,10,171
2161704,21,118,88,38,9,274,17,291
2161705,0,109,182,43,27,361,11,372
2161706,20,64,89,28,11,212,5,217
2161707,14,56,75,24,6,175,7,182
2161708,40,99,66,22,7,234,6,240
2161709,29,113,130,49,35,356,16,372
2161710,8,65,71,32,16,192,0,192
2161711,0,53,81,26,7,167,10,177
2161712,8,69,87,24,10,198,9,207
2161801,4,84,133,45,21,287,6,293
2161802,6,56,158,59,42,321,6,327
2161803,7,68,106,23,13,217,6,223
2161804,0,40,90,17,13,160,8,168
2161805,0,19,28,10,0,57,0,57
2161806,13,75,173,59,27,347,10,357
2161807,24,80,82,18,4,208,13,221
2161808,11,63,60,26,12,172,0,172
2161809,0,28,104,48,36,216,4,220
2161810,0,22,78,30,17,147,5,152
2161811,0,0,0,0,0,0,0,0
2161901,0,30,128,60,18,236,3,239
2161902,5,31,102,34,22,194,3,197
2161903,3,37,200,85,47,372,6,378
2161904,3,20,147,45,34,249,5,254
2161905,0,24,113,56,34,227,0,227
2161906,6,40,158,57,32,293,4,297
2161907,7,47,116,33,22,225,3,228
2161908,18,89,90,27,12,236,9,245
2161909,4,44,145,61,25,279,8,287
2161910,0,59,160,40,18,277,4,281
2161911,16,60,107,39,23,245,9,254
2161912,0,48,120,36,23,227,4,231
2161913,0,5,25,17,3,50,0,50
2161914,0,10,65,24,26,125,4,129
2161915,0,26,77,40,17,160,3,163
2161916,0,3,27,14,8,52,0,52
2170101,3,32,167,53,33,288,5,293
2170102,5,58,154,50,27,294,4,298
2170103,0,49,135,30,15,229,6,235
2170104,4,40,150,55,27,276,0,276
2170105,0,44,149,42,24,259,0,259
2170106,0,30,89,40,11,170,0,170
2170107,0,23,64,12,15,114,5,119
2170108,0,38,148,32,34,252,0,252
2170109,4,49,223,41,20,337,4,341
2170110,0,29,71,26,20,146,0,146
2170111,0,11,53,30,11,105,0,105
2170112,7,97,196,56,14,370,5,375
2170113,14,59,135,41,16,265,5,270
2170114,20,56,141,36,24,277,10,287
2170115,4,14,53,19,4,94,0,94
2170116,4,11,36,19,15,85,3,88
2170201,10,90,140,50,29,319,8,327
2170202,20,116,107,31,11,285,8,293
2170203,18,117,134,37,12,318,15,333
2170204,24,106,66,14,10,220,5,225
2170205,6,108,89,17,6,226,0,226
2170206,0,45,146,49,33,273,10,283
2170207,23,105,98,13,5,244,10,254
2170208,14,93,121,41,21,290,11,301
2170209,3,38,51,14,3,109,0,109
2170210,21,128,132,34,20,335,7,342
2170211,40,80,70,11,0,201,12,213
2170212,5,73,137,66,28,309,9,318
2170213,3,29,136,42,17,227,3,230
2170214,7,57,72,21,12,169,3,172
2170301,6,43,81,37,17,184,5,189
2170302,31,120,143,30,7,331,14,345
2170303,12,51,63,24,6,156,4,160
2170304,17,108,93,27,15,260,9,269
2170305,9,92,97,28,16,242,20,262
2170306,12,80,73,21,6,192,11,203
2170307,8,96,107,31,12,254,8,262
2170308,13,44,37,3,3,100,3,103
2170309,9,39,55,25,19,147,7,154
2170310,49,177,93,16,0,335,18,353
2170311,33,127,102,17,9,288,12,300
2170312,4,16,16,6,5,47,0,47
2170313,5,21,47,18,6,97,6,103
2170314,17,72,79,26,16,210,8,218
2170315,0,35,90,31,15,171,0,171
2170316,85,168,14,0,0,267,29,296
2170401,46,172,74,29,4,325,27,352
2170402,5,68,121,32,19,245,8,253
2170403,11,93,117,27,9,257,4,261
2170404,10,84,72,18,9,193,7,200
2170405,16,96,74,32,14,232,6,238
2170406,20,120,125,29,23,317,10,327
2170407,69,135,51,3,4,262,16,278
2170408,19,102,69,22,10,222,7,229
2170409,0,0,0,0,0,0,0,0
2170410,9,44,40,5,0,98,4,102
2170411,16,101,136,47,16,316,8,324
2170412,7,74,71,27,10,189,6,195
2170413,27,77,31,11,4,150,11,161
2170414,23,133,136,36,12,340,10,350
2170501,29,112,80,27,9,257,10,267
2170502,5,44,42,12,9,112,0,112
2170503,9,60,97,33,16,215,5,220
2170504,12,84,130,28,17,271,9,280
2170505,6,83,140,34,19,282,8,290
2170506,7,75,76,29,8,195,6,201
2170507,11,60,50,30,11,162,8,170
2170508,11,45,60,15,8,139,3,142
2170509,4,40,83,29,14,170,3,173
2170510,3,31,50,14,6,104,0,104
2170511,4,58,126,30,19,237,3,240
2170512,9,62,98,24,14,207,4,211
2170513,0,40,42,13,4,99,4,103
2170514,18,96,78,37,8,237,11,248
2170515,7,46,89,11,3,156,7,163
2170601,5,66,81,26,10,188,4,192
2170602,6,50,97,34,18,205,3,208
2170603,39,173,74,11,6,303,11,314
2170604,17,104,44,18,14,197,5,202
2170605,23,70,24,5,0,122,4,126
2170606,45,156,69,14,3,287,11,298
2170607,0,40,149,46,21,256,0,256
2170608,0,49,107,36,15,207,4,211
2170609,6,36,113,30,25,210,12,222
2170610,0,38,80,33,8,159,3,162
2170611,9,55,141,46,24,275,8,283
2170612,6,47,80,31,12,176,6,182
2170613,3,51,101,38,17,210,0,210
2170614,0,25,101,37,19,182,3,185
2170701,0,44,36,0,0,80,5,85
2170702,16,103,109,28,10,266,19,285
2170703,15,115,146,39,22,337,12,349
2170704,12,73,99,34,13,231,4,235
2170705,0,71,142,33,24,270,4,274
2170706,6,54,63,16,10,149,0,149
2170707,14,90,105,32,16,257,5,262
2170708,14,51,50,17,0,132,0,132
2170709,3,88,125,41,18,275,7,282
2170710,7,47,52,29,9,144,0,144
2170711,21,109,128,29,14,301,8,309
2170712,10,63,73,9,15,170,5,175
2170713,3,39,94,15,13,164,4,168
2170714,3,43,74,13,3,136,3,139
2170715,11,45,41,12,7,116,4,120
2170716,0,0,0,0,0,0,0,0
2170801,26,81,34,6,0,147,8,155
2170802,50,86,24,9,0,169,9,178
2170803,29,59,53,9,3,153,0,153
2170804,36,66,23,9,4,138,11,149
2170805,41,121,62,11,6,241,13,254
2170806,16,61,39,13,3,132,0,132
2170807,35,89,64,17,5,210,11,221
2170808,52,116,82,19,11,280,22,302
2170809,21,84,63,18,7,193,10,203
2170810,37,84,45,4,0,170,11,181
2170811,13,81,92,22,13,221,5,226
2170812,7,20,11,5,3,46,6,52
2170901,17,57,35,8,0,117,6,123
2170902,27,102,55,7,3,194,11,205
2170903,18,84,72,12,4,190,12,202
2170904,23,106,83,19,3,234,10,244
2170905,17,60,83,30,5,195,5,200
2170906,3,40,70,15,11,139,10,149
2170907,13,79,75,12,9,188,4,192
2170908,11,98,94,20,10,233,11,244
2170909,22,78,73,13,3,189,6,195
2170910,15,109,100,15,10,249,9,258
2170911,23,106,133,33,11,306,4,310
2170912,6,44,46,11,7,114,6,120
2170913,29,80,48,25,3,185,7,192
2171001,19,60,56,14,0,149,5,154
2171002,21,82,52,11,0,166,6,172
2171003,23,116,106,33,10,288,17,305
2171004,27,104,49,8,3,191,12,203
2171005,22,170,93,25,11,321,9,330
2171006,28,94,66,16,8,212,14,226
2171007,7,85,105,16,10,223,5,228
2171008,55,135,57,7,4,258,8,266
2171009,33,115,49,6,4,207,11,218
2171010,60,122,56,20,3,261,5,266
2171011,8,49,37,9,3,106,4,110
2171012,13,68,73,13,5,172,4,176
2171013,14,32,15,0,0,61,5,66
2171101,0,52,193,53,31,329,10,339
2171102,6,80,175,56,33,350,12,362
2171103,17,76,131,54,21,299,6,305
2171104,7,66,99,22,9,203,4,207
2171105,26,147,138,33,13,357,10,367
2171106,11,61,54,18,11,155,5,160
2171107,56,144,84,29,8,321,16,337
2171108,34,108,44,12,0,198,5,203
2171109,43,123,57,0,0,223,0,223
2171110,3,51,89,35,18,196,6,202
2171111,8,82,115,42,13,260,0,260
2171112,6,59,51,12,13,141,0,141
2171201,0,40,127,47,40,254,5,259
2171202,8,66,171,60,19,324,4,328
2171203,3,76,114,50,27,270,8,278
2171204,3,58,163,59,40,323,4,327
2171205,10,69,100,39,21,239,8,247
2171206,23,84,137,33,15,292,0,292
2171207,6,58,85,11,12,172,5,177
2171208,15,70,102,23,11,221,10,231
2171209,8,56,66,20,3,153,4,157
2171210,11,96,89,28,18,242,3,245
2171211,0,41,97,29,21,188,8,196
2180101,26,89,45,8,4,172,13,185
2180102,49,93,40,11,3,196,15,211
2180103,35,77,54,7,5,178,15,193
2180104,29,59,44,11,4,147,11,158
2180105,22,83,65,17,8,195,6,201
2180106,31,85,68,19,4,207,10,217
2180107,26,90,55,16,0,187,14,201
2180108,28,114,73,19,4,238,13,251
2180109,43,108,48,18,6,223,18,241
2180201,6,75,57,16,4,158,3,161
2180202,7,66,81,26,7,187,6,193
2180203,24,83,75,7,4,193,9,202
2180204,12,95,144,37,14,302,8,310
2180205,8,44,83,26,12,173,4,177
2180206,19,79,104,22,16,240,7,247
2180207,15,96,53,11,0,175,17,192
2180208,47,133,68,25,6,279,20,299
2180209,10,71,49,18,0,148,4,152
2180301,19,123,164,34,14,354,13,367
2180302,5,48,135,28,10,226,3,229
2180303,17,81,102,20,8,228,9,237
2180304,47,122,70,11,0,250,9,259
2180305,29,94,77,23,7,230,7,237
2180306,10,76,76,21,9,192,12,204
2180307,22,96,99,26,6,249,10,259
2180308,25,99,96,28,5,253,9,262
2180309,6,53,52,9,6,126,4,130
2180310,10,76,120,33,14,253,5,258
2180311,19,93,82,12,6,212,8,220
2180312,4,35,68,20,7,134,0,134
2180313,5,58,107,25,7,202,3,205
2180401,4,13,14,10,3,44,3,47
2180402,3,5,16,5,5,34,3,37
2180403,5,30,35,26,25,121,12,133
2180404,0,27,51,25,27,130,4,134
2180405,4,22,20,11,6,63,6,69
2180406,0,6,28,12,9,55,3,58
2180407,0,8,9,5,9,31,0,31
2180408,0,34,58,36,22,150,7,157
2180409,4,46,28,18,7,103,0,103
2180410,0,16,61,34,17,128,9,137
2180411,3,30,34,13,3,83,0,83
2180412,0,0,0,0,0,0,0,0
2180501,9,69,64,20,3,165,9,174
2180502,0,18,33,27,7,85,3,88
2180503,3,24,43,20,12,102,3,105
2180504,3,21,40,15,17,96,0,96
2180505,4,11,35,17,6,73,0,73
2180506,15,76,71,15,8,185,8,193
2180507,10,80,76,30,9,205,7,212
2180508,20,127,125,44,6,322,15,337
2180509,3,23,77,33,18,154,3,157
2180510,19,106,103,38,9,275,8,283
2180511,0,15,48,17,8,88,3,91
2180512,3,21,42,15,15,96,3,99
2180513,0,27,28,11,0,66,0,66
2180601,0,16,24,5,7,52,0,52
2180602,6,21,27,13,12,79,0,79
2180603,7,28,11,0,7,53,5,58
2180604,9,57,87,40,31,224,4,228
2180605,0,23,38,29,9,99,5,104
2180606,8,90,85,29,6,218,8,226
2180607,0,32,48,21,15,116,6,122
2180608,0,48,83,27,24,182,4,186
2180609,0,40,83,39,31,193,13,206
2180610,7,27,55,27,11,127,4,131
2180611,18,74,60,17,9,178,15,193
2180612,16,71,57,21,6,171,6,177
2180613,0,24,53,22,19,118,0,118
2180614,0,35,160,82,28,305,14,319
2180615,10,97,78,29,15,229,15,244
2180701,19,63,88,23,13,206,9,215
2180702,28,88,86,28,9,239,5,244
2180703,47,148,84,18,6,303,27,330
2180704,11,151,140,41,18,361,13,374
2180705,11,41,46,10,10,118,5,123
2180706,0,54,86,45,39,224,5,229
2180707,0,30,69,35,25,159,3,162
2180708,3,20,85,35,20,163,3,166
2180709,0,7,26,15,17,65,3,68
2180710,12,115,145,42,20,334,12,346
2180711,11,69,76,29,13,198,9,207
2180801,0,44,125,59,23,251,5,256
2180802,0,24,57,26,22,129,5,134
2180803,0,22,45,26,13,106,5,111
2180804,6,41,71,38,27,183,3,186
2180805,0,24,64,23,11,122,7,129
2180806,0,17,39,12,12,80,4,84
2180807,3,30,54,30,11,128,5,133
2180808,0,32,88,38,27,185,4,189
2180809,0,10,27,11,9,57,0,57
2180810,0,14,67,23,15,119,0,119
2180811,3,68,151,40,14,276,5,281
2180812,0,20,25,15,6,66,4,70
2180901,9,87,93,15,20,224,17,241
2180902,30,69,50,11,8,168,5,173
2180903,20,57,44,17,0,138,11,149
2180904,9,42,27,6,5,89,3,92
2180905,7,93,112,47,25,284,14,298
2180906,0,25,96,51,25,197,3,200
2180907,17,45,23,0,3,88,9,97
2180908,31,85,39,10,0,165,17,182
2180909,33,117,97,21,10,278,8,286
2180910,9,30,44,7,5,95,7,102
2180911,14,49,44,10,6,123,4,127
2181001,9,77,113,24,13,236,10,246
2181002,4,82,55,16,10,167,3,170
2181003,26,97,74,17,8,222,13,235
2181004,20,52,56,21,6,155,0,155
2181005,35,67,48,11,4,165,5,170
2181006,4,55,70,13,3,145,4,149
2181007,17,104,59,22,3,205,13,218
2181008,22,90,60,6,6,184,8,192
2181009,40,139,82,15,7,283,14,297
2181010,24,133,127,33,8,325,9,334
2181011,0,29,57,9,4,99,0,99
2181101,5,45,81,35,20,186,4,190
2181102,3,8,21,10,5,47,0,47
2181103,0,8,35,9,10,62,3,65
2181104,4,38,119,56,31,248,5,253
2181105,19,82,94,20,6,221,3,224
2181106,3,69,55,12,5,144,7,151
2181107,12,58,43,13,5,131,4,135
2181108,7,94,138,45,20,304,4,308
2181109,10,96,82,15,4,207,11,218
2181110,31,98,76,19,0,224,16,240
2181111,35,90,81,33,7,246,8,254
2181112,0,11,53,22,17,103,3,106
2181201,0,42,103,41,23,209,0,209
2181202,0,73,96,25,10,204,10,214
2181203,3,44,91,57,26,221,8,229
2181204,0,7,18,14,4,43,0,43
2181205,6,63,89,38,5,201,8,209
2181206,3,17,39,18,13,90,0,90
2181207,0,27,66,35,25,153,3,156
2181208,5,32,71,30,23,161,3,164
2181209,0,28,79,41,19,167,10,177
2181301,20,101,68,22,3,214,14,228
2181302,13,85,45,18,0,161,4,165
2181303,49,68,13,8,0,138,6,144
2181304,32,73,42,13,0,160,9,169
2181305,27,60,31,7,0,125,8,133
2181306,15,79,58,13,10,175,13,188
2181307,8,71,114,29,16,238,5,243
2181308,22,97,70,25,10,224,6,230
2181309,25,71,46,7,4,153,7,160
2181310,6,77,77,33,16,209,4,213
2181401,17,104,126,34,20,301,13,314
2181402,25,94,72,12,6,209,14,223
2181403,81,122,53,7,3,266,9,275
2181404,52,82,28,14,3,179,18,197
2181405,48,128,93,16,6,291,17,308
2181407,19,42,35,12,0,108,3,111
2181408,16,68,37,13,6,140,13,153
2181409,43,79,44,19,10,195,11,206
2181601,20,89,62,17,5,193,5,198
2181602,29,74,61,20,8,192,5,197
2181603,25,85,65,15,5,195,9,204
2181604,6,26,70,40,5,147,4,151
2181605,13,60,69,8,4,154,0,154
2181606,5,66,69,26,13,179,10,189
2181607,10,60,53,13,3,139,8,147
2181608,8,45,37,12,4,106,4,110
2181609,18,104,75,15,0,212,10,222
2181610,0,25,31,21,8,85,3,88
2181611,9,64,93,34,10,210,3,213
2181701,76,77,23,7,0,183,24,207
2181702,20,78,63,22,0,183,11,194
2181703,27,96,52,17,11,203,8,211
2181704,12,35,22,3,0,72,5,77
2181705,17,74,45,19,0,155,6,161
2181706,17,120,103,30,10,280,10,290
2181707,15,76,40,16,3,150,18,168
2181708,22,87,76,18,8,211,15,226
2181709,20,64,45,17,11,157,11,168
2181710,23,74,47,13,4,161,7,168
2181711,19,99,80,25,8,231,12,243
2181712,13,82,81,26,7,209,7,216
2181801,19,80,44,21,7,171,7,178
2181802,36,102,54,9,5,206,13,219
2181803,56,76,45,11,5,193,15,208
2181804,14,55,33,8,0,110,8,118
2181805,34,66,45,10,3,158,9,167
2181806,17,73,59,11,0,160,10,170
2181807,4,63,71,26,11,175,9,184
2181808,43,129,59,21,3,255,13,268
2181809,24,82,32,12,3,153,6,159
2181810,31,85,36,15,0,167,7,174
2181811,16,89,95,23,16,239,8,247
2181812,19,69,66,20,11,185,4,189
2181813,29,98,55,12,5,199,6,205
2181814,23,71,36,11,4,145,12,157
2181901,0,37,60,34,24,155,7,162
2181902,0,12,21,13,11,57,0,57
2181903,0,22,106,43,26,197,6,203
2181904,0,13,39,19,9,80,4,84
2181905,0,16,62,35,24,137,0,137
2181907,22,69,82,33,43,249,13,262
2181908,0,31,111,48,27,217,0,217
2181909,0,17,41,23,12,93,0,93
2181910,0,17,64,37,21,139,3,142
2181911,4,52,104,36,19,215,6,221
2181912,0,41,52,31,12,136,7,143
2181913,0,12,54,17,4,87,3,90
2181914,3,14,86,40,19,162,3,165
2181915,0,6,57,12,7,82,0,82
2182001,41,155,138,46,12,392,10,402
2182002,0,46,98,23,4,171,0,171
2182003,105,115,39,6,3,268,21,289
2182004,10,27,19,0,3,59,5,64
2182005,16,52,24,8,0,100,7,107
2182006,22,70,72,17,11,192,7,199
2182007,18,89,115,49,10,281,9,290
2182008,0,36,160,58,25,279,3,282
2182009,16,95,106,40,3,260,6,266
2182010,38,109,29,7,0,183,17,200
2182011,24,81,78,24,0,207,9,216
2182012,14,79,144,27,4,268,9,277
2182013,0,38,52,13,5,108,0,108
2190101,0,49,78,13,8,148,4,152
2190102,3,46,65,26,5,145,0,145
2190103,0,19,24,8,5,56,0,56
2190104,4,58,114,32,16,224,9,233
2190105,4,76,71,24,16,191,8,199
2190106,3,39,94,34,20,190,0,190
2190107,0,20,43,8,5,76,0,76
2190108,5,60,114,40,17,236,4,240
2190109,6,47,95,22,10,180,3,183
2190110,0,0,0,0,0,0,0,0
2190111,0,27,49,9,4,89,0,89
2190112,0,33,65,20,12,130,4,134
2190201,0,18,49,14,18,99,3,102
2190202,3,11,29,9,7,59,0,59
2190203,6,42,66,36,21,171,5,176
2190204,3,38,96,56,33,226,5,231
2190205,5,8,23,15,7,58,5,63
2190206,8,81,81,37,23,230,4,234
2190207,23,130,127,27,10,317,12,329
2190208,5,72,62,12,8,159,8,167
2190209,5,67,94,32,22,220,9,229
2190210,4,51,71,31,15,172,13,185
2190211,4,31,70,7,5,117,0,117
2190212,0,21,44,15,10,90,6,96
2190213,0,11,35,18,13,77,0,77
2190301,0,28,30,12,6,76,0,76
2190302,17,104,69,12,8,210,11,221
2190303,10,57,54,4,6,131,3,134
2190304,11,70,96,22,14,213,11,224
2190305,6,90,97,39,21,253,7,260
2190306,26,107,86,31,15,265,19,284
2190307,20,46,75,32,23,196,8,204
2190308,0,34,93,52,44,223,10,233
2190309,4,21,55,18,14,112,5,117
2190310,3,25,36,13,13,90,0,90
2190401,4,61,91,35,16,207,3,210
2190402,4,23,58,11,4,100,0,100
2190403,9,65,68,24,10,176,3,179
2190404,8,49,86,20,16,179,6,185
2190405,16,77,93,20,8,214,5,219
2190406,28,45,76,16,13,178,10,188
2190407,8,38,41,18,16,121,4,125
2190408,14,75,93,34,18,234,7,241
2190409,0,0,0,0,0,0,0,0
2190410,0,23,42,15,9,89,0,89
2190411,4,34,37,11,9,95,3,98
2190501,4,81,144,32,25,286,5,291
2190502,4,68,98,31,13,214,5,219
2190503,6,66,124,31,15,242,6,248
2190504,0,48,67,29,12,156,5,161
2190505,6,63,82,34,17,202,0,202
2190506,11,65,119,45,23,263,5,268
2190507,15,77,70,20,4,186,7,193
2190508,5,37,92,31,18,183,0,183
2190509,4,49,72,38,19,182,0,182
2190510,8,56,57,24,6,151,3,154
2190601,0,24,53,32,27,136,7,143
2190602,0,22,63,55,45,185,4,189
2190603,3,93,173,40,26,335,3,338
2190604,0,20,59,25,17,121,0,121
2190605,12,49,91,35,22,209,8,217
2190606,10,71,66,19,8,174,8,182
2190607,5,61,167,69,27,329,11,340
2190608,4,28,69,16,11,128,9,137
2190609,0,7,31,12,15,65,0,65
2190610,7,63,59,19,13,161,13,174
2190611,9,56,62,27,4,158,3,161
2190612,3,26,65,27,15,136,0,136
2190613,3,18,25,13,7,66,3,69
2190614,0,7,23,10,6,46,3,49
2190615,4,18,36,22,3,83,3,86
2190701,18,93,68,13,7,199,10,209
2190702,9,68,52,7,7,143,5,148
2190703,12,117,85,20,9,243,3,246
2190704,4,43,57,16,15,135,8,143
2190705,4,36,52,20,12,124,11,135
2190706,25,76,53,10,9,173,0,173
2190707,11,51,54,35,29,180,3,183
2190708,16,103,81,28,4,232,14,246
2190709,3,37,62,14,3,119,6,125
2190710,8,38,46,16,4,112,3,115
2190801,8,65,102,37,21,233,8,241
2190802,40,115,68,20,17,260,9,269
2190803,23,65,54,14,17,173,13,186
2190804,22,117,90,19,6,254,9,263
2190805,22,125,103,35,14,299,11,310
2190806,21,89,71,11,10,202,18,220
2190807,4,42,90,36,16,188,7,195
2190808,13,73,123,28,16,253,10,263
2190809,15,115,126,55,14,325,12,337
2190810,0,46,72,32,12,162,0,162
2190811,0,17,32,12,9,70,0,70
2190901,38,107,73,22,20,260,12,272
2190902,11,94,148,28,24,305,10,315
2190903,0,4,36,12,29,81,3,84
2190904,3,29,64,48,27,171,4,175
2190905,3,43,99,51,41,237,6,243
2190906,19,43,30,11,15,118,7,125
2190907,10,61,166,51,27,315,4,319
2190908,10,55,79,27,20,191,5,196
2190909,13,70,97,38,25,243,7,250
2190910,6,53,114,39,29,241,7,248
2190911,6,24,55,22,19,126,4,130
2190912,3,94,169,36,7,309,10,319
2190913,5,119,159,33,14,330,10,340
2190914,0,9,13,6,13,41,0,41
2190915,0,28,109,29,20,186,3,189
2190916,0,42,119,39,11,211,4,215
2190917,0,12,67,11,10,100,0,100
2190918,0,37,91,21,16,165,3,168
2190919,0,13,45,26,38,122,0,122
2190920,0,11,42,16,15,84,4,88
2190921,0,15,45,15,3,78,0,78
2190922,0,6,34,13,18,71,3,74
2190923,3,8,16,15,10,52,0,52
2191001,3,69,119,37,16,244,4,248
2191002,10,86,139,42,17,294,4,298
2191003,10,66,109,49,20,254,5,259
2191004,12,101,141,47,34,335,11,346
2191005,3,46,93,28,15,185,7,192
2191006,12,80,94,44,20,250,4,254
2191007,36,107,85,22,16,266,13,279
2191008,59,135,78,23,15,310,10,320
2191009,50,129,77,27,20,303,12,315
2191010,23,66,69,12,10,180,5,185
2191101,7,76,139,43,21,286,10,296
2191102,3,64,148,68,46,329,7,336
2191103,3,67,121,26,20,237,3,240
2191104,5,58,104,31,26,224,5,229
2191105,6,65,112,50,18,251,13,264
2191106,12,84,118,41,10,265,11,276
2191107,13,101,122,45,18,299,11,310
2191108,3,65,121,35,17,241,5,246
2191109,3,49,115,72,20,259,4,263
2191201,42,147,87,37,14,327,21,348
2191202,7,91,122,48,36,304,10,314
2191203,18,52,68,23,9,170,11,181
2191204,0,31,100,33,19,183,0,183
2191205,5,37,121,48,40,251,8,259
2191206,0,52,155,50,44,301,7,308
2191207,14,65,77,31,9,196,0,196
2191208,17,94,88,33,11,243,10,253
2191209,0,27,134,30,26,217,6,223
2191210,7,76,144,30,10,267,6,273
2191211,4,46,142,43,21,256,5,261
2191212,3,15,44,24,12,98,0,98
2191213,3,35,92,38,15,183,3,186
2191301,0,20,36,16,0,72,4,76
2191302,0,18,26,14,11,69,0,69
2191303,12,75,154,44,27,312,10,322
2191304,11,68,164,32,33,308,5,313
2191305,8,69,95,39,28,239,9,248
2191306,3,58,111,48,19,239,9,248
2191307,0,24,61,29,25,139,4,143
2191308,5,47,66,27,22,167,5,172
2191309,10,19,39,11,4,83,3,86
2191310,7,23,52,28,13,123,3,126
2191311,4,17,52,28,10,111,0,111
2191312,0,15,28,12,12,67,0,67
2191313,0,18,52,28,5,103,0,103
2191314,0,16,29,16,11,72,3,75
2191401,4,37,122,39,18,220,3,223
2191402,4,46,82,49,27,208,0,208
2191403,4,27,94,32,22,179,0,179
2191404,3,37,95,48,21,204,4,208
2191405,5,39,53,21,13,131,3,134
2191406,4,48,82,29,26,189,6,195
2191407,0,39,60,23,18,140,0,140
2191408,11,60,130,58,22,281,11,292
2191409,11,76,103,37,22,249,4,253
2191410,24,77,91,31,19,242,7,249
2191411,5,5,14,6,15,45,0,45
2191412,0,20,24,10,9,63,3,66
2191501,74,156,40,8,0,278,17,295
2191502,10,76,103,36,7,232,11,243
2191503,26,76,107,33,9,251,12,263
2191504,6,84,75,31,18,214,6,220
2191505,3,35,40,11,11,100,0,100
2191506,10,109,132,26,16,293,8,301
2191507,38,75,63,21,10,207,16,223
2191508,10,82,114,40,25,271,5,276
2191509,9,48,47,13,7,124,0,124
2191510,23,81,83,34,17,238,16,254
2191511,12,44,30,19,10,115,5,120
2191512,0,26,32,15,5,78,4,82
2191513,4,40,47,17,7,115,3,118
2191601,0,44,86,41,23,194,4,198
2191602,0,22,93,44,18,177,0,177
2191603,3,86,119,37,16,261,4,265
2191604,5,16,47,13,7,88,0,88
2191605,3,48,83,18,19,171,3,174
2191606,0,42,75,28,25,170,0,170
2191607,3,42,85,23,14,167,9,176
2191608,3,27,31,14,7,82,0,82
2191609,6,43,91,23,5,168,3,171
2191610,6,53,95,31,8,193,4,197
2191611,0,50,71,31,15,167,9,176
2191612,0,8,19,11,19,57,0,57
2191613,0,0,0,0,0,0,0,0
2191701,3,46,103,49,30,231,4,235
2191702,3,10,51,39,24,127,3,130
2191703,4,64,104,55,35,262,9,271
2191704,0,32,58,23,12,125,0,125
2191705,5,18,44,29,20,116,4,120
2191706,7,28,47,12,12,106,0,106
2191707,9,52,87,45,41,234,0,234
2191708,0,31,66,27,18,142,3,145
2191709,14,87,128,51,26,306,5,311
2191710,0,84,147,40,21,292,7,299
2191711,0,29,29,19,8,85,0,85
2191712,0,49,101,34,20,204,0,204
2191713,0,0,0,0,0,0,0,0
2191801,4,55,138,26,13,236,7,243
2191802,9,85,151,49,25,319,13,332
2191803,5,42,103,47,25,222,9,231
2191804,3,52,88,22,12,177,5,182
2191805,11,65,73,23,15,187,0,187
2191806,8,69,179,51,38,345,6,351
2191807,11,51,85,33,23,203,8,211
2191808,4,66,131,30,24,255,4,259
2191809,6,41,65,14,6,132,9,141
2191901,33,87,72,8,10,210,7,217
2191902,51,139,56,13,14,273,13,286
2191903,11,66,53,11,9,150,4,154
2191904,15,68,68,17,0,168,6,174
2191905,19,86,97,25,9,236,7,243
2191906,14,78,71,19,8,190,5,195
2191907,19,96,93,21,12,241,9,250
2191908,15,107,137,54,28,341,11,352
2191909,7,52,92,23,15,189,7,196
2191910,9,51,101,45,22,228,6,234
2192001,4,14,24,8,5,55,4,59
2192002,0,29,49,24,17,119,0,119
2192003,9,99,128,47,16,299,5,304
2192004,7,14,44,13,20,98,0,98
2192005,3,19,46,26,25,119,7,126
2192006,4,40,92,45,28,209,3,212
2192007,9,83,168,43,20,323,7,330
2192008,5,18,41,23,25,112,5,117
2192009,6,60,101,45,16,228,9,237
2192010,0,24,38,14,4,80,0,80
2192011,0,38,41,17,5,101,4,105
2192012,0,17,48,35,22,122,3,125
2192101,7,47,56,17,5,132,3,135
2192102,8,67,75,31,8,189,5,194
2192103,0,19,33,8,0,60,0,60
2192104,0,22,32,8,4,66,0,66
2192105,3,10,38,7,16,74,0,74
2192106,0,38,91,34,18,181,8,189
2192107,0,61,92,29,13,195,5,200
2192108,5,53,70,33,10,171,0,171
2192109,0,21,77,41,29,168,4,172
2192110,3,30,72,34,19,158,4,162
2192111,0,13,32,11,14,70,4,74
2192112,6,26,48,16,6,102,4,106
2192113,0,22,28,9,11,70,0,70
2192114,0,42,73,22,19,156,3,159
2192115,0,21,34,14,11,80,7,87
2192116,0,36,85,25,7,153,4,157
2200101,0,43,29,4,4,80,5,85
2200102,0,26,34,3,3,66,0,66
2200103,0,14,20,6,0,40,0,40
2200104,4,25,31,7,5,72,4,76
2200105,0,16,12,5,0,33,6,39
2200106,0,41,41,7,7,96,4,100
2200107,5,44,48,0,5,102,0,102
2200108,5,29,36,16,0,86,5,91
2200109,0,0,0,0,0,0,0,0
2200110,0,28,44,3,0,75,3,78
2200111,6,43,32,8,0,89,5,94
2200201,0,12,42,19,9,82,0,82
2200202,6,48,26,4,0,84,6,90
2200203,0,18,67,26,27,138,0,138
2200204,0,26,35,19,9,89,0,89
2200205,3,37,48,15,3,106,0,106
2200206,3,89,90,19,6,207,4,211
2200207,12,51,40,11,5,119,3,122
2200208,14,66,53,14,0,147,7,154
2200209,26,87,61,6,4,184,6,190
2200210,11,82,49,9,0,151,7,158
2200211,0,46,27,4,0,77,8,85
2200212,12,80,70,7,3,172,10,182
2200213,0,31,17,7,0,55,6,61
2200214,4,19,24,3,0,50,0,50
2200215,9,33,27,4,4,77,0,77
2200216,0,37,15,7,3,62,4,66
2200217,0,14,30,23,19,86,3,89
2200219,0,37,48,9,0,94,5,99
2200220,8,72,32,5,0,117,11,128
2200301,0,22,48,22,18,110,5,115
2200302,6,47,101,65,40,259,7,266
2200303,9,48,107,37,32,233,7,240
2200304,0,20,46,21,19,106,3,109
2200305,16,78,71,17,4,186,6,192
2200306,9,65,69,18,3,164,5,169
2200307,9,128,140,40,16,333,5,338
2200308,17,110,117,28,14,286,14,300
2200309,10,93,80,19,3,205,8,213
2200310,10,92,55,12,8,177,6,183
2200311,27,80,48,22,14,191,8,199
2200312,18,66,52,14,4,154,7,161
2200313,12,67,62,23,4,168,4,172
2200401,0,34,54,26,12,126,3,129
2200402,0,20,56,16,14,106,3,109
2200403,0,21,52,21,10,104,6,110
2200404,0,17,32,18,9,76,4,80
2200405,0,30,43,20,11,104,0,104
2200406,0,19,51,26,21,117,0,117
2200407,8,56,73,13,6,156,13,169
2200408,6,20,37,0,0,63,3,66
2200409,4,60,75,42,26,207,0,207
2200410,9,110,99,32,15,265,9,274
2200411,0,25,40,14,8,87,3,90
2200412,4,37,47,18,18,124,8,132
2200413,10,96,111,30,11,258,14,272
2200501,0,23,44,9,9,85,5,90
2200502,4,27,45,13,9,98,0,98
2200503,0,31,26,8,5,70,4,74
2200504,5,45,84,29,25,188,4,192
2200505,3,41,65,30,14,153,4,157
2200506,0,19,20,4,4,47,3,50
2200507,3,35,19,3,0,60,3,63
2200508,0,24,35,13,11,83,3,86
2200509,0,32,60,17,16,125,4,129
2200510,0,0,0,0,0,0,0,0
2200601,7,40,61,18,15,141,3,144
2200602,0,22,28,13,4,67,7,74
2200603,0,24,35,12,13,84,4,88
2200604,31,95,46,12,8,192,11,203
2200605,11,104,48,14,7,184,7,191
2200606,3,30,27,4,3,67,6,73
2200607,3,16,22,19,4,64,4,68
2200608,6,36,25,5,4,76,6,82
2200609,0,17,34,6,7,64,3,67
2200610,24,125,71,20,13,253,4,257
2200701,0,27,16,0,3,46,3,49
2200702,0,36,34,7,7,84,4,88
2200704,3,39,51,9,6,108,0,108
2200705,0,5,19,11,5,40,0,40
2200706,5,41,19,9,0,74,8,82
2200707,0,43,25,9,7,84,0,84
2200708,6,20,32,3,3,64,0,64
2200709,3,47,27,7,3,87,4,91
2200710,11,59,45,9,0,124,6,130
2200711,11,47,32,4,0,94,8,102
2200712,7,51,25,7,4,94,7,101
2200713,4,56,33,9,0,102,3,105
2200714,0,31,28,5,3,67,3,70
2200801,4,49,59,11,4,127,7,134
2200802,26,88,55,20,7,196,7,203
2200803,18,74,35,11,0,138,8,146
2200804,0,57,60,15,3,135,4,139
2200805,6,42,28,13,6,95,3,98
2200806,0,15,33,9,10,67,4,71
2200807,32,48,13,0,0,93,8,101
2200808,3,65,69,10,6,153,6,159
2200809,22,43,23,0,0,88,6,94
2200810,0,23,17,8,4,52,6,58
2200811,0,24,33,6,3,66,4,70
2200812,4,13,3,0,0,20,0,20
2200901,6,28,67,35,16,152,4,156
2200902,5,24,41,18,7,95,0,95
2200903,0,11,37,7,12,67,3,70
2200904,0,47,40,22,0,109,4,113
2200905,0,16,53,17,16,102,0,102
2200906,0,21,32,14,3,70,6,76
2200907,3,44,83,39,25,194,13,207
2200908,4,28,52,27,10,121,4,125
2200909,0,16,30,11,12,69,3,72
2200910,0,24,23,19,4,70,10,80
2200911,12,85,78,29,8,212,9,221
2200912,30,85,74,13,0,202,5,207
2200913,14,74,60,12,7,167,7,174
2200914,18,76,74,14,7,189,10,199
2200915,30,121,75,26,6,258,17,275
2200916,0,42,91,44,23,200,4,204
2200917,0,17,36,19,13,85,3,88
2201001,41,91,53,9,5,199,17,216
2201002,48,123,69,16,11,267,14,281
2201003,23,83,37,12,0,155,9,164
2201004,51,99,39,10,0,199,15,214
2201005,31,117,63,15,3,229,7,236
2201006,27,76,62,17,3,185,13,198
2201007,9,55,53,21,3,141,7,148
2201008,18,71,42,21,12,164,11,175
2201009,0,45,28,10,0,83,5,88
2201010,14,76,53,30,4,177,4,181
2201011,24,125,127,30,13,319,11,330
2201012,17,115,160,44,9,345,13,358
2201013,27,98,71,8,0,204,7,211
2201014,0,30,15,0,3,48,7,55
2201015,0,37,55,13,6,111,8,119
2201016,15,63,41,12,0,131,15,146
2201101,5,64,61,24,18,172,8,180
2201102,4,36,51,38,22,151,5,156
2201103,8,63,99,46,29,245,9,254
2201104,8,18,34,5,12,77,7,84
2201105,3,21,55,19,21,119,7,126
2201106,17,61,24,9,6,117,11,128
2201107,6,42,50,4,4,106,4,110
2201108,0,25,51,15,15,106,4,110
2201109,12,109,60,11,7,199,16,215
2201110,10,91,79,19,8,207,0,207
2201111,12,61,45,4,0,122,5,127
2201112,15,95,45,12,3,170,8,178
2201113,12,99,69,15,0,195,6,201
2201114,10,49,43,12,0,114,3,117
2201115,0,9,40,13,7,69,0,69
2201116,0,26,25,0,6,57,0,57
2201117,6,32,37,17,5,97,0,97
2201118,4,53,40,11,0,108,7,115
2210101,27,149,113,16,0,305,19,324
2210102,6,113,120,22,12,273,5,278
2210103,4,43,108,34,17,206,0,206
2210104,0,36,75,23,12,146,4,150
2210105,3,66,108,32,3,212,7,219
2210106,0,60,99,28,8,195,3,198
2210107,5,38,87,22,0,152,5,157
2210108,6,85,128,33,13,265,6,271
2210109,9,54,66,10,0,139,3,142
2210110,37,150,44,10,3,244,13,257
2210111,7,79,112,24,5,227,8,235
2210112,4,72,93,29,14,212,3,215
2210201,0,78,189,46,20,333,7,340
2210202,0,71,133,36,15,255,9,264
2210203,0,48,74,13,10,145,5,150
2210204,3,16,39,26,14,98,0,98
2210205,14,54,53,4,6,131,3,134
2210206,26,66,44,13,0,149,7,156
2210207,25,122,83,17,0,247,12,259
2210208,23,126,102,21,7,279,16,295
2210209,9,103,117,23,14,266,15,281
2210210,3,19,123,43,29,217,3,220
2210211,0,31,141,47,8,227,10,237
2210212,0,87,88,33,8,216,10,226
2210213,15,118,175,44,17,369,9,378
2210301,40,107,73,19,4,243,12,255
2210302,27,85,54,19,6,191,15,206
2210303,53,124,43,10,0,230,12,242
2210304,42,133,51,10,0,236,9,245
2210305,14,126,78,21,11,250,7,257
2210306,53,121,74,11,4,263,19,282
2210307,24,178,73,20,11,306,13,319
2210308,20,136,67,20,3,246,14,260
2210309,39,84,33,8,0,164,11,175
2210401,3,64,77,29,7,180,6,186
2210402,0,16,27,6,4,53,0,53
2210403,3,49,90,37,13,192,0,192
2210404,3,40,81,15,7,146,3,149
2210405,3,33,78,23,10,147,9,156
2210406,6,54,119,43,12,234,7,241
2210407,3,70,181,53,20,327,7,334
2210408,3,59,103,23,15,203,3,206
2210409,3,69,126,30,10,238,4,242
2210410,5,40,89,27,17,178,0,178
2210411,0,31,100,23,7,161,9,170
2210412,0,31,93,24,12,160,3,163
2210501,23,107,55,12,0,197,10,207
2210502,17,101,77,9,6,210,12,222
2210503,15,131,93,23,11,273,12,285
2210504,15,114,81,21,4,235,3,238
2210505,18,137,115,35,10,315,4,319
2210506,5,76,51,18,5,155,6,161
2210507,10,121,91,20,10,252,7,259
2210508,10,91,121,22,3,247,3,250
2210509,4,38,48,9,0,99,3,102
2210601,4,12,47,15,25,103,5,108
2210602,16,96,87,16,4,219,8,227
2210603,14,91,58,17,17,197,0,197
2210604,11,93,172,48,23,347,8,355
2210605,20,114,117,13,18,282,8,290
2210606,0,42,96,45,20,203,8,211
2210607,3,54,125,41,17,240,3,243
2210608,3,51,71,23,12,160,5,165
2210609,0,41,104,36,25,206,3,209
2210610,13,78,80,24,11,206,9,215
2210611,52,103,93,37,17,302,15,317
2210612,0,0,39,17,14,70,0,70
2210613,4,79,123,32,12,250,0,250
2210701,0,7,34,20,19,80,0,80
2210702,0,11,51,35,28,125,40,165
2210703,5,30,84,48,36,203,9,212
2210704,0,39,99,52,48,238,4,242
2210705,0,19,97,46,29,191,4,195
2210706,27,133,103,32,10,305,9,314
2210707,6,74,102,27,17,226,3,229
2210708,3,21,70,27,27,148,0,148
2210709,13,72,111,40,17,253,7,260
2210710,8,88,116,45,18,275,12,287
2210711,13,127,179,36,20,375,10,385
2210712,0,20,35,25,21,101,4,105
2210713,0,27,131,36,30,224,3,227
2210714,0,0,0,0,0,0,0,0
2210715,0,26,95,52,34,207,8,215
2210716,3,33,91,40,30,197,5,202
2210801,14,76,65,28,8,191,6,197
2210802,3,49,130,37,22,241,4,245
2210803,0,48,77,21,20,166,4,170
2210804,9,88,121,39,33,290,5,295
2210805,22,122,149,30,14,337,15,352
2210806,9,63,78,18,5,173,9,182
2210807,0,43,46,7,0,96,5,101
2210808,0,0,0,0,0,0,0,0
2210809,5,83,128,41,14,271,12,283
2210901,4,16,80,26,16,142,0,142
2210902,0,24,73,31,13,141,0,141
2210903,0,20,52,22,8,102,3,105
2210904,6,20,22,4,0,52,3,55
2210905,5,60,77,16,9,167,4,171
2210907,0,32,48,15,5,100,3,103
2210908,4,51,56,19,9,139,3,142
2210909,8,46,63,17,6,140,0,140
2210910,3,23,55,11,0,92,5,97
2210911,0,59,76,18,0,153,7,160
2210912,14,109,106,33,16,278,12,290
2210913,0,26,47,11,3,87,4,91
2210914,0,32,48,13,0,93,3,96
2210915,0,15,43,13,14,85,4,89
2211001,3,38,58,18,5,122,7,129
2211002,6,58,64,7,4,139,4,143
2211003,4,51,52,13,8,128,3,131
2211004,5,35,40,7,7,94,0,94
2211005,12,49,29,5,7,102,7,109
2211006,16,31,38,5,3,93,3,96
2211007,15,24,21,3,0,63,7,70
2211008,16,64,24,5,0,109,3,112
2211009,11,37,26,4,0,78,6,84
2211010,3,43,23,8,0,77,8,85
2211011,3,66,81,12,8,170,4,174
2211012,4,81,80,9,9,183,0,183
2211013,3,42,62,9,7,123,9,132
2211101,0,46,55,25,14,140,4,144
2211102,0,12,29,13,10,64,3,67
2211103,6,55,65,23,13,162,9,171
2211104,15,92,73,4,6,190,12,202
2211105,15,67,71,15,9,177,3,180
2211106,4,50,70,18,5,147,5,152
2211107,0,38,56,15,8,117,10,127
2211108,0,64,102,19,9,194,3,197
2211109,0,38,70,28,17,153,5,158
2211110,0,6,9,8,4,27,0,27
2211111,0,62,62,12,3,139,3,142
2211112,0,20,30,3,7,60,0,60
2211113,9,74,64,10,0,157,3,160
2211114,0,9,48,18,19,94,4,98
2211115,0,25,29,7,0,61,0,61
2211116,0,31,31,13,7,82,0,82
2211117,0,21,42,6,0,69,10,79
2211118,7,55,32,8,0,102,3,105
2211201,0,16,56,24,6,102,0,102
2211202,4,53,79,23,9,168,11,179
2211203,8,90,170,56,16,340,12,352
2211204,11,65,88,24,6,194,3,197
2211205,0,8,30,16,17,71,0,71
2211206,3,40,44,17,6,110,4,114
2211207,0,30,41,9,12,92,3,95
2211208,0,95,200,50,23,368,0,368
2211209,13,67,73,25,11,189,4,193
2211210,6,41,47,21,8,123,6,129
2211211,0,38,57,17,3,115,3,118
2211212,7,94,54,7,3,165,9,174
2211213,5,48,84,31,10,178,10,188
2211214,33,113,47,20,11,224,16,240
2211215,0,24,37,10,5,76,0,76
2211216,9,47,70,12,10,148,5,153
2211217,0,14,34,8,10,66,0,66
2211301,4,12,8,5,8,37,0,37
2211401,40,115,30,0,0,185,19,204
2211402,28,59,22,0,0,109,8,117
2211403,12,71,36,11,3,133,13,146
2211404,5,18,20,3,0,46,0,46
2211405,0,35,50,5,0,90,5,95
2211406,10,69,33,12,7,131,9,140
2211407,10,47,50,9,3,119,4,123
2211408,18,76,22,8,7,131,7,138
2211409,20,55,27,3,3,108,4,112
2211410,30,57,10,3,0,100,13,113
2211411,24,81,40,8,0,153,10,163
2211412,29,104,50,9,3,195,20,215
2211413,36,97,43,8,0,184,15,199
2211414,5,20,24,3,3,55,6,61
2211501,13,55,20,4,4,96,3,99
2211502,29,69,30,0,0,128,10,138
2211503,21,46,19,0,0,86,5,91
2211504,32,63,11,0,0,106,10,116
2211505,11,36,12,0,0,59,7,66
2211506,14,35,12,3,5,69,3,72
2211507,30,75,25,6,0,136,14,150
2211508,25,123,88,18,8,262,13,275
2211509,17,63,29,5,7,121,0,121
2211510,11,43,15,3,3,75,5,80
2211511,15,81,34,6,4,140,8,148
2211512,42,132,34,3,4,215,13,228
2211513,16,107,112,36,16,287,7,294
2211514,19,60,25,7,0,111,4,115
2211601,5,57,42,9,0,113,10,123
2211602,4,24,57,30,17,132,3,135
2211603,4,45,34,12,3,98,0,98
2211604,3,5,24,12,14,58,5,63
2211605,11,88,43,15,0,157,8,165
2211606,36,150,43,3,3,235,14,249
2211607,11,59,29,6,5,110,3,113
2211608,15,53,15,4,0,87,11,98
2211609,5,45,60,13,5,128,9,137
2211610,8,55,23,5,4,95,4,99
2211611,6,72,90,15,3,186,10,196
2211612,4,46,70,14,10,144,5,149
2211613,0,35,62,13,7,117,5,122
2211614,0,28,51,14,8,101,3,104
2211616,5,39,36,4,0,84,6,90
2211617,6,67,39,6,10,128,11,139
2211618,7,27,38,10,10,92,3,95
2211619,21,96,44,9,0,170,10,180
2211620,67,169,16,0,0,252,18,270
2211621,15,149,29,0,0,193,5,198
2211701,6,45,35,5,7,98,6,104
2211702,0,24,18,0,0,42,0,42
2211703,8,28,18,3,0,57,4,61
2211704,12,33,17,6,4,72,0,72
2211705,8,48,20,7,0,83,3,86
2211706,6,30,27,7,5,75,5,80
2211707,9,33,27,0,0,69,4,73
2211708,15,41,26,0,0,82,8,90
2211709,3,24,16,0,3,46,7,53
2211801,0,38,92,22,12,164,8,172
2211802,8,48,31,11,3,101,7,108
2211803,3,36,15,10,0,64,4,68
2211804,23,46,37,15,0,121,10,131
2211805,16,75,46,5,6,148,3,151
2211806,7,32,32,0,4,75,3,78
2211807,21,36,14,5,0,76,6,82
2211808,16,51,13,6,3,89,6,95
2211809,11,51,22,5,0,89,12,101
2211810,9,78,54,6,5,152,8,160
2211811,7,20,37,5,5,74,0,74
2211812,0,50,80,23,8,161,4,165
2211813,0,32,24,3,5,64,5,69
2211901,4,66,36,3,3,112,6,118
2211902,0,32,21,0,0,53,0,53
2211903,0,39,38,5,0,82,4,86
2211904,0,40,39,8,0,87,8,95
2211905,5,42,63,15,5,130,0,130
2211906,3,47,47,5,8,110,4,114
2211907,0,34,46,3,3,86,3,89
2211908,3,40,16,3,4,66,4,70
2211909,0,59,84,13,9,165,7,172
2211910,5,38,40,5,4,92,0,92
2211911,3,41,33,7,3,87,0,87
2211912,0,37,49,14,6,106,6,112
2212001,7,43,36,9,0,95,0,95
2212002,8,26,35,9,0,78,0,78
2212003,5,30,21,6,0,62,0,62
2212004,0,24,33,4,0,61,4,65
2212005,0,39,39,10,0,88,0,88
2212006,5,41,34,5,3,88,5,93
2212007,3,32,15,7,0,57,0,57
2212008,5,45,31,6,3,90,4,94
2212009,3,25,33,8,3,72,3,75
2212010,3,23,24,3,0,53,3,56
2212011,5,32,17,3,3,60,0,60
2212012,5,37,30,9,3,84,4,88
2212013,0,19,33,10,0,62,3,65
2212101,5,5,17,4,0,31,0,31
2212102,0,20,26,6,0,52,3,55
2212104,3,23,29,4,0,59,4,63
2212106,8,18,19,3,4,52,5,57
2212107,4,10,22,3,0,39,3,42
2212108,0,31,31,9,5,76,0,76
2212109,5,21,27,3,0,56,0,56
2212110,0,34,49,13,0,96,4,100
2212111,3,25,20,5,3,56,3,59
2212112,7,20,21,9,3,60,3,63
2212113,0,26,24,0,3,53,3,56
2212114,8,17,16,3,0,44,6,50
2212115,0,0,0,0,0,0,0,0
2212201,4,39,88,35,20,186,0,186
2212202,0,32,84,38,14,168,0,168
2212203,0,27,95,30,18,170,0,170
2212204,5,35,121,55,23,239,8,247
2212205,0,23,87,27,15,152,3,155
2212206,3,28,119,34,19,203,9,212
2212207,0,39,138,50,28,255,4,259
2212208,0,11,35,15,12,73,0,73
2212209,3,33,116,39,24,215,5,220
2212210,5,63,110,46,24,248,3,251
2212211,28,162,96,12,8,306,12,318
2212212,0,30,71,24,8,133,0,133
2212301,0,73,131,34,8,246,4,250
2212302,3,105,181,28,8,325,6,331
2212303,5,28,71,42,27,173,6,179
2212304,15,132,144,29,5,325,10,335
2212305,7,51,77,13,0,148,3,151
2212306,13,120,157,25,9,324,8,332
2212307,5,70,101,23,4,203,11,214
2212308,55,123,97,15,5,295,19,314
2212309,3,36,79,16,13,147,0,147
2212310,7,80,132,31,15,265,4,269
2212311,5,101,157,46,6,315,10,325
2212312,0,24,204,50,24,302,3,305
2212313,27,119,29,5,0,180,11,191
2212314,4,23,110,24,16,177,0,177
2212315,0,28,161,22,22,233,3,236
2212316,3,22,41,8,5,79,0,79
2212317,5,85,88,18,13,209,4,213
2212318,0,49,101,29,9,188,4,192
2212319,0,48,125,30,13,216,3,219
2212401,0,75,126,30,8,239,6,245
2212402,41,126,64,12,0,243,9,252
2212403,0,20,64,32,15,131,3,134
2212404,26,124,98,28,13,289,6,295
2212405,63,97,33,3,5,201,9,210
2212406,24,71,32,12,0,139,6,145
2212407,62,211,89,22,10,394,19,413
2212408,58,123,94,30,13,318,15,333
2212409,27,92,77,17,14,227,13,240
2212410,3,57,79,15,6,160,6,166
2212411,30,119,94,27,7,277,9,286
2220101,0,8,20,21,10,59,3,62
2220102,8,55,56,7,8,134,9,143
2220103,5,80,163,40,9,297,7,304
2220104,6,92,69,23,6,196,8,204
2220105,0,10,16,14,5,45,0,45
2220106,0,42,84,17,5,148,5,153
2220107,5,68,126,31,4,234,8,242
2220108,14,122,157,35,19,347,8,355
2220109,7,84,144,29,10,274,9,283
2220110,5,78,87,19,4,193,3,196
2220111,13,54,56,11,0,134,14,148
2220112,11,70,85,20,6,192,3,195
2220113,3,51,118,30,4,206,3,209
2220114,3,48,141,33,10,235,4,239
2220115,0,0,0,0,0,0,0,0
2220116,12,89,105,26,11,243,7,250
2220117,0,35,120,38,9,202,0,202
2220118,0,10,61,36,18,125,3,128
2220119,0,34,204,37,14,289,6,295
2220120,0,23,78,17,4,122,0,122
2220121,3,59,175,41,6,284,5,289
2220122,4,38,151,39,11,243,6,249
2220123,13,83,97,17,5,215,9,224
2220124,4,43,72,17,8,144,3,147
2220125,78,112,43,6,5,244,17,261
2220126,3,43,100,25,15,186,4,190
2220127,12,109,74,11,6,212,15,227
2220201,9,102,115,44,16,286,11,297
2220202,9,87,109,19,10,234,7,241
2220203,10,59,89,22,8,188,4,192
2220204,31,156,143,29,6,365,18,383
2220205,10,85,126,32,8,261,11,272
2220206,6,92,114,29,11,252,5,257
2220207,9,121,140,37,3,310,11,321
2220208,6,68,105,30,7,216,0,216
2220209,13,57,89,28,8,195,4,199
2220210,12,64,68,18,15,177,5,182
2220301,14,82,84,17,6,203,7,210
2220302,6,105,125,39,16,291,13,304
2220303,28,61,80,35,22,226,17,243
2220304,7,106,148,45,22,328,8,336
2220305,6,43,70,18,12,149,9,158
2220306,0,23,105,38,21,187,4,191
2220307,7,34,157,57,37,292,5,297
2220308,0,34,116,48,18,216,3,219
2220309,0,0,0,0,0,0,0,0
2220310,0,27,107,32,17,183,4,187
2220311,12,53,56,27,17,165,10,175
2220312,0,0,0,0,0,0,0,0
2220313,151,177,11,0,0,339,40,379
2220315,8,51,95,33,12,199,0,199
2220316,0,43,135,31,18,227,3,230
2220401,5,62,60,15,6,148,5,153
2220402,7,83,99,23,9,221,6,227
2220403,7,77,104,19,4,211,5,216
2220404,8,93,131,41,15,288,8,296
2220405,4,65,70,27,10,176,0,176
2220406,16,96,100,25,15,252,14,266
2220407,9,43,70,16,5,143,7,150
2220408,5,88,117,18,8,236,7,243
2220409,0,26,66,33,26,151,4,155
2220410,5,35,126,50,27,243,12,255
2220411,13,68,54,21,6,162,5,167
2220501,6,44,101,34,14,199,4,203
2220502,18,100,123,36,18,295,5,300
2220503,0,46,63,19,7,135,0,135
2220504,3,71,104,37,17,232,3,235
2220505,3,30,105,63,49,250,6,256
2220506,0,38,175,40,22,275,8,283
2220507,4,37,115,24,22,202,0,202
2220508,5,68,130,26,12,241,5,246
2220509,5,111,168,29,11,324,4,328
2220510,4,50,76,21,16,167,3,170
2220511,5,53,103,26,4,191,5,196
2220512,13,99,143,37,17,309,7,316
2220513,10,78,132,31,21,272,3,275
2220514,13,63,76,15,13,180,0,180
2220601,5,48,81,25,13,172,4,176
2220602,9,48,80,27,12,176,3,179
2220603,14,68,89,33,19,223,9,232
2220604,5,65,88,17,0,175,9,184
2220605,7,52,100,45,11,215,4,219
2220606,22,126,41,20,5,214,6,220
2220607,6,57,100,29,25,217,7,224
2220608,6,36,88,39,34,203,11,214
2220609,0,57,91,16,17,181,0,181
2220610,6,100,92,22,7,227,0,227
2220611,0,73,75,16,16,180,7,187
2220612,0,0,0,0,0,0,0,0
2220613,5,35,78,52,47,217,3,220
2220614,0,19,40,17,19,95,3,98
2220615,11,102,121,34,14,282,9,291
2220616,4,64,127,41,25,261,8,269
2220617,0,16,40,15,20,91,0,91
2220701,38,126,52,13,4,233,15,248
2220702,39,100,33,10,3,185,12,197
2220703,26,94,65,20,3,208,9,217
2220704,48,147,80,19,6,300,16,316
2220705,45,92,52,7,0,196,20,216
2220706,65,136,53,11,0,265,10,275
2220707,12,54,37,7,5,115,5,120
2220708,48,136,77,11,5,277,17,294
2220709,23,111,81,26,12,253,4,257
2220710,6,44,33,0,9,92,3,95
2220711,18,104,105,19,7,253,7,260
2220712,36,73,28,0,0,137,17,154
2220713,8,19,30,10,0,67,0,67
2220801,3,100,161,45,25,334,13,347
2220802,8,77,120,30,15,250,4,254
2220803,40,110,53,11,5,219,9,228
2220804,28,117,109,39,17,310,11,321
2220805,8,115,102,33,12,270,11,281
2220806,9,76,83,30,3,201,6,207
2220807,9,79,80,34,5,207,5,212
2220808,0,69,112,28,11,220,5,225
2220809,8,68,97,28,19,220,10,230
2220810,6,76,94,24,6,206,8,214
2220811,8,96,145,37,12,298,8,306
2220812,4,59,98,29,14,204,3,207
2220901,30,140,102,28,4,304,16,320
2220902,21,92,65,13,5,196,10,206
2220903,24,98,51,31,5,209,10,219
2220904,45,147,57,14,8,271,19,290
2220905,13,70,56,10,10,159,10,169
2220906,15,105,91,21,14,246,14,260
2220907,19,82,79,20,5,205,7,212
2220908,11,75,87,33,11,217,7,224
2220909,14,123,102,28,13,280,11,291
2220910,26,110,95,12,10,253,9,262
2220911,36,119,61,14,9,239,8,247
2221001,38,65,45,3,10,161,15,176
2221002,24,54,20,9,5,112,13,125
2221003,96,120,27,7,0,250,21,271
2221004,28,55,23,6,0,112,15,127
2221005,28,58,32,9,3,130,3,133
2221006,32,107,54,14,4,211,12,223
2221007,31,92,46,10,6,185,7,192
2221008,9,30,11,3,3,56,0,56
2221009,45,47,32,0,0,124,14,138
2221010,45,106,49,11,4,215,6,221
2221011,34,89,26,7,4,160,11,171
2221101,11,74,61,10,5,161,7,168
2221102,16,81,91,26,10,224,9,233
2221103,16,76,114,20,13,239,3,242
2221104,11,45,57,14,0,127,3,130
2221105,9,53,74,16,7,159,3,162
2221106,41,76,74,23,7,221,7,228
2221107,30,83,56,16,4,189,13,202
2221108,36,133,121,19,4,313,12,325
2221109,11,70,64,12,0,157,11,168
2221110,16,63,34,11,3,127,3,130
2221111,16,88,128,23,13,268,9,277
2221112,26,62,69,22,10,189,4,193
2221113,32,82,35,8,0,157,10,167
2221201,0,0,4,0,0,4,0,4
2221202,46,147,63,22,6,284,14,298
2221203,24,148,115,36,6,329,13,342
2221204,24,131,126,35,17,333,11,344
2221205,19,69,59,18,4,169,9,178
2221206,14,118,122,36,9,299,24,323
2221207,15,106,80,29,9,239,11,250
2221208,6,49,50,14,3,122,11,133
2221209,15,84,67,12,9,187,9,196
2221210,37,100,47,11,6,201,11,212
2221211,0,0,3,0,0,3,0,3
2221212,4,36,83,13,7,143,0,143
2221213,63,103,52,17,3,238,25,263
2221301,9,79,83,17,15,203,10,213
2221302,17,94,66,9,12,198,6,204
2221303,28,108,59,18,4,217,13,230
2221304,28,86,50,10,5,179,16,195
2221305,53,113,48,12,0,226,13,239
2221306,15,46,23,5,3,92,3,95
2221307,41,122,84,18,4,269,23,292
2221308,59,128,67,5,5,264,19,283
2221309,24,102,67,17,3,213,13,226
2221310,18,100,96,24,15,253,10,263
2221311,29,134,64,15,10,252,16,268
2221312,36,97,69,20,0,222,6,228
2221313,13,119,149,42,19,342,12,354
2221314,0,0,0,0,0,0,0,0
2221315,0,0,0,0,0,0,0,0
2221316,0,0,0,0,0,0,0,0
2221317,3,5,20,8,4,40,3,43
2221401,10,71,62,19,11,173,5,178
2221402,36,169,97,26,5,333,16,349
2221403,30,150,84,8,11,283,10,293
2221404,14,77,91,22,0,204,3,207
2221405,11,81,73,30,6,201,8,209
2221406,14,87,71,29,5,206,8,214
2221407,19,69,53,19,3,163,17,180
2221408,27,113,107,29,10,286,12,298
2221409,13,81,61,23,4,182,4,186
2221410,4,43,58,22,10,137,3,140
2221411,6,21,15,4,4,50,0,50
2221412,14,81,74,18,4,191,7,198
2221413,22,77,47,13,7,166,26,192
2221501,22,80,60,19,6,187,5,192
2221502,35,154,103,23,13,328,14,342
2221503,25,126,71,5,4,231,13,244
2221504,87,147,48,3,0,285,26,311
2221505,16,48,35,11,0,110,6,116
2221506,20,35,17,3,0,75,4,79
2221507,46,113,52,4,0,215,19,234
2221508,31,82,39,8,3,163,13,176
2221509,15,54,23,15,3,110,8,118
2221510,59,97,43,15,0,214,20,234
2221511,58,79,7,0,0,144,12,156
2230101,0,39,129,31,12,211,0,211
2230102,6,82,128,31,8,255,9,264
2230103,9,57,122,27,17,232,4,236
2230104,3,36,129,29,18,215,7,222
2230105,5,53,102,34,13,207,4,211
2230106,0,70,134,39,13,256,3,259
2230107,3,35,132,28,10,208,6,214
2230108,32,124,161,29,27,373,16,389
2230109,0,39,170,30,10,249,9,258
2230110,4,46,121,34,19,224,6,230
2230201,18,120,71,15,7,231,3,234
2230202,24,77,65,14,5,185,5,190
2230203,12,71,69,15,3,170,3,173
2230204,9,38,81,16,4,148,4,152
2230205,13,68,80,32,19,212,5,217
2230206,48,89,69,10,4,220,6,226
2230207,32,121,107,20,8,288,11,299
2230208,48,151,76,16,7,298,20,318
2230209,21,94,74,25,9,223,12,235
2230210,11,55,48,11,3,128,6,134
2230211,71,106,43,7,0,227,11,238
2230212,40,146,76,24,5,291,17,308
2230213,10,74,50,4,3,141,7,148
2230214,11,39,19,0,0,69,5,74
2230215,28,65,15,0,0,108,11,119
2230216,10,57,53,11,5,136,4,140
2230301,21,68,53,11,0,153,0,153
2230302,30,93,43,8,3,177,7,184
2230303,12,54,41,9,7,123,8,131
2230304,15,44,22,5,3,89,4,93
2230305,6,97,140,43,25,311,10,321
2230306,23,107,63,20,3,216,5,221
2230307,7,80,67,14,11,179,3,182
2230308,8,78,87,26,11,210,3,213
2230309,16,95,89,33,0,233,4,237
2230310,6,64,83,20,12,185,0,185
2230311,14,95,115,25,12,261,14,275
2230312,16,120,141,20,4,301,10,311
2230313,14,54,68,27,11,174,9,183
2230314,17,65,74,17,5,178,5,183
2230315,10,55,51,12,11,139,3,142
2230401,10,81,77,29,7,204,9,213
2230402,18,80,84,16,5,203,7,210
2230403,20,79,80,20,10,209,12,221
2230404,12,108,62,12,8,202,4,206
2230405,35,110,77,26,9,257,8,265
2230406,14,92,88,15,10,219,10,229
2230407,22,81,113,18,7,241,10,251
2230408,20,82,60,12,6,180,9,189
2230409,10,38,42,14,0,104,0,104
2230410,16,77,96,32,8,229,7,236
2230411,46,129,77,18,6,276,13,289
2230501,3,79,212,31,14,339,6,345
2230502,58,98,63,7,6,232,12,244
2230503,53,128,106,11,12,310,14,324
2230504,43,117,76,17,10,263,15,278
2230505,15,37,25,4,0,81,11,92
2230506,32,124,103,20,3,282,4,286
2230507,24,92,122,26,5,269,6,275
2230508,14,64,92,20,7,197,7,204
2230509,9,67,90,22,8,196,6,202
2230510,0,3,0,3,0,6,0,6
2230511,3,24,140,42,15,224,5,229
2230512,0,0,0,0,0,0,0,0
2230513,32,82,54,5,7,180,8,188
2230601,5,59,103,45,17,229,10,239
2230602,14,93,66,13,5,191,8,199
2230603,30,96,81,18,6,231,15,246
2230604,45,90,57,6,3,201,13,214
2230605,19,85,74,16,0,194,13,207
2230606,20,88,68,15,5,196,10,206
2230607,38,148,77,20,9,292,9,301
2230608,28,79,61,7,4,179,7,186
2230609,95,71,21,6,4,197,19,216
2230610,5,47,52,11,5,120,6,126
2230611,25,92,71,15,3,206,11,217
2230612,3,63,98,21,8,193,3,196
2230613,0,12,23,5,3,43,0,43
2230701,16,39,20,5,0,80,6,86
2230702,48,151,73,18,8,298,17,315
2230703,28,42,38,10,0,118,6,124
2230704,41,115,35,9,0,200,13,213
2230705,9,43,48,12,10,122,5,127
2230706,21,89,75,16,0,201,5,206
2230707,36,76,26,3,0,141,5,146
2230708,38,94,57,7,0,196,5,201
2230709,25,94,103,32,4,258,8,266
2230710,45,139,41,5,0,230,15,245
2230711,35,153,88,10,0,286,29,315
2230712,13,57,77,12,7,166,15,181
2230713,10,77,72,14,0,173,8,181
2230714,42,95,22,5,0,164,14,178
2230801,4,58,122,48,22,254,7,261
2230802,3,40,62,22,13,140,0,140
2230803,12,75,132,37,21,277,13,290
2230804,6,74,98,22,8,208,7,215
2230805,30,114,79,29,13,265,16,281
2230806,0,45,155,54,27,281,8,289
2230807,0,31,155,68,36,290,9,299
2230808,5,43,83,38,11,180,4,184
2230809,7,40,59,19,13,138,4,142
2230810,12,72,150,45,23,302,6,308
2230811,8,86,127,26,14,261,7,268
2230812,7,126,111,20,7,271,3,274
2230813,3,87,164,42,22,318,13,331
2230814,3,44,99,22,8,176,0,176
2230815,0,29,44,17,7,97,4,101
2230901,33,103,86,30,5,257,13,270
2230902,24,120,116,30,6,296,9,305
2230903,0,33,140,53,12,238,5,243
2230904,8,63,86,22,5,184,13,197
2230905,19,118,131,36,8,312,14,326
2230906,6,48,48,10,5,117,3,120
2230907,30,110,97,14,5,256,4,260
2230908,5,54,162,53,28,302,9,311
2230909,14,60,84,23,8,189,4,193
2230910,5,23,120,29,17,194,3,197
2230911,5,66,150,36,17,274,0,274
2230912,0,8,53,7,0,68,0,68
2230913,13,80,81,17,7,198,5,203
2230914,5,37,152,40,14,248,8,256
2231001,6,46,79,42,26,199,0,199
2231002,22,88,164,48,25,347,9,356
2231003,12,32,68,29,11,152,8,160
2231004,11,60,108,49,32,260,6,266
2231005,7,54,75,22,9,167,4,171
2231006,12,86,109,38,12,257,7,264
2231007,18,75,81,8,6,188,9,197
2231008,28,87,101,29,12,257,10,267
2231009,20,63,109,41,13,246,12,258
2231010,12,60,91,40,22,225,4,229
2231011,10,57,85,20,10,182,5,187
2231012,16,68,127,27,25,263,4,267
2231101,10,83,111,31,9,244,3,247
2231102,3,18,30,13,12,76,3,79
2231103,4,44,82,42,9,181,5,186
2231104,17,84,114,36,8,259,13,272
2231105,14,100,111,30,6,261,6,267
2231106,11,47,87,22,4,171,7,178
2231107,0,48,39,14,9,110,0,110
2231108,8,141,110,26,11,296,12,308
2231109,21,107,144,27,12,311,6,317
2231110,23,71,77,25,7,203,6,209
2231111,11,59,60,11,9,150,5,155
2231112,17,64,71,10,5,167,8,175
2231113,21,98,79,13,0,211,11,222
2231114,11,88,94,21,10,224,5,229
2231115,13,86,130,42,27,298,9,307
2231116,6,50,119,29,7,211,0,211
2231117,0,64,152,20,9,245,0,245
2231201,41,133,53,8,0,235,13,248
2231202,8,68,75,16,5,172,5,177
2231203,33,134,99,25,8,299,16,315
2231204,23,81,88,24,6,222,5,227
2231205,36,132,86,16,4,274,14,288
2231206,8,52,60,16,4,140,3,143
2231207,60,137,73,18,3,291,10,301
2231208,21,74,35,8,10,148,12,160
2231209,30,112,79,17,6,244,11,255
2231210,9,53,58,14,3,137,4,141
2231211,44,114,97,16,8,279,14,293
2231212,20,80,97,17,11,225,14,239
2231213,35,125,82,10,0,252,8,260
2231214,19,77,50,6,0,152,5,157
2231215,29,124,72,19,0,244,7,251
2231216,15,87,71,25,6,204,12,216
2231301,40,126,61,22,0,249,11,260
2231302,30,120,81,19,3,253,9,262
2231303,14,53,41,9,3,120,10,130
2231304,26,81,33,5,0,145,10,155
2231305,73,148,62,16,6,305,25,330
2231306,15,37,25,5,3,85,3,88
2231307,19,56,26,11,4,116,3,119
2231308,44,148,76,15,0,283,19,302
2231309,13,45,66,7,3,134,6,140
2231401,14,97,106,37,14,268,4,272
2231402,20,127,126,31,11,315,12,327
2231403,21,90,137,33,18,299,4,303
2231404,17,75,94,13,8,207,9,216
2231405,30,100,70,18,3,221,14,235
2231406,10,113,125,33,11,292,3,295
2231407,17,64,67,14,0,162,11,173
2231408,10,79,112,27,12,240,4,244
2231409,17,58,50,13,7,145,10,155
2231410,9,42,29,10,0,90,6,96
2231411,15,55,59,13,3,145,0,145
2231501,17,78,48,5,5,153,8,161
2231502,32,98,88,21,4,243,7,250
2231503,22,110,82,21,0,235,9,244
2231504,9,84,65,22,5,185,11,196
2231505,36,109,110,25,8,288,15,303
2231506,15,86,58,12,3,174,6,180
2231507,23,83,59,17,7,189,9,198
2231508,8,61,63,15,0,147,3,150
2231509,7,36,32,5,8,88,0,88
2231510,7,48,57,11,0,123,0,123
2231511,12,79,76,16,9,192,0,192
2231512,27,68,67,18,6,186,7,193
2231513,27,111,114,31,11,294,12,306
2231514,22,123,126,24,19,314,14,328
2231515,24,63,40,11,0,138,3,141
2231516,7,28,23,3,0,61,0,61
2231517,25,64,49,12,5,155,5,160
2231601,9,103,90,29,10,241,13,254
2231602,5,44,61,19,7,136,0,136
2231603,23,73,74,5,0,175,0,175
2231604,9,76,85,11,12,193,3,196
2231605,14,70,77,25,10,196,3,199
2231606,15,97,74,9,3,198,9,207
2231607,28,120,110,27,5,290,9,299
2231608,19,67,59,9,4,158,8,166
2231609,28,127,127,31,4,317,7,324
2231701,26,85,150,53,24,338,10,348
2231702,42,101,84,19,13,259,18,277
2231703,20,56,69,25,8,178,4,182
2231704,48,140,82,24,9,303,22,325
2231705,26,41,22,7,3,99,5,104
2231706,45,136,89,24,15,309,13,322
2231707,39,78,82,28,10,237,5,242
2231708,29,119,81,19,15,263,8,271
2231709,11,92,71,23,10,207,5,212
2231710,27,88,72,27,13,227,11,238
2231711,4,43,81,26,11,165,4,169
2231801,15,81,52,21,13,182,7,189
2231802,45,122,38,6,0,211,10,221
2231803,30,94,70,18,6,218,12,230
2231804,31,71,66,17,3,188,10,198
2231805,35,91,67,21,12,226,8,234
2231806,30,97,42,14,5,188,13,201
2231807,24,87,125,55,21,312,12,324
2231808,15,80,28,8,4,135,7,142
2231809,7,35,45,8,8,103,8,111
2231810,19,99,96,39,9,262,11,273
2231811,17,55,21,6,0,99,6,105
2231812,12,62,30,14,0,118,3,121
2240101,3,60,208,43,26,340,8,348
2240102,0,44,161,50,22,277,8,285
2240103,3,27,176,48,44,298,14,312
2240104,4,74,221,57,19,375,9,384
2240105,0,5,4,9,6,24,4,28
2240106,3,67,172,72,38,352,11,363
2240107,3,57,194,66,17,337,8,345
2240108,4,34,165,63,38,304,7,311
2240109,0,40,169,66,38,313,5,318
2240110,0,10,46,17,5,78,3,81
2240111,0,40,82,37,16,175,4,179
2240112,0,17,114,43,14,188,6,194
2240113,3,58,180,35,23,299,3,302
2240114,0,21,135,41,16,213,5,218
2240115,0,47,156,46,16,265,7,272
2240116,3,27,148,47,15,240,7,247
2240201,8,133,164,18,12,335,6,341
2240202,3,49,109,38,20,219,4,223
2240203,9,61,105,34,16,225,10,235
2240204,0,44,120,61,31,256,8,264
2240205,3,56,131,52,34,276,7,283
2240206,6,55,157,34,16,268,4,272
2240207,4,49,101,34,24,212,12,224
2240208,0,50,119,47,17,233,9,242
2240209,9,70,106,30,14,229,8,237
2240210,0,0,6,0,0,6,0,6
2240211,11,42,71,19,5,148,0,148
2240212,0,0,0,0,0,0,0,0
2240213,40,94,15,0,0,149,13,162
2240301,4,59,91,37,17,208,6,214
2240302,4,46,119,32,19,220,8,228
2240303,7,43,107,43,23,223,6,229
2240304,4,45,122,32,16,219,0,219
2240305,0,64,87,19,9,179,4,183
2240306,7,62,138,44,11,262,6,268
2240307,3,66,96,34,22,221,12,233
2240308,0,59,128,28,13,228,3,231
2240309,3,76,113,32,27,251,9,260
2240310,0,22,100,34,16,172,0,172
2240311,3,41,103,28,17,192,3,195
2240401,9,66,117,29,21,242,0,242
2240402,4,49,103,24,23,203,5,208
2240403,0,32,157,41,18,248,3,251
2240404,0,63,169,39,22,293,8,301
2240405,4,28,92,33,15,172,3,175
2240406,5,57,143,32,15,252,6,258
2240407,3,62,114,22,12,213,9,222
2240408,8,71,115,35,21,250,10,260
2240409,0,13,96,39,28,176,0,176
2240410,3,17,47,11,8,86,3,89
2240411,0,34,186,40,23,283,0,283
2240412,0,29,174,21,15,239,7,246
2240413,5,11,66,16,4,102,0,102
2240414,0,21,109,27,19,176,0,176
2240415,3,69,134,28,12,246,4,250
2240416,0,28,152,33,20,233,3,236
2240417,4,29,116,24,5,178,0,178
2240418,0,12,20,5,3,40,0,40
2240501,13,54,66,11,7,151,5,156
2240502,5,60,61,8,14,148,5,153
2240503,17,117,137,53,13,337,11,348
2240504,9,62,91,35,16,213,6,219
2240505,14,54,21,8,7,104,7,111
2240506,17,95,65,32,20,229,11,240
2240507,21,97,54,10,10,192,0,192
2240508,13,77,136,60,20,306,14,320
2240509,26,99,56,10,5,196,10,206
2240601,5,84,185,50,19,343,6,349
2240602,4,54,81,17,11,167,9,176
2240603,20,63,98,38,12,231,7,238
2240604,10,61,80,38,10,199,4,203
2240605,9,62,101,26,13,211,14,225
2240606,4,95,121,54,19,293,7,300
2240607,0,88,135,51,25,299,9,308
2240608,6,55,109,39,17,226,6,232
2240609,7,40,51,13,11,122,7,129
2240610,5,51,68,21,13,158,0,158
2240611,8,63,70,33,22,196,6,202
2240612,0,41,192,31,21,285,4,289
2240613,4,42,83,22,17,168,7,175
2240701,0,67,93,36,17,213,8,221
2240702,17,81,74,25,9,206,0,206
2240703,8,65,99,43,18,233,7,240
2240704,12,105,116,48,21,302,10,312
2240705,12,102,124,42,19,299,7,306
2240706,7,76,124,36,22,265,12,277
2240707,8,77,101,37,10,233,6,239
2240708,8,90,136,48,38,320,6,326
2240709,12,75,122,26,17,252,11,263
2240710,4,27,34,12,6,83,0,83
2240711,0,55,72,14,5,146,3,149
2240801,38,147,108,26,6,325,22,347
2240802,57,153,64,22,4,300,14,314
2240803,20,73,81,12,8,194,14,208
2240804,25,123,90,19,24,281,14,295
2240805,32,96,113,53,18,312,15,327
2240806,7,96,100,21,8,232,12,244
2240807,4,55,47,14,7,127,9,136
2240808,12,71,100,33,9,225,7,232
2240809,5,47,70,16,10,148,4,152
2240810,12,78,81,23,10,204,6,210
2240811,16,106,95,20,12,249,13,262
2240812,7,50,53,14,3,127,8,135
2240813,9,90,83,27,9,218,11,229
2240814,21,66,43,17,3,150,5,155
2240901,8,118,130,37,26,319,9,328
2240902,11,102,141,33,26,313,5,318
2240903,30,128,81,11,8,258,9,267
2240904,44,128,94,24,10,300,16,316
2240905,29,63,38,9,0,139,5,144
2240906,8,59,102,27,11,207,6,213
2240907,5,20,27,12,0,64,3,67
2240908,9,56,70,17,7,159,7,166
2240909,10,66,98,36,16,226,11,237
2240910,4,60,92,34,11,201,6,207
2241001,8,72,129,34,21,264,10,274
2241002,5,70,138,47,19,279,10,289
2241003,0,11,70,28,13,122,4,126
2241004,9,70,163,54,15,311,3,314
2241005,31,136,115,28,31,341,14,355
2241006,48,143,73,12,4,280,11,291
2241007,42,107,102,17,7,275,3,278
2241008,5,88,156,44,23,316,7,323
2241009,7,63,59,20,9,158,6,164
2241010,31,94,70,13,19,227,15,242
2241011,7,84,124,47,18,280,5,285
2241012,0,36,52,26,11,125,3,128
2241013,5,58,85,32,21,201,4,205
2241014,0,18,20,8,6,52,5,57
2241101,25,116,95,30,17,283,5,288
2241102,0,24,70,26,15,135,6,141
2241103,69,173,68,17,7,334,19,353
2241104,30,137,98,13,9,287,13,300
2241105,12,67,55,24,12,170,5,175
2241106,7,40,93,36,28,204,3,207
2241107,16,116,134,39,17,322,9,331
2241108,20,93,87,14,6,220,7,227
2241109,30,120,110,44,21,325,11,336
2241110,0,24,49,20,17,110,6,116
2241111,5,32,19,4,0,60,6,66
2241201,17,68,52,26,11,174,11,185
2241202,34,130,75,22,10,271,12,283
2241203,42,125,79,17,9,272,15,287
2241204,7,115,80,29,7,238,12,250
2241205,4,56,84,32,12,188,6,194
2241206,0,55,70,33,6,164,5,169
2241207,8,77,97,34,13,229,7,236
2241208,6,57,74,23,6,166,8,174
2241209,10,91,102,35,15,253,6,259
2241210,8,50,63,29,14,164,0,164
2241211,7,91,98,23,15,234,8,242
2241212,18,62,85,28,10,203,4,207
2241213,6,58,53,13,0,130,8,138
2241301,8,73,88,33,17,219,8,227
2241302,7,114,137,36,23,317,14,331
2241303,16,101,134,51,12,314,16,330
2241304,14,105,122,27,10,278,12,290
2241305,19,109,119,32,17,296,10,306
2241306,0,47,64,24,15,150,5,155
2241307,3,44,71,26,10,154,9,163
2241308,11,58,91,25,15,200,4,204
2241309,15,127,150,47,20,359,10,369
2241310,7,61,95,38,11,212,7,219
2241311,3,48,79,27,9,166,3,169
2241312,13,72,104,28,11,228,8,236
2241313,0,0,0,0,0,0,0,0
2241314,0,12,35,10,0,57,4,61
2241401,22,125,102,32,9,290,15,305
2241402,8,66,119,36,19,248,10,258
2241403,3,59,98,50,25,235,8,243
2241404,10,69,122,54,14,269,6,275
2241405,4,34,99,34,20,191,8,199
2241406,3,55,92,32,19,201,6,207
2241407,6,61,122,60,33,282,7,289
2241408,4,76,98,33,12,223,5,228
2241409,37,121,47,11,7,223,15,238
2241410,7,52,93,40,25,217,9,226
2241411,7,59,132,70,53,321,4,325
2241412,5,41,84,33,14,177,3,180
2241413,0,34,89,42,24,189,0,189
2241414,0,21,94,35,28,178,0,178
2241501,8,50,123,46,34,261,9,270
2241502,52,117,94,41,28,332,14,346
2241503,36,70,131,59,26,322,14,336
2241504,5,22,66,31,10,134,0,134
2241505,4,44,122,41,28,239,6,245
2241506,6,58,77,21,6,168,4,172
2241507,17,70,89,44,20,240,7,247
2241508,4,22,79,35,23,163,6,169
2241509,6,56,96,34,13,205,5,210
2241510,0,42,90,41,28,201,9,210
2241511,6,47,149,86,40,328,3,331
2241512,6,68,184,59,34,351,3,354
2241513,0,13,31,14,9,67,3,70
2241514,3,66,145,62,34,310,6,316
2241601,6,51,118,39,25,239,5,244
2241602,3,31,61,23,15,133,0,133
2241603,10,41,50,22,9,132,4,136
2241604,4,73,100,38,23,238,11,249
2241605,4,59,85,25,22,195,4,199
2241606,6,39,50,21,8,124,4,128
2241607,12,49,111,51,31,254,7,261
2241608,10,65,130,42,17,264,11,275
2241609,3,52,166,62,25,308,4,312
2241610,67,101,5,0,0,173,11,184
2241611,11,72,135,51,23,292,9,301
2241612,3,66,163,44,27,303,14,317
2241613,7,50,87,40,18,202,5,207
2241701,92,130,66,16,12,316,30,346
2241702,6,51,95,33,27,212,4,216
2241703,0,55,117,37,16,225,7,232
2241704,6,73,96,24,20,219,5,224
2241705,9,82,85,34,16,226,9,235
2241706,17,66,96,21,16,216,9,225
2241707,11,98,112,29,15,265,3,268
2241708,10,59,67,28,8,172,4,176
2241709,7,54,79,16,17,173,0,173
2241710,7,41,106,26,24,204,0,204
2241711,9,59,141,52,32,293,8,301
2250101,21,92,130,22,17,282,4,286
2250102,25,46,38,12,4,125,10,135
2250103,12,79,180,37,21,329,7,336
2250104,4,89,114,35,13,255,5,260
2250105,5,35,39,5,9,93,3,96
2250106,40,93,54,17,8,212,14,226
2250107,51,82,28,7,3,171,13,184
2250108,20,119,68,14,0,221,4,225
2250109,29,114,108,26,9,286,9,295
2250110,32,114,94,31,11,282,8,290
2250111,12,47,50,9,0,118,3,121
2250112,3,24,51,7,8,93,4,97
2250201,14,74,86,15,9,198,8,206
2250202,12,67,92,23,12,206,5,211
2250203,19,103,134,34,17,307,0,307
2250204,10,66,97,19,7,199,3,202
2250205,16,97,105,25,11,254,7,261
2250206,13,104,142,40,26,325,9,334
2250207,6,78,123,35,15,257,9,266
2250208,0,63,106,32,11,212,0,212
2250209,3,42,81,23,7,156,6,162
2250210,0,42,72,24,3,141,5,146
2250211,12,46,82,16,9,165,4,169
2250212,7,44,71,23,6,151,3,154
2250213,7,35,44,12,5,103,5,108
2250214,5,51,69,21,4,150,8,158
2250215,12,46,102,21,9,190,3,193
2250301,9,74,140,34,18,275,7,282
2250302,11,68,94,23,8,204,11,215
2250303,5,33,37,12,9,96,0,96
2250304,33,143,128,19,14,337,12,349
2250305,14,115,138,43,13,323,3,326
2250306,0,50,68,19,11,148,4,152
2250401,15,120,138,36,7,316,6,322
2250402,13,92,101,30,9,245,7,252
2250403,6,116,103,22,15,262,5,267
2250404,11,106,107,34,8,266,6,272
2250405,6,78,114,36,6,240,7,247
2250406,12,50,57,19,4,142,4,146
2250407,14,84,81,26,4,209,4,213
2250408,7,63,185,71,22,348,3,351
2250409,6,63,139,49,14,271,0,271
2250501,74,86,84,22,7,273,28,301
2250502,5,49,133,48,19,254,3,257
2250503,0,73,172,45,22,312,5,317
2250504,3,28,93,26,15,165,0,165
2250505,5,29,75,21,8,138,3,141
2250506,16,81,134,47,20,298,3,301
2250507,9,67,130,54,14,274,6,280
2250508,0,35,62,15,9,121,4,125
2250601,25,129,134,30,5,323,6,329
2250602,32,99,101,18,9,259,11,270
2250603,12,88,82,26,0,208,0,208
2250604,10,100,138,41,20,309,4,313
2250605,3,67,187,66,38,361,8,369
2250606,0,38,60,18,7,123,5,128
2250607,0,53,136,54,22,265,5,270
2250608,4,67,168,60,20,319,9,328
2250609,3,37,127,35,30,232,6,238
2250701,19,76,32,9,9,145,8,153
2250702,28,122,71,12,5,238,11,249
2250703,26,147,88,21,5,287,17,304
2250704,28,108,128,34,14,312,4,316
2250705,7,86,137,41,17,288,9,297
2250706,19,130,135,26,3,313,10,323
2250707,26,67,44,9,0,146,7,153
2250708,29,80,55,10,0,174,7,181
2250709,4,66,114,27,12,223,7,230
2250710,22,110,132,37,7,308,9,317
2250711,6,65,95,22,11,199,11,210
2250712,16,57,40,6,0,119,4,123
2250713,14,46,24,6,5,95,6,101
2250801,25,102,86,19,8,240,3,243
2250802,7,69,72,23,10,181,4,185
2250803,28,109,101,15,7,260,0,260
2250804,16,98,115,23,3,255,10,265
2250805,6,61,107,29,14,217,0,217
2250806,18,85,99,23,15,240,7,247
2250807,28,127,91,26,8,280,18,298
2250808,28,134,96,21,11,290,3,293
2250809,18,79,53,5,5,160,6,166
2250810,8,65,65,24,6,168,8,176
2250811,7,49,27,11,9,103,0,103
2250812,11,85,79,17,7,199,5,204
2250813,0,0,0,0,0,0,0,0
2250814,3,44,65,21,10,143,0,143
2250901,6,100,106,28,12,252,9,261
2250902,17,116,81,30,7,251,9,260
2250903,21,115,114,20,7,277,7,284
2250904,7,84,109,27,11,238,9,247
2250905,48,123,87,26,0,284,16,300
2250906,47,121,78,21,10,277,18,295
2250907,45,132,139,26,7,349,26,375
2250908,55,120,63,26,11,275,12,287
2250909,0,34,71,16,14,135,0,135
2250910,21,41,38,8,0,108,7,115
2251001,7,98,109,33,13,260,10,270
2251002,11,101,137,29,15,293,5,298
2251003,17,92,126,29,10,274,12,286
2251004,11,62,94,19,7,193,9,202
2251005,18,107,133,33,17,308,13,321
2251006,11,85,101,22,9,228,6,234
2251101,6,66,112,30,16,230,9,239
2251102,14,86,120,29,6,255,10,265
2251103,4,12,17,3,3,39,3,42
2251104,16,78,95,31,9,229,7,236
2251105,10,65,106,35,18,234,8,242
2251106,13,68,88,24,9,202,0,202
2251107,6,80,114,44,17,261,4,265
2251201,18,121,121,42,13,315,8,323
2251202,14,90,120,26,12,262,14,276
2251203,12,85,91,26,16,230,18,248
2251204,3,60,58,26,3,150,5,155
2251205,10,95,147,34,16,302,8,310
2251206,8,78,194,56,15,351,4,355
2251207,9,86,83,34,8,220,4,224
2251208,13,69,71,19,9,181,7,188
2251209,0,29,28,7,8,72,4,76
2251301,12,75,74,19,0,180,9,189
2251302,7,70,77,13,4,171,5,176
2251303,58,103,74,30,5,270,31,301
2251304,0,26,46,41,20,133,4,137
2251305,0,37,135,44,23,239,3,242
2251306,4,35,179,69,38,325,4,329
2251307,0,17,125,35,19,196,3,199
2251308,4,33,92,28,23,180,3,183
2251309,6,87,121,45,16,275,6,281
2251310,14,90,116,39,18,277,3,280
2251311,9,50,66,14,6,145,7,152
2251312,17,76,65,20,5,183,11,194
2251313,0,11,24,8,0,43,0,43
2251401,0,38,116,47,32,233,4,237
2251402,0,43,130,47,22,242,4,246
2251403,0,34,104,29,21,188,9,197
2251404,11,86,133,54,22,306,10,316
2251405,6,47,60,26,12,151,6,157
2251406,5,43,94,48,21,211,5,216
2251407,4,41,101,59,32,237,11,248
2251408,6,56,113,41,19,235,8,243
2251409,0,41,74,27,10,152,0,152
2251410,4,56,140,83,37,320,12,332
2251411,3,47,141,47,29,267,5,272
2251412,88,119,49,15,4,275,19,294
2251413,0,0,0,0,0,0,0,0
2251501,4,90,112,29,14,249,11,260
2251502,3,89,144,55,26,317,5,322
2251503,11,72,132,49,21,285,7,292
2251504,11,87,141,38,21,298,6,304
2251505,15,67,69,25,14,190,5,195
2251506,9,76,83,18,16,202,6,208
2251507,24,64,89,21,13,211,14,225
2251508,0,71,98,41,15,225,0,225
2251509,9,80,107,33,19,248,6,254
2251510,4,27,78,29,15,153,3,156
2251511,10,71,108,34,15,238,12,250
2251601,17,83,97,24,8,229,11,240
2251602,15,89,82,17,10,213,7,220
2251603,24,125,108,33,13,303,11,314
2251604,16,66,66,17,11,176,7,183
2251605,7,53,64,18,5,147,0,147
2251606,15,114,139,35,8,311,9,320
2251607,13,120,114,33,15,295,12,307
2251608,19,134,113,31,14,311,7,318
2251609,14,78,51,25,10,178,9,187
2251610,11,38,38,23,10,120,11,131
2251611,72,75,33,4,0,184,7,191
2251701,6,60,128,66,38,298,7,305
2251702,5,82,129,43,36,295,10,305
2251703,15,68,108,35,23,249,13,262
2251704,11,92,144,41,28,316,10,326
2251705,7,51,75,34,5,172,5,177
2251706,12,52,81,31,9,185,7,192
2251707,5,56,100,39,13,213,8,221
2251708,12,82,116,38,18,266,13,279
2251709,0,34,76,30,16,156,3,159
2251710,4,32,98,43,24,201,0,201
2251711,7,94,171,77,36,385,10,395
2251712,0,23,65,30,22,140,4,144
2251713,0,71,136,27,13,247,0,247
2251801,37,114,103,36,6,296,5,301
2251802,24,108,86,21,6,245,15,260
2251803,44,108,67,18,12,249,12,261
2251804,61,124,77,12,4,278,10,288
2251805,86,141,54,8,0,289,19,308
2251806,70,95,56,13,3,237,15,252
2251807,47,156,81,30,7,321,8,329
2251808,38,156,115,29,13,351,17,368
2251809,38,69,38,6,4,155,5,160
2251810,10,50,47,9,5,121,7,128
2251811,0,0,0,0,0,0,0,0
2251901,12,9,7,0,0,28,0,28
2251902,24,76,44,15,6,165,9,174
2251903,74,108,48,18,4,252,9,261
2251904,50,150,82,24,6,312,21,333
2251905,89,140,86,20,6,341,15,356
2251906,67,184,91,15,7,364,9,373
2251907,25,61,36,14,3,139,5,144
2251908,41,34,22,11,3,111,0,111
2251909,46,88,58,11,4,207,12,219
2251910,40,99,40,3,5,187,3,190
2252001,15,92,92,25,10,234,10,244
2252002,7,40,48,14,4,113,5,118
2252003,17,58,75,27,8,185,11,196
2252004,5,18,20,7,6,56,6,62
2252005,17,74,81,36,11,219,6,225
2252006,32,102,90,19,5,248,8,256
2252007,28,88,78,16,3,213,10,223
2252008,51,126,64,14,0,255,5,260
2252009,22,91,71,19,5,208,8,216
2252010,13,55,61,15,4,148,3,151
2252011,23,46,51,12,4,136,4,140
2252012,4,42,50,13,7,116,4,120
2252013,10,83,103,45,22,263,10,273
2252014,3,73,119,40,18,253,7,260
2252101,23,80,105,26,8,242,10,252
2252102,15,51,49,10,0,125,6,131
2252103,23,82,48,10,6,169,6,175
2252104,37,88,110,26,5,266,13,279
2252105,54,115,86,12,9,276,12,288
2252106,27,83,62,11,5,188,8,196
2252107,41,124,80,22,10,277,16,293
2252108,45,104,95,14,11,269,9,278
2252109,44,149,87,16,3,299,4,303
2252110,30,55,62,11,0,158,9,167
2252111,21,139,122,21,6,309,10,319
2252112,18,51,41,25,0,135,0,135
2252201,19,81,68,15,11,194,10,204
2252202,17,92,109,23,12,253,13,266
2252203,17,112,139,15,10,293,5,298
2252204,48,96,55,27,5,231,16,247
2252205,20,77,75,33,11,216,19,235
2252206,7,44,31,8,3,93,3,96
2252207,39,119,115,23,11,307,15,322
2252208,23,83,70,21,4,201,6,207
2252209,19,104,80,18,11,232,6,238
2252210,24,71,55,14,8,172,6,178
2252211,36,108,73,15,8,240,7,247
2252212,24,87,89,31,17,248,11,259
2252301,20,56,88,15,14,193,8,201
2252302,15,65,62,12,6,160,0,160
2252303,30,126,98,32,5,291,11,302
2252304,28,137,120,25,9,319,11,330
2252305,3,32,34,8,4,81,0,81
2252306,22,71,66,16,0,175,4,179
2252307,25,82,88,16,7,218,3,221
2252308,11,63,70,21,5,170,3,173
2252309,37,108,80,23,5,253,10,263
2252310,12,69,83,11,3,178,4,182
2252311,8,50,68,24,8,158,7,165
2260101,35,86,58,14,0,193,5,198
2260102,21,74,83,11,3,192,5,197
2260103,10,51,36,6,7,110,3,113
2260104,17,68,97,29,0,211,6,217
2260105,26,89,110,22,11,258,9,267
2260106,38,122,83,21,11,275,8,283
2260107,20,68,67,9,7,171,4,175
2260108,31,103,81,8,6,229,11,240
2260109,0,28,27,6,7,68,0,68
2260201,13,105,92,27,12,249,16,265
2260202,23,71,73,12,0,179,3,182
2260203,13,39,69,28,6,155,7,162
2260204,49,116,73,12,4,254,16,270
2260205,22,45,36,4,0,107,4,111
2260206,14,83,83,13,0,193,3,196
2260207,25,103,55,9,3,195,4,199
2260208,25,70,98,9,4,206,8,214
2260209,42,86,40,8,0,176,6,182
2260210,33,121,83,8,4,249,4,253
2260301,8,47,78,23,8,164,0,164
2260302,23,85,97,23,4,232,8,240
2260303,22,114,86,22,3,247,7,254
2260304,11,70,88,14,10,193,10,203
2260305,10,27,23,0,0,60,3,63
2260306,25,161,109,23,0,318,6,324
2260307,55,146,59,6,3,269,6,275
2260308,73,142,52,11,0,278,13,291
2260309,33,133,73,12,7,258,9,267
2260310,40,81,25,9,4,159,7,166
2260311,31,68,32,5,0,136,4,140
2260401,5,33,65,27,11,141,7,148
2260402,8,42,69,28,31,178,9,187
2260403,10,40,61,21,17,149,0,149
2260404,11,71,94,21,7,204,11,215
2260405,5,40,107,29,15,196,7,203
2260406,5,28,32,15,11,91,3,94
2260407,10,62,104,40,12,228,14,242
2260408,7,39,69,17,6,138,4,142
2260409,7,38,81,21,13,160,6,166
2260410,4,21,20,8,6,59,6,65
2260501,27,60,77,16,10,190,7,197
2260502,23,87,85,9,0,204,14,218
2260503,14,87,81,24,4,210,14,224
2260504,5,84,114,23,6,232,7,239
2260505,8,67,84,19,6,184,3,187
2260506,11,64,78,31,9,193,8,201
2260507,26,115,109,24,8,282,14,296
2260508,9,70,95,19,5,198,6,204
2260509,14,87,85,29,8,223,11,234
2260510,51,133,89,18,6,297,12,309
2260601,12,35,27,4,0,78,4,82
2260602,39,56,22,6,0,123,5,128
2260603,20,97,82,23,7,229,10,239
2260604,67,153,70,15,7,312,14,326
2260605,16,85,117,32,11,261,8,269
2260606,23,71,57,14,11,176,11,187
2260607,13,89,86,24,17,229,3,232
2260608,3,13,29,20,4,69,0,69
2260609,7,31,38,7,7,90,0,90
2260610,9,82,59,16,9,175,10,185
2260611,34,97,41,3,3,178,7,185
2260612,36,97,48,11,0,192,10,202
2260613,25,88,61,8,6,188,9,197
2260702,67,109,41,4,0,221,8,229
2260703,29,88,30,3,4,154,4,158
2260704,17,42,24,4,0,87,0,87
2260705,24,57,18,5,3,107,3,110
2260706,53,148,45,12,0,258,13,271
2260707,32,115,77,9,7,240,3,243
2260708,60,96,29,3,0,188,9,197
2260709,14,46,11,0,0,71,3,74
2260710,31,31,20,4,0,86,3,89
2260711,25,58,19,0,0,102,3,105
2260712,27,202,103,6,4,342,6,348
2260713,6,42,30,0,0,78,8,86
2260801,41,77,46,7,7,178,4,182
2260802,28,90,28,8,3,157,9,166
2260803,33,113,48,5,0,199,5,204
2260804,31,69,20,5,3,128,4,132
2260805,20,97,48,0,7,172,5,177
2260806,29,61,48,6,0,144,8,152
2260807,10,35,19,4,0,68,0,68
2260808,24,51,32,3,3,113,5,118
2260809,63,86,54,9,0,212,7,219
2260810,64,89,28,3,4,188,3,191
2260811,73,57,14,0,0,144,9,153
2260901,26,56,27,10,0,119,3,122
2260902,25,77,34,6,0,142,4,146
2260903,38,129,60,6,3,236,12,248
2260904,83,122,61,5,0,271,13,284
2260905,37,93,35,3,4,172,7,179
2260906,44,123,52,10,3,232,3,235
2260907,150,55,12,0,3,220,33,253
2260908,66,72,47,8,0,193,6,199
2260909,61,58,4,0,3,126,4,130
2260910,25,66,39,7,0,137,3,140
2261001,52,127,42,4,0,225,5,230
2261002,40,94,46,5,0,185,7,192
2261003,28,56,30,7,3,124,6,130
2261004,39,110,85,13,4,251,12,263
2261005,23,43,57,12,3,138,5,143
2261006,67,119,65,15,4,270,5,275
2261007,49,139,65,10,5,268,7,275
2261008,20,94,60,12,8,194,3,197
2261009,26,68,52,7,6,159,7,166
2261010,6,39,21,0,0,66,3,69
2261011,29,44,13,3,3,92,9,101
2261101,13,81,103,36,17,250,9,259
2261102,16,73,43,22,10,164,8,172
2261103,19,81,60,29,6,195,7,202
2261104,24,76,60,18,11,189,4,193
2261105,25,82,47,12,3,169,6,175
2261106,34,131,53,3,0,221,4,225
2261107,10,62,45,7,4,128,0,128
2261108,11,50,33,18,4,116,0,116
2261109,7,47,46,10,7,117,3,120
2261110,4,25,43,5,0,77,4,81
2261111,24,58,43,6,6,137,0,137
2261201,19,78,37,3,3,140,3,143
2261202,20,64,30,0,4,118,3,121
2261203,28,84,51,8,0,171,3,174
2261204,12,55,85,10,11,173,3,176
2261205,34,159,79,11,3,286,7,293
2261206,19,39,15,3,3,79,3,82
2261207,41,91,43,11,4,190,7,197
2261208,41,64,15,7,4,131,10,141
2261209,41,107,48,9,4,209,5,214
2261210,42,53,10,5,3,113,7,120
2261211,22,96,52,9,3,182,0,182
2261212,72,111,41,6,0,230,22,252
2261301,27,83,49,9,0,168,6,174
2261302,24,79,44,6,0,153,4,157
2261303,19,94,52,6,0,171,7,178
2261304,22,65,39,4,0,130,4,134
2261305,33,96,61,8,6,204,9,213
2261306,19,51,33,3,0,106,4,110
2261307,37,164,79,6,4,290,0,290
2261308,40,109,44,4,0,197,10,207
2261309,15,71,43,3,3,135,4,139
2261401,35,103,43,11,3,195,3,198
2261402,23,59,34,9,0,125,0,125
2261403,8,48,39,8,5,108,6,114
2261404,13,60,40,5,0,118,5,123
2261405,45,63,20,7,0,135,3,138
2261406,26,111,43,6,0,186,5,191
2261407,40,24,14,0,0,78,11,89
2261408,24,58,29,3,0,114,6,120
2261409,52,106,42,9,0,209,8,217
2261410,7,68,35,6,5,121,4,125
2261411,36,103,36,9,3,187,10,197
2261412,78,10,0,0,0,88,16,104
2261413,132,41,8,0,3,184,27,211
2261501,39,91,45,13,0,188,4,192
2261502,37,76,35,15,0,163,7,170
2261503,33,81,66,10,3,193,8,201
2261504,27,64,28,6,0,125,0,125
2261505,103,57,17,0,3,180,20,200
2261506,87,66,21,4,0,178,10,188
2261601,24,96,41,4,0,165,12,177
2261602,42,140,62,10,0,254,3,257
2261603,26,64,38,6,0,134,7,141
2261604,37,86,48,8,0,179,8,187
2261605,30,96,58,10,0,194,11,205
2261606,15,41,34,3,0,93,3,96
2261607,44,89,21,10,0,164,8,172
2261608,20,48,18,0,0,86,0,86
2261609,51,111,42,5,0,209,7,216
2261610,31,90,38,3,0,162,0,162
2261701,0,26,53,14,4,97,0,97
2261702,21,69,97,29,12,228,8,236
2261703,17,53,103,33,9,215,0,215
2261704,10,61,92,25,13,201,10,211
2261705,3,38,64,16,3,124,4,128
2261706,4,36,75,20,13,148,0,148
2261707,6,37,52,19,7,121,4,125
2261708,20,77,70,18,3,188,12,200
2261709,59,73,76,19,10,237,4,241
2261801,28,65,43,5,5,146,7,153
2261802,10,68,99,25,12,214,4,218
2261803,10,26,48,7,0,91,4,95
2261804,11,81,85,18,3,198,4,202
2261805,5,78,85,24,16,208,7,215
2261806,24,92,113,20,12,261,8,269
2261807,0,14,49,19,13,95,4,99
2261808,3,25,63,22,9,122,3,125
2261809,26,93,92,23,6,240,40,280
2261810,26,89,47,8,4,174,6,180
2261811,28,85,34,12,11,170,9,179
2261901,74,137,100,33,10,354,16,370
2261902,4,33,67,11,10,125,5,130
2261903,51,99,120,27,0,297,0,297
2261904,7,83,73,29,6,198,3,201
2261905,6,55,81,25,6,173,7,180
2261906,29,77,102,28,5,241,10,251
2261907,18,111,122,32,17,300,9,309
2261908,39,114,96,24,7,280,4,284
2261909,40,109,118,17,11,295,5,300
2261910,67,124,89,10,5,295,10,305
2261911,20,109,92,23,12,256,7,263
2270101,19,108,90,26,7,250,12,262
2270102,67,114,93,13,5,292,14,306
2270103,14,61,89,21,4,189,4,193
2270104,10,47,89,36,16,198,9,207
2270105,7,46,54,17,6,130,3,133
2270106,15,46,55,10,0,126,6,132
2270107,16,76,50,9,6,157,4,161
2270108,22,88,90,22,5,227,18,245
2270109,21,57,38,4,0,120,0,120
2270110,30,87,71,12,3,203,12,215
2270111,4,18,42,15,12,91,3,94
2270201,6,58,56,8,4,132,3,135
2270202,13,68,49,14,3,147,11,158
2270203,23,116,78,27,0,244,3,247
2270204,17,51,44,11,0,123,4,127
2270205,47,120,75,7,10,259,13,272
2270206,25,53,52,7,3,140,5,145
2270207,8,37,37,11,0,93,0,93
2270208,20,41,56,4,3,124,3,127
2270209,26,115,75,17,8,241,11,252
2270210,28,93,50,12,0,183,11,194
2270211,8,61,50,15,7,141,0,141
2270212,34,86,82,16,9,227,11,238
2270213,0,0,0,0,0,0,0,0
2270301,42,141,82,15,13,293,10,303
2270302,51,106,84,23,10,274,9,283
2270303,16,111,150,30,20,327,10,337
2270304,33,113,83,14,4,247,11,258
2270305,26,62,55,3,4,150,0,150
2270306,33,98,81,8,7,227,14,241
2270307,17,40,29,4,0,90,0,90
2270308,34,73,28,6,4,145,6,151
2270309,46,96,66,12,4,224,13,237
2270310,28,50,36,0,0,114,10,124
2270311,3,28,26,3,0,60,3,63
2270312,0,23,14,0,0,37,0,37
2270401,11,44,73,15,18,161,8,169
2270402,13,59,54,16,16,158,11,169
2270403,12,52,70,36,23,193,3,196
2270404,25,80,76,24,3,208,7,215
2270405,21,127,101,17,8,274,16,290
2270406,44,75,57,11,4,191,3,194
2270407,35,104,94,25,4,262,17,279
2270408,13,36,62,13,7,131,5,136
2270409,23,73,64,13,11,184,9,193
2270410,30,77,55,14,11,187,12,199
2270501,13,85,59,11,0,168,3,171
2270502,27,78,79,17,0,201,8,209
2270503,26,108,79,12,7,232,5,237
2270504,8,37,74,32,18,169,4,173
2270505,18,81,66,9,6,180,13,193
2270506,18,79,51,8,5,161,4,165
2270507,48,99,31,4,3,185,9,194
2270508,8,42,33,5,3,91,0,91
2270509,18,79,60,14,7,178,4,182
2270510,16,20,21,7,4,68,0,68
2270511,10,33,29,7,0,79,5,84
2270601,10,43,62,6,0,121,4,125
2270602,24,81,67,7,5,184,3,187
2270603,29,69,45,7,5,155,5,160
2270604,39,114,87,19,3,262,13,275
2270605,16,75,69,15,11,186,9,195
2270606,18,80,61,15,4,178,6,184
2270607,46,145,53,11,3,258,11,269
2270608,12,67,77,23,4,183,0,183
2270609,39,153,110,32,7,341,11,352
2270610,36,110,66,14,7,233,9,242
2270611,29,101,51,12,6,199,11,210
2270612,46,94,70,20,3,233,8,241
2270613,15,56,19,9,4,103,3,106
2270701,45,143,111,19,4,322,10,332
2270702,26,97,104,19,6,252,7,259
2270703,25,98,124,31,20,298,5,303
2270704,30,103,85,22,9,249,13,262
2270705,14,83,110,17,13,237,3,240
2270706,13,102,102,25,15,257,12,269
2270707,8,69,80,12,6,175,3,178
2270708,22,82,95,21,11,231,4,235
2270709,7,36,19,10,3,75,5,80
2270710,30,98,92,25,3,248,4,252
2270801,33,112,95,26,7,273,14,287
2270802,17,45,59,18,3,142,5,147
2270803,9,83,149,51,21,313,11,324
2270804,33,99,102,43,15,292,10,302
2270805,11,83,110,28,12,244,10,254
2270806,26,112,98,39,8,283,5,288
2270807,19,77,116,30,10,252,7,259
2270808,17,91,112,33,13,266,6,272
2270809,24,43,39,16,11,133,6,139
2270810,44,105,77,4,0,230,11,241
2270901,72,144,34,7,0,257,11,268
2270902,42,78,30,0,0,150,8,158
2270903,13,113,111,32,7,276,28,304
2270904,23,81,27,8,0,139,14,153
2270905,45,166,43,4,3,261,4,265
2270906,55,122,37,8,7,229,11,240
2270907,33,99,45,0,0,177,0,177
2270908,35,116,50,8,0,209,9,218
2270909,98,153,26,10,0,287,9,296
2270910,34,133,68,11,4,250,10,260
2270911,14,54,14,6,0,88,3,91
2271001,26,60,49,12,0,147,8,155
2271002,75,151,71,9,3,309,7,316
2271003,47,103,46,6,3,205,12,217
2271004,31,91,52,4,0,178,8,186
2271005,34,137,95,27,10,303,16,319
2271006,52,99,71,15,7,244,6,250
2271007,27,128,62,15,4,236,6,242
2271008,60,85,25,3,7,180,10,190
2271009,38,80,43,15,5,181,7,188
2271010,69,111,68,16,0,264,21,285
2271101,26,98,119,23,11,277,7,284
2271102,32,123,112,20,9,296,10,306
2271103,54,100,38,5,0,197,11,208
2271104,51,130,68,14,6,269,14,283
2271105,50,109,67,11,0,237,15,252
2271106,26,78,38,10,5,157,0,157
2271107,35,133,86,4,10,268,8,276
2271108,66,116,53,9,5,249,10,259
2271109,52,102,44,8,6,212,12,224
2271201,16,59,80,9,8,172,9,181
2271202,18,72,152,31,13,286,13,299
2271203,21,106,87,15,8,237,6,243
2271204,21,136,84,9,10,260,8,268
2271205,18,56,68,12,0,154,9,163
2271206,41,192,61,5,7,306,13,319
2271207,27,87,35,4,4,157,0,157
2271208,21,128,97,19,4,269,14,283
2271209,49,118,40,10,0,217,10,227
2271210,9,59,81,9,10,168,3,171
2271211,25,80,43,6,0,154,6,160
2271212,22,85,45,16,6,174,7,181
2271301,61,109,48,9,6,233,11,244
2271302,50,163,86,18,3,320,8,328
2271303,14,49,39,9,0,111,4,115
2271304,16,92,111,37,8,264,7,271
2271305,15,69,73,19,5,181,7,188
2271306,14,57,68,17,4,160,7,167
2271307,20,108,123,28,12,291,7,298
2271308,7,35,69,20,8,139,8,147
2271309,15,64,70,10,4,163,5,168
2271310,49,58,12,6,0,125,3,128
2271311,28,132,91,4,9,264,3,267
2271401,8,52,88,25,5,178,5,183
2271402,6,47,89,22,3,167,6,173
2271403,24,98,130,28,8,288,9,297
2271404,64,52,32,0,3,151,17,168
2271405,15,93,80,31,6,225,12,237
2271406,17,110,143,33,10,313,8,321
2271407,8,77,99,30,7,221,5,226
2271408,38,59,23,9,7,136,17,153
2271409,17,98,113,31,13,272,5,277
2271410,8,75,85,22,8,198,3,201
2271411,13,53,88,11,0,165,4,169
2271412,15,56,100,18,9,198,4,202
2271501,4,43,108,33,16,204,6,210
2271502,0,15,35,16,4,70,0,70
2271503,6,63,58,14,5,146,7,153
2271504,9,73,74,13,7,176,11,187
2271505,18,110,111,24,8,271,16,287
2271506,13,96,103,17,3,232,4,236
2271507,5,81,108,20,8,222,5,227
2271508,3,46,67,12,11,139,4,143
2271509,16,50,46,14,9,135,12,147
2271510,9,52,52,4,6,123,8,131
2271511,15,77,72,19,5,188,8,196
2271601,4,69,95,47,16,231,4,235
2271602,14,57,61,13,0,145,10,155
2271603,13,75,77,6,11,182,5,187
2271604,13,86,122,25,16,262,14,276
2271605,4,47,126,32,11,220,4,224
2271606,9,57,102,22,12,202,6,208
2271607,8,62,86,12,9,177,6,183
2271608,14,121,120,38,13,306,9,315
2271609,6,50,67,22,7,152,4,156
2271610,12,64,73,17,6,172,9,181
2271701,11,78,141,43,8,281,8,289
2271702,3,56,70,31,5,165,3,168
2271703,3,62,143,35,17,260,5,265
2271704,0,56,85,29,10,180,4,184
2271705,3,35,71,14,6,129,0,129
2271706,8,60,144,41,20,273,4,277
2271707,16,85,141,39,8,289,10,299
2271708,5,63,100,16,12,196,10,206
2271709,9,31,50,14,3,107,3,110
2271710,9,65,85,8,5,172,6,178
2271711,8,66,120,44,15,253,3,256
2271801,18,69,121,21,13,242,4,246
2271802,16,94,118,29,10,267,8,275
2271803,31,45,30,4,3,113,15,128
2271804,6,51,60,15,5,137,4,141
2271805,11,71,107,22,8,219,12,231
2271806,7,84,125,27,9,252,3,255
2271807,11,84,110,33,14,252,8,260
2271808,10,107,146,45,7,315,11,326
2271809,15,65,116,18,12,226,9,235
2271810,6,40,63,12,10,131,0,131
2271811,8,84,140,24,7,263,11,274
2271901,0,35,85,21,14,155,5,160
2271902,18,122,131,36,15,322,7,329
2271903,16,69,66,13,5,169,11,180
2271904,8,125,121,24,7,285,10,295
2271905,3,53,77,30,8,171,3,174
2271906,12,54,110,42,10,228,11,239
2271907,7,81,129,32,20,269,9,278
2271908,13,71,119,32,8,243,8,251
2271909,0,21,39,3,0,63,0,63
2271910,3,47,56,13,10,129,0,129
2271911,3,41,83,21,10,158,3,161
2272001,19,65,99,28,10,221,3,224
2272002,0,53,109,27,22,211,0,211
2272003,6,60,93,16,15,190,5,195
2272004,15,62,130,36,15,258,6,264
2272005,7,59,130,49,20,265,8,273
2272006,5,48,128,25,9,215,4,219
2272007,7,64,134,29,12,246,6,252
2272008,5,45,96,24,15,185,9,194
2272101,17,97,146,26,7,293,11,304
2272102,13,89,114,28,8,252,9,261
2272103,5,35,65,12,9,126,5,131
2272104,0,39,67,7,5,118,4,122
2272105,22,85,86,21,4,218,6,224
2272106,31,100,77,18,4,230,14,244
2272107,14,106,114,29,8,271,5,276
2272108,3,19,25,9,3,59,5,64
2272109,10,66,65,15,4,160,3,163
2272110,27,90,52,18,3,190,7,197
2272111,13,19,32,9,0,73,4,77
2272112,15,56,80,9,5,165,0,165
2272201,23,100,92,12,12,239,10,249
2272202,12,34,66,22,4,138,3,141
2272203,11,51,66,10,5,143,6,149
2272204,12,90,115,18,10,245,8,253
2272205,13,98,106,28,10,255,5,260
2272206,27,79,66,16,9,197,8,205
2272207,10,34,37,9,3,93,5,98
2272208,38,76,70,14,6,204,10,214
2272209,43,83,82,11,0,219,20,239
2272210,4,67,69,19,14,173,0,173
2272301,19,123,164,43,7,356,8,364
2272302,6,51,62,10,7,136,3,139
2272303,9,49,60,16,13,147,0,147
2272304,18,70,88,25,6,207,6,213
2272305,32,129,138,31,3,333,11,344
2272306,33,125,125,25,6,314,5,319
2272307,13,71,101,13,0,198,7,205
2272308,19,75,86,10,5,195,4,199
2272309,13,41,72,5,6,137,5,142
2272310,12,55,45,18,10,140,5,145
2272311,18,122,136,34,16,326,12,338
2272401,20,100,143,39,17,319,10,329
2272402,17,68,61,11,6,163,6,169
2272403,21,71,67,19,7,185,10,195
2272404,29,76,96,14,7,222,7,229
2272405,8,83,101,25,12,229,8,237
2272406,19,100,84,29,13,245,0,245
2272407,18,113,133,32,14,310,10,320
2272408,15,99,108,37,8,267,8,275
2272409,10,57,67,18,8,160,10,170
2272410,19,67,72,15,0,173,5,178
2272411,19,111,106,31,13,280,6,286
2272412,6,54,59,19,11,149,9,158
2272413,0,51,58,17,7,133,0,133
2272414,13,56,97,24,7,197,8,205
2272501,16,62,77,14,6,175,4,179
2272502,19,87,87,19,0,212,8,220
2272503,35,124,122,35,13,329,6,335
2272504,6,82,91,11,5,195,9,204
2272505,29,93,109,20,6,257,8,265
2272506,25,100,70,13,5,213,6,219
2272507,12,107,95,18,10,242,7,249
2272508,30,90,67,24,11,222,9,231
2272509,28,93,86,16,5,228,10,238
2272510,12,41,36,9,0,98,8,106
2272511,3,49,42,11,3,108,5,113
2272512,14,29,41,6,7,97,0,97
2272601,13,39,45,9,0,106,5,111
2272602,16,71,83,15,5,190,5,195
2272603,12,84,111,22,3,232,3,235
2272604,26,114,126,27,6,299,13,312
2272605,14,100,79,20,5,218,10,228
2272606,48,90,65,17,6,226,12,238
2272607,40,84,74,23,3,224,9,233
2272608,12,54,60,21,5,152,6,158
2272609,17,89,73,15,0,194,10,204
2272610,19,51,65,14,10,159,6,165
2272611,3,26,46,12,10,97,3,100
2272612,14,41,62,23,7,147,3,150
2272613,0,32,57,4,6,99,0,99
2272614,98,144,18,0,0,260,37,297
2272701,18,103,95,21,11,248,5,253
2272702,10,73,75,17,0,175,0,175
2272703,17,116,118,20,15,286,11,297
2272704,13,76,46,14,0,149,0,149
2272705,14,45,31,12,5,107,4,111
2272706,25,137,152,21,11,346,11,357
2272707,22,92,54,17,5,190,8,198
2272708,18,74,86,22,7,207,8,215
2272709,25,96,102,27,8,258,11,269
2272710,10,55,83,11,5,164,0,164
2272801,18,93,110,26,8,255,8,263
2272802,12,52,58,15,4,141,4,145
2272803,10,96,95,28,9,238,10,248
2272804,15,78,115,15,14,237,7,244
2272805,13,77,95,19,7,211,4,215
2272806,18,86,104,21,9,238,11,249
2272807,13,97,124,42,10,286,5,291
2272808,11,69,75,13,4,172,7,179
2272809,20,101,110,31,12,274,10,284
2272810,10,100,138,35,18,301,12,313
2272901,8,70,103,41,13,235,9,244
2272902,0,27,61,17,14,119,4,123
2272903,32,76,96,18,9,231,8,239
2272904,17,93,106,10,11,237,5,242
2272905,21,77,115,25,6,244,5,249
2272906,23,91,97,20,12,243,8,251
2272907,34,103,135,27,10,309,9,318
2272908,16,111,170,33,11,341,5,346
2272909,32,93,165,34,14,338,14,352
2272910,10,18,17,5,5,55,4,59
2273001,62,54,45,3,0,164,10,174
2273002,16,84,108,19,10,237,9,246
2273003,19,63,67,19,5,173,8,181
2273004,21,101,96,23,10,251,3,254
2273005,11,43,99,21,11,185,0,185
2273006,6,53,99,23,20,201,5,206
2273007,14,89,89,9,0,201,9,210
2273008,5,33,53,4,0,95,6,101
2273009,0,22,47,4,5,78,5,83
2273101,0,26,87,30,15,158,6,164
2273102,13,91,137,39,20,300,11,311
2273103,11,99,135,41,14,300,7,307
2273104,9,77,100,26,7,219,5,224
2273105,12,53,34,7,0,106,4,110
2273106,14,83,80,10,8,195,7,202
2273107,7,99,116,30,4,256,8,264
2273108,11,51,81,22,8,173,0,173
2273109,11,22,25,3,0,61,0,61
2273110,22,61,27,11,0,121,9,130
2273201,16,86,110,29,9,250,7,257
2273202,19,109,89,21,3,241,3,244
2273203,21,109,106,23,8,267,7,274
2273204,8,75,48,10,6,147,3,150
2273205,9,50,83,16,4,162,8,170
2273206,29,98,66,17,5,215,5,220
2273207,4,37,48,18,8,115,6,121
2273208,10,72,122,23,12,239,4,243
2273209,21,152,126,22,8,329,14,343
2273210,9,33,51,14,0,107,4,111
2273211,10,58,101,13,13,195,0,195
2273301,17,64,89,17,6,193,3,196
2273302,11,101,118,19,7,256,3,259
2273303,53,130,121,21,10,335,16,351
2273304,21,102,89,24,5,241,5,246
2273305,22,85,34,9,3,153,10,163
2273306,28,99,107,19,5,258,7,265
2273307,26,117,121,21,9,294,12,306
2273308,21,73,79,26,5,204,11,215
2273309,13,65,69,18,3,168,4,172
2273310,26,105,92,15,3,241,10,251
2273311,18,70,72,15,7,182,3,185
2273401,78,149,99,21,7,354,13,367
2273402,20,93,78,14,3,208,8,216
2273403,8,59,72,15,6,160,8,168
2273404,56,87,58,7,5,213,14,227
2273405,58,90,62,16,5,231,18,249
2273406,18,109,89,18,0,234,10,244
2273407,36,85,94,15,0,230,8,238
2273408,6,48,74,24,5,157,6,163
2273409,31,131,128,21,8,319,9,328
2273410,25,125,91,34,12,287,11,298
2273411,27,112,79,15,9,242,7,249
2273412,30,76,104,18,5,233,5,238
2273413,24,92,69,17,6,208,14,222
2273414,23,85,98,18,12,236,7,243
2273415,11,53,61,18,4,147,5,152
2280101,39,62,9,0,3,113,7,120
2280102,22,90,19,3,0,134,0,134
2280103,25,84,22,0,3,134,5,139
2280104,39,115,58,4,6,222,7,229
2280105,12,89,30,0,3,134,4,138
2280106,38,137,56,11,5,247,9,256
2280107,21,91,54,12,4,182,3,185
2280108,19,40,29,3,3,94,3,97
2280109,18,53,38,8,0,117,0,117
2280110,20,81,33,0,5,139,0,139
2280111,0,36,19,0,0,55,0,55
2280112,35,30,9,3,0,77,0,77
2280113,44,84,25,4,0,157,12,169
2280114,26,33,9,0,0,68,3,71
2280115,0,0,0,0,0,0,0,0
2280116,22,84,31,0,0,137,0,137
2280117,34,64,13,0,0,111,7,118
2280118,22,36,12,0,0,70,6,76
2280201,36,108,48,11,0,203,9,212
2280202,108,145,42,0,4,299,9,308
2280203,49,95,28,0,0,172,5,177
2280204,34,82,30,0,0,146,5,151
2280205,35,112,45,6,3,201,4,205
2280206,44,78,39,0,0,161,0,161
2280207,24,64,20,3,0,111,3,114
2280208,47,93,39,6,3,188,7,195
2280209,24,56,22,5,0,107,4,111
2280210,29,63,25,3,0,120,8,128
2280211,47,81,25,0,0,153,0,153
2280212,11,25,7,5,0,48,3,51
2280301,36,95,67,5,0,203,7,210
2280302,32,49,31,5,3,120,5,125
2280303,42,77,31,3,0,153,9,162
2280304,54,124,61,6,0,245,5,250
2280305,36,96,59,15,3,209,10,219
2280306,53,136,50,4,4,247,14,261
2280307,34,90,24,5,0,153,0,153
2280308,36,97,46,6,0,185,10,195
2280309,46,122,55,12,0,235,12,247
2280310,19,46,9,0,0,74,4,78
2280311,57,61,15,3,3,139,8,147
2280312,40,84,29,8,3,164,3,167
2280401,46,93,36,0,4,179,6,185
2280402,39,81,32,7,3,162,11,173
2280403,76,118,49,10,0,253,10,263
2280404,28,117,53,3,0,201,6,207
2280405,36,111,51,3,4,205,3,208
2280406,35,132,68,5,10,250,10,260
2280407,40,109,87,14,4,254,10,264
2280408,47,103,21,0,6,177,3,180
2280409,35,159,71,6,0,271,4,275
2280410,37,100,34,0,0,171,7,178
2280411,17,55,18,0,3,93,4,97
2280412,40,83,30,0,3,156,0,156
2280413,31,74,27,6,0,138,17,155
2280414,16,28,17,0,6,67,3,70
2280415,54,114,33,0,0,201,11,212
2280501,55,117,24,6,0,202,7,209
2280502,78,83,27,5,0,193,7,200
2280503,35,118,42,10,3,208,10,218
2280504,28,47,27,4,3,109,0,109
2280505,47,95,24,0,0,166,14,180
2280506,80,179,50,9,0,318,15,333
2280507,51,53,18,3,0,125,12,137
2280508,44,57,9,5,0,115,8,123
2280509,10,29,24,3,0,66,5,71
2280510,115,7,0,0,3,125,37,162
2280601,59,100,40,6,0,205,12,217
2280602,95,127,48,8,6,284,17,301
2280603,61,122,48,5,0,236,6,242
2280604,56,98,32,5,0,191,11,202
2280605,30,79,24,7,4,144,5,149
2280606,44,71,13,0,3,131,3,134
2280607,9,28,13,0,0,50,0,50
2280608,70,103,29,4,0,206,6,212
2280609,42,55,14,0,3,114,4,118
2280701,49,87,32,3,0,171,12,183
2280702,36,56,24,0,0,116,0,116
2280703,29,53,22,3,0,107,4,111
2280704,51,134,51,5,7,248,11,259
2280705,43,126,88,16,4,277,16,293
2280706,16,70,74,15,0,175,10,185
2280707,35,89,44,0,4,172,8,180
2280708,47,89,21,4,0,161,3,164
2280709,19,56,24,3,0,102,3,105
2280710,24,76,37,4,4,145,0,145
2280711,23,45,4,0,0,72,0,72
2280801,29,137,104,16,4,290,7,297
2280802,33,96,54,10,5,198,11,209
2280803,59,124,64,4,0,251,5,256
2280804,42,117,66,9,4,238,7,245
2280805,34,118,44,4,0,200,7,207
2280806,55,128,77,3,0,263,11,274
2280807,27,116,57,12,3,215,9,224
2280808,28,74,45,7,4,158,6,164
2280809,28,72,51,12,0,163,4,167
2280810,35,85,32,5,3,160,4,164
2280901,28,73,37,5,0,143,9,152
2280902,33,68,35,6,0,142,4,146
2280903,39,69,37,4,4,153,4,157
2280904,40,96,53,5,6,200,6,206
2280905,36,55,27,0,0,118,3,121
2280906,12,44,11,7,0,74,4,78
2280907,64,99,36,5,0,204,9,213
2280908,54,122,45,6,0,227,8,235
2280909,20,42,20,5,0,87,0,87
2280910,46,82,39,7,3,177,11,188
2280911,38,102,45,7,3,195,11,206
2280912,52,127,69,14,3,265,3,268
2281001,7,49,52,5,0,113,4,117
2281002,16,83,72,9,3,183,13,196
2281003,31,95,68,4,0,198,8,206
2281004,51,136,59,9,0,255,8,263
2281005,12,85,45,10,0,152,3,155
2281006,17,47,39,6,4,113,3,116
2281007,55,126,46,4,6,237,8,245
2281008,24,83,50,5,6,168,4,172
2281009,29,123,74,10,3,239,7,246
2281010,23,72,23,3,0,121,4,125
2281101,17,68,57,11,3,156,10,166
2281102,22,100,51,0,5,178,12,190
2281103,33,105,65,7,0,210,9,219
2281104,18,91,68,17,4,198,0,198
2281105,14,69,32,5,0,120,0,120
2281106,8,48,47,0,0,103,7,110
2281107,22,117,81,6,0,226,5,231
2281108,45,204,74,8,4,335,18,353
2281109,39,135,58,7,3,242,10,252
2281110,13,79,36,4,3,135,5,140
2281201,52,63,29,7,6,157,14,171
2281202,33,121,73,15,3,245,5,250
2281203,30,81,50,7,4,172,7,179
2281204,60,105,74,15,0,254,21,275
2281205,32,84,83,10,4,213,4,217
2281206,32,80,76,19,9,216,12,228
2281207,36,67,56,6,0,165,11,176
2281208,0,0,0,0,0,0,0,0
2281301,95,61,12,0,3,171,18,189
2281302,138,57,7,0,0,202,26,228
2281303,96,119,75,9,7,306,12,318
2281304,66,48,20,0,0,134,19,153
2281305,32,80,42,16,0,170,9,179
2281306,0,11,8,0,0,19,0,19
2281401,25,71,33,8,0,137,3,140
2281402,50,105,52,9,0,216,5,221
2281403,37,106,35,5,0,183,7,190
2281404,22,134,42,11,6,215,4,219
2281405,26,75,56,12,3,172,3,175
2281406,21,96,67,7,3,194,4,198
2281407,31,140,59,7,4,241,0,241
2281408,0,0,0,0,0,0,0,0
2281409,7,54,22,3,0,86,5,91
2281410,13,37,30,3,0,83,0,83
2281411,80,199,52,6,0,337,13,350
2281412,10,54,25,3,0,92,3,95
2281413,24,82,32,4,0,142,3,145
2281414,21,116,47,5,0,189,4,193
2281415,24,45,9,0,0,78,0,78
2281416,44,155,61,6,3,269,3,272
2281417,64,168,48,4,0,284,9,293
2281418,20,63,31,0,0,114,4,118
2281419,13,98,44,0,0,155,0,155
2281420,9,26,9,4,0,48,0,48
2281501,30,112,69,14,0,225,6,231
2281502,25,107,80,6,5,223,3,226
2281503,22,68,67,9,0,166,3,169
2281504,11,79,56,12,0,158,5,163
2281505,22,100,78,26,9,235,8,243
2281506,9,53,28,5,3,98,3,101
2281507,8,37,37,4,0,86,0,86
2281508,14,92,75,13,3,197,5,202
2281509,28,122,86,10,4,250,5,255
2281601,17,57,56,7,5,142,5,147
2281602,17,93,58,15,0,183,12,195
2281603,19,46,46,10,4,125,4,129
2281604,7,50,48,12,7,124,0,124
2281605,7,34,23,12,0,76,3,79
2281606,20,64,37,5,0,126,3,129
2281607,26,113,76,10,3,228,6,234
2281608,19,71,63,7,0,160,0,160
2281609,51,112,71,7,3,244,14,258
2281610,72,57,31,4,5,169,16,185
2281611,5,26,18,3,0,52,6,58
2281701,15,66,64,8,4,157,3,160
2281702,9,25,28,13,5,80,3,83
2281703,96,102,85,13,0,296,25,321
2281704,31,95,63,8,0,197,9,206
2281705,17,102,51,6,5,181,8,189
2281706,10,40,37,5,0,92,4,96
2281707,12,75,54,8,3,152,7,159
2281708,20,47,32,3,0,102,3,105
2281709,16,54,56,11,4,141,9,150
2281710,72,48,20,0,0,140,14,154
2281711,18,71,32,9,0,130,0,130
2281712,10,33,20,5,0,68,5,73
2281801,21,94,71,7,0,193,6,199
2281802,54,63,28,4,0,149,6,155
2281803,11,89,72,7,3,182,10,192
2281804,25,92,60,12,0,189,9,198
2281805,38,61,40,4,5,148,4,152
2281806,34,79,44,10,4,171,8,179
2281807,15,84,47,12,0,158,4,162
2281808,14,86,62,14,0,176,4,180
2281809,45,63,25,4,0,137,10,147
2281810,6,79,83,16,4,188,0,188
2281811,19,61,42,4,0,126,0,126
2281812,37,135,88,9,0,269,14,283
2281813,5,65,53,0,0,123,3,126
2281814,4,92,107,12,4,219,6,225
2281815,68,71,37,6,0,182,19,201
2281816,11,79,81,14,4,189,0,189
2281817,24,69,38,3,0,134,5,139
2281818,10,131,95,10,3,249,6,255
2281819,11,67,36,0,0,114,0,114
2281820,11,103,68,6,0,188,6,194
2281821,18,128,85,5,8,244,4,248
2281822,14,159,106,10,0,289,8,297
2290103,38,108,70,11,0,227,6,233
2290104,24,68,19,0,0,111,9,120
2290105,30,137,69,11,0,247,12,259
2290106,16,44,29,6,0,95,3,98
2290107,45,63,34,6,0,148,6,154
2290108,36,123,105,23,5,292,5,297
2290109,38,95,59,4,0,196,13,209
2290110,23,160,109,24,0,316,6,322
2290111,15,122,79,9,0,225,5,230
2290112,128,39,3,0,0,170,37,207
2290113,15,96,104,25,0,240,4,244
2290201,61,100,46,7,0,214,3,217
2290202,47,97,67,11,4,226,8,234
2290203,29,111,74,15,4,233,10,243
2290204,45,125,82,11,3,266,11,277
2290205,37,76,29,14,3,159,11,170
2290206,15,52,26,7,0,100,4,104
2290207,15,67,40,9,3,134,0,134
2290208,19,110,70,7,0,206,6,212
2290209,70,102,34,5,4,215,3,218
2290210,24,75,54,11,4,168,8,176
2290211,32,38,33,3,0,106,7,113
2290212,19,88,59,16,0,182,10,192
2290213,56,74,39,4,0,173,11,184
2290214,6,48,27,0,0,81,3,84
2290301,45,109,84,16,6,260,3,263
2290302,33,99,74,11,3,220,6,226
2290303,64,143,66,8,5,286,12,298
2290304,32,111,52,12,0,207,10,217
2290305,35,117,57,6,3,218,11,229
2290306,67,96,56,10,4,233,12,245
2290307,62,86,42,7,0,197,9,206
2290308,15,46,20,8,4,93,4,97
2290309,19,34,24,8,0,85,5,90
2290310,22,49,38,7,0,116,6,122
2290311,20,36,20,6,0,82,3,85
2290401,36,65,32,9,0,142,0,142
2290402,51,87,41,0,0,179,18,197
2290403,50,83,29,0,3,165,3,168
2290404,95,75,17,4,0,191,9,200
2290405,82,101,38,3,0,224,9,233
2290406,96,107,16,0,5,224,12,236
2290407,77,95,39,5,0,216,14,230
2290408,22,82,36,14,0,154,8,162
2290409,32,62,25,5,3,127,4,131
2290410,51,74,35,0,0,160,5,165
2290411,40,81,37,0,0,158,5,163
2290501,31,74,15,8,0,128,4,132
2290502,87,81,34,4,7,213,18,231
2290503,43,74,60,17,8,202,8,210
2290504,27,123,76,15,3,244,3,247
2290505,18,38,19,3,0,78,0,78
2290506,60,81,17,7,0,165,3,168
2290507,61,107,34,5,0,207,13,220
2290508,50,85,36,0,0,171,9,180
2290509,33,60,29,4,0,126,0,126
2290510,38,105,71,15,4,233,3,236
2290511,18,63,34,8,0,123,10,133
2290512,0,0,0,0,0,0,0,0
2290513,10,44,32,4,3,93,3,96
2290514,33,107,40,5,0,185,0,185
2290515,0,0,0,0,0,0,0,0
2290601,58,130,77,15,9,289,15,304
2290602,39,108,49,17,0,213,7,220
2290603,16,108,73,17,0,214,6,220
2290604,45,121,61,12,4,243,15,258
2290605,38,112,72,19,5,246,5,251
2290606,51,107,56,8,3,225,5,230
2290607,46,129,71,14,0,260,7,267
2290608,26,124,52,10,0,212,4,216
2290609,23,68,30,5,3,129,4,133
2290610,62,104,44,5,0,215,5,220
2290611,59,102,53,6,5,225,5,230
2290701,9,27,13,5,0,54,4,58
2290702,95,43,11,3,0,152,18,170
2290703,33,53,15,0,0,101,8,109
2290704,44,75,36,6,0,161,3,164
2290705,164,54,12,0,0,230,5,235
2290706,85,33,7,0,0,125,5,130
2290707,30,45,16,5,0,96,6,102
2290708,23,94,60,7,0,184,8,192
2290709,37,60,22,0,0,119,11,130
2290710,49,40,30,6,0,125,5,130
2290711,26,32,14,0,0,72,4,76
2290712,25,53,23,6,0,107,0,107
2290713,82,82,25,3,4,196,5,201
2290714,106,37,8,0,0,151,6,157
2290715,0,0,0,0,0,0,0,0
2290716,201,23,3,0,0,227,16,243
2290717,222,21,7,3,0,253,9,262
2290718,277,132,16,3,0,428,12,440
2290801,76,8,0,0,4,88,18,106
2290802,93,76,15,0,0,184,32,216
2290803,36,67,20,7,0,130,4,134
2290804,46,54,14,0,0,114,12,126
2290805,61,84,52,8,4,209,8,217
2290806,73,44,0,0,0,117,22,139
2290807,57,82,36,0,0,175,12,187
2290808,0,11,6,0,0,17,3,20
2290809,62,91,31,3,0,187,10,197
2290810,263,67,11,4,0,345,8,353
2290811,80,5,0,0,0,85,3,88
2290812,82,9,0,0,0,91,5,96
2290813,121,9,0,0,0,130,0,130
2290814,88,11,0,0,0,99,0,99
2290815,50,12,0,0,0,62,5,67
2290816,94,76,18,0,0,188,6,194
2290901,100,92,19,3,3,217,6,223
2290902,64,120,59,10,0,253,12,265
2290903,27,99,46,4,0,176,9,185
2290904,48,92,48,10,3,201,5,206
2290905,34,66,33,3,3,139,5,144
2290906,27,81,48,8,0,164,13,177
2290907,16,26,12,0,3,57,6,63
2290908,16,93,58,6,0,173,5,178
2290909,16,70,42,9,3,140,8,148
2290910,47,124,35,7,4,217,5,222
2290911,65,107,27,4,0,203,14,217
2290912,131,33,0,0,0,164,7,171
2290913,76,11,5,0,0,92,5,97
2290914,53,41,13,3,0,110,6,116
2290915,159,61,5,0,0,225,4,229
2290916,72,128,30,0,3,233,17,250
2290917,0,0,0,0,0,0,0,0
2290918,27,62,35,3,0,127,4,131
2290919,136,77,6,0,0,219,13,232
2290920,0,0,0,0,0,0,0,0
2290921,120,79,22,3,4,228,6,234
2290922,140,116,24,0,0,280,3,283
2290923,0,0,0,0,0,0,0,0
2290924,7,22,5,0,0,34,0,34
2290925,29,160,47,3,0,239,9,248
2290926,13,51,23,3,3,93,3,96
2290927,16,74,23,5,0,118,3,121
2290928,13,57,41,0,0,111,0,111
2290930,12,115,52,5,3,187,4,191
2290931,0,31,29,3,0,63,0,63
2290932,0,34,47,5,6,92,0,92
2290933,47,66,22,0,0,135,3,138
2290934,57,88,41,0,0,186,7,193
2290935,57,96,21,0,0,174,8,182
2290936,0,0,0,0,0,0,0,0
2291001,116,74,20,0,0,210,5,215
2291002,156,24,0,0,0,180,16,196
2291003,133,36,13,0,0,182,7,189
2291004,20,6,3,0,0,29,4,33
2291005,62,49,11,0,0,122,3,125
2291006,59,20,11,0,0,90,11,101
2291007,80,5,0,0,0,85,0,85
2291008,73,61,8,0,0,142,5,147
2291009,101,20,0,0,0,121,13,134
2291010,82,38,4,0,0,124,3,127
2291011,177,42,11,0,0,230,12,242
2291012,56,17,5,0,0,78,0,78
2291013,35,73,24,3,0,135,5,140
2291014,147,62,8,0,0,217,13,230
2291015,193,19,7,0,0,219,14,233
2291016,121,147,15,0,0,283,8,291
2291017,76,9,0,0,0,85,4,89
2291018,73,19,0,0,0,92,0,92
2291019,36,14,6,0,0,56,0,56
2291020,163,40,4,0,0,207,5,212
2291021,234,18,0,0,0,252,12,264
2291022,137,35,6,0,0,178,9,187
2291023,0,0,0,0,0,0,0,0
2291024,161,101,24,0,0,286,16,302
2291025,6,31,10,3,3,53,0,53
2291026,101,27,4,0,0,132,10,142
2291027,223,197,14,3,0,437,11,448
2291028,150,24,5,0,0,179,9,188
2291029,55,4,0,0,0,59,0,59
2291030,0,0,0,0,0,0,0,0
2291031,35,76,23,0,0,134,3,137
2291032,47,22,4,0,0,73,5,78
2291033,72,16,4,0,0,92,9,101
2291101,25,55,18,0,3,101,12,113
2291102,24,71,31,0,0,126,4,130
2291103,47,216,63,7,3,336,4,340
2291104,27,72,25,3,0,127,3,130
2291105,13,30,8,0,0,51,0,51
2291106,28,43,28,13,4,116,9,125
2291107,23,83,41,12,5,164,7,171
2291108,59,81,33,7,0,180,6,186
2291109,34,37,8,0,0,79,7,86
2291110,14,28,19,4,0,65,5,70
2291111,39,118,45,6,0,208,3,211
2291112,15,118,60,11,0,204,6,210
2291113,0,0,0,0,0,0,0,0
2291114,10,45,36,12,0,103,0,103
2291115,0,0,0,0,0,0,0,0
2291116,40,47,22,4,0,113,0,113
2291201,23,97,81,10,5,216,5,221
2291202,40,116,39,4,0,199,9,208
2291203,33,58,14,3,3,111,3,114
2291204,23,78,36,0,0,137,0,137
2291205,14,78,31,3,4,130,0,130
2291206,41,122,41,7,0,211,9,220
2291207,25,33,27,3,0,88,3,91
2291208,37,120,38,4,0,199,6,205
2291209,34,76,29,0,0,139,5,144
2291210,36,90,29,11,0,166,3,169
2291211,26,99,48,9,0,182,9,191
2291212,46,81,32,12,0,171,5,176
2291213,3,6,0,0,0,9,0,9
2291214,27,93,40,3,3,166,3,169
2291215,27,81,39,10,5,162,7,169
2291301,7,52,84,14,0,157,6,163
2291302,48,101,22,3,0,174,3,177
2291303,31,135,50,6,0,222,7,229
2291304,47,148,58,8,4,265,9,274
2291306,0,0,0,0,0,0,0,0
2291307,47,128,24,7,0,206,10,216
2291308,0,0,0,0,0,0,0,0
2291309,54,130,33,3,0,220,0,220
2291310,54,87,28,4,3,176,5,181
2291311,22,91,33,6,0,152,0,152
2291312,37,113,56,4,6,216,6,222
2291313,47,161,40,5,0,253,5,258
2291314,89,127,24,0,0,240,9,249
2291315,80,176,55,8,0,319,7,326
2291316,26,86,24,3,0,139,8,147
2291317,44,89,44,5,0,182,4,186
2291318,119,190,42,7,3,361,5,366
2291319,63,88,12,5,0,168,5,173
2291320,83,81,18,4,0,186,5,191
2291321,62,90,22,0,0,174,3,177
2291401,34,37,13,9,3,96,5,101
2291402,29,159,53,10,0,251,8,259
2291403,120,57,7,0,3,187,27,214
2291404,54,63,25,0,0,142,0,142
2291405,102,45,5,0,0,152,25,177
2291406,51,36,5,0,5,97,10,107
2291407,139,58,5,0,0,202,32,234
2291408,21,34,21,3,3,82,0,82
2291409,30,94,35,5,3,167,4,171
2291410,31,46,7,5,0,89,0,89
2291501,25,40,19,3,0,87,9,96
2291502,41,104,38,7,0,190,10,200
2291503,32,70,24,4,4,134,6,140
2291504,35,68,38,5,0,146,9,155
2291505,35,112,64,11,0,222,10,232
2291506,27,48,35,0,0,110,11,121
2291507,43,105,54,10,4,216,15,231
2291508,21,36,17,7,0,81,0,81
2291509,15,48,20,4,0,87,6,93
2291510,19,43,27,5,4,98,5,103
2291601,21,82,47,8,4,162,6,168
2291602,46,121,58,9,4,238,4,242
2291603,33,86,57,8,0,184,9,193
2291604,16,116,97,20,3,252,7,259
2291605,29,74,29,6,0,138,5,143
2291606,34,54,38,6,4,136,8,144
2291607,40,82,44,8,3,177,11,188
2291608,19,65,27,5,0,116,7,123
2291609,54,127,55,4,3,243,12,255
2291701,28,68,37,5,0,138,0,138
2291702,25,91,49,11,0,176,0,176
2291703,20,71,43,11,6,151,0,151
2291704,12,95,63,10,0,180,3,183
2291705,15,99,54,7,0,175,6,181
2291706,23,76,34,16,0,149,3,152
2291707,16,79,75,21,5,196,3,199
2291708,11,94,90,16,7,218,6,224
2291709,25,83,62,20,8,198,6,204
2291710,24,65,54,13,4,160,6,166
2291711,17,83,67,11,0,178,5,183
2291712,12,72,58,10,4,156,7,163
2291713,10,70,68,13,7,168,7,175
2291801,27,76,34,10,0,147,10,157
2291802,75,52,9,3,0,139,19,158
2291803,109,54,9,0,0,172,16,188
2291804,147,67,13,3,0,230,26,256
2291805,56,103,76,16,0,251,10,261
2291806,72,76,38,3,4,193,13,206
2291807,22,48,31,9,0,110,3,113
2291808,60,129,67,16,4,276,14,290
2291809,62,59,6,0,0,127,13,140
2291810,96,55,10,0,0,161,16,177
2291811,116,63,5,0,0,184,14,198
2291812,0,0,0,0,0,0,0,0
2291901,23,76,56,8,5,168,4,172
2291902,9,59,38,8,0,114,6,120
2291903,7,38,19,5,0,69,3,72
2291904,24,88,50,12,0,174,4,178
2291905,36,72,46,8,4,166,6,172
2291906,20,54,27,7,3,111,6,117
2291907,40,137,72,17,0,266,4,270
2291908,29,68,37,12,3,149,11,160
2291909,10,96,51,4,0,161,4,165
2291910,12,22,13,8,4,59,0,59
2291911,0,0,0,0,0,0,0,0
2292001,10,92,24,3,5,134,4,138
2292002,33,83,33,11,4,164,3,167
2292003,59,123,58,3,5,248,5,253
2292004,28,72,47,8,6,161,9,170
2292005,34,89,45,12,0,180,5,185
2292006,48,121,63,12,0,244,9,253
2292007,49,117,51,4,3,224,11,235
2292008,51,75,44,10,3,183,12,195
2292009,28,85,44,5,0,162,6,168
2292010,21,40,27,11,3,102,5,107
2292011,17,117,45,4,0,183,0,183
2292101,29,76,34,9,3,151,10,161
2292102,25,82,38,4,5,154,7,161
2292103,44,82,37,10,0,173,7,180
2292104,10,64,37,4,4,119,8,127
2292105,28,90,58,7,0,183,5,188
2292106,44,139,85,9,3,280,10,290
2292107,32,88,43,4,3,170,4,174
2292108,36,144,75,8,4,267,7,274
2292109,81,111,44,5,0,241,13,254
2292110,23,62,33,7,4,129,3,132
2292111,38,108,60,12,3,221,11,232
2292112,29,63,37,5,3,137,4,141
2292113,37,60,34,9,5,145,9,154
2292114,26,33,19,0,0,78,4,82
2292115,0,0,0,0,0,0,0,0
2292201,36,98,69,16,6,225,11,236
2292202,39,145,97,22,3,306,5,311
2292203,55,74,28,11,0,168,9,177
2292204,27,110,68,17,5,227,5,232
2292205,71,43,11,5,0,130,14,144
2292206,63,72,20,10,0,165,8,173
2292301,61,140,41,7,3,252,11,263
2292302,50,88,56,8,0,202,9,211
2292303,37,121,55,8,0,221,5,226
2292304,17,109,70,5,0,201,8,209
2292305,29,130,67,15,0,241,12,253
2292306,24,69,28,3,3,127,3,130
2292307,34,83,47,10,0,174,9,183
2292308,23,67,23,0,0,113,6,119
2292309,46,78,24,7,5,160,5,165
2292310,98,96,28,3,0,225,11,236
2292311,47,90,41,9,0,187,6,193
2292401,37,95,48,7,0,187,21,208
2292402,87,61,11,0,0,159,16,175
2292403,43,117,44,3,0,207,13,220
2292404,60,129,52,11,3,255,8,263
2292405,33,73,24,0,5,135,9,144
2292406,13,32,33,10,0,88,0,88
2292407,60,79,29,4,0,172,5,177
2292408,96,58,6,0,0,160,13,173
2292409,26,30,16,3,0,75,4,79
2292410,75,35,4,0,0,114,19,133
2292411,90,61,7,0,4,162,18,180
2300101,42,84,52,13,3,194,19,213
2300102,18,50,42,18,3,131,3,134
2300103,34,107,86,28,10,265,8,273
2300104,41,79,38,0,0,158,13,171
2300105,59,92,50,13,3,217,11,228
2300106,13,57,42,9,7,128,14,142
2300107,77,90,24,6,3,200,13,213
2300108,44,85,65,4,4,202,11,213
2300109,40,30,11,4,5,90,4,94
2300110,69,86,22,4,0,181,18,199
2300111,4,20,35,6,0,65,4,69
2300112,23,75,91,27,10,226,8,234
2300113,14,42,38,6,3,103,7,110
2300114,21,132,103,11,3,270,12,282
2300115,3,42,67,19,6,137,3,140
2300201,25,35,21,6,0,87,5,92
2300202,45,104,79,19,4,251,19,270
2300203,25,57,47,5,3,137,9,146
2300204,49,81,28,3,3,164,22,186
2300205,23,62,39,12,0,136,6,142
2300206,32,82,31,10,0,155,5,160
2300207,19,48,17,0,4,88,6,94
2300208,35,67,37,20,4,163,7,170
2300209,38,74,32,0,0,144,7,151
2300210,44,96,44,12,4,200,7,207
2300211,49,67,37,13,0,166,8,174
2300212,58,87,31,6,0,182,21,203
2300213,99,48,15,5,6,173,25,198
2300214,11,74,49,12,4,150,9,159
2300301,62,79,40,10,0,191,12,203
2300302,64,70,23,5,3,165,13,178
2300303,12,41,29,0,0,82,3,85
2300304,71,108,60,6,4,249,11,260
2300305,45,68,30,9,3,155,11,166
2300306,31,79,28,8,0,146,12,158
2300307,28,46,23,0,0,97,8,105
2300308,117,125,57,17,0,316,21,337
2300309,52,88,31,6,4,181,8,189
2300401,21,47,40,13,8,129,7,136
2300402,31,104,100,21,9,265,11,276
2300403,37,104,75,19,9,244,4,248
2300404,52,94,76,19,4,245,20,265
2300405,73,87,30,8,4,202,20,222
2300406,33,98,64,15,6,216,10,226
2300407,61,153,76,17,6,313,23,336
2300408,15,79,79,16,0,189,10,199
2300409,42,97,83,17,0,239,15,254
2300410,23,55,23,8,0,109,15,124
2300411,35,79,44,12,4,174,9,183
2300412,28,38,29,5,4,104,6,110
2300413,17,55,38,10,0,120,12,132
2300501,53,89,30,0,0,172,5,177
2300502,21,59,26,3,0,109,10,119
2300503,39,91,71,11,0,212,10,222
2300504,26,107,83,14,5,235,5,240
2300505,42,126,106,13,7,294,11,305
2300506,43,114,68,7,0,232,13,245
2300507,55,125,76,9,0,265,12,277
2300508,53,134,94,13,6,300,15,315
2300509,44,75,34,9,5,167,9,176
2300510,16,34,24,5,0,79,4,83
2300511,14,48,26,8,0,96,5,101
2300512,28,88,45,4,0,165,6,171
2300601,51,106,35,9,3,204,14,218
2300602,27,99,75,6,0,207,8,215
2300603,25,93,89,11,4,222,6,228
2300604,28,86,34,11,0,159,7,166
2300605,14,105,91,14,3,227,8,235
2300606,28,69,37,7,0,141,10,151
2300607,5,41,44,13,0,103,6,109
2300608,16,62,49,6,3,136,5,141
2300609,23,95,62,16,0,196,6,202
2300610,53,150,66,11,8,288,27,315
2300611,21,79,43,11,5,159,3,162
2300701,28,114,89,17,3,251,9,260
2300702,41,136,72,12,5,266,18,284
2300703,51,145,74,13,5,288,12,300
2300704,43,168,78,7,0,296,8,304
2300705,34,111,70,10,6,231,11,242
2300706,51,131,97,15,4,298,9,307
2300707,32,117,90,13,5,257,20,277
2300708,29,87,58,11,7,192,9,201
2300709,18,69,46,11,0,144,0,144
2300710,0,0,0,0,0,0,0,0
2300801,32,76,90,13,0,211,13,224
2300802,41,112,85,16,9,263,11,274
2300803,12,55,53,3,5,128,4,132
2300804,33,109,126,15,7,290,10,300
2300805,23,73,58,13,5,172,7,179
2300806,30,101,89,21,5,246,10,256
2300807,45,114,85,26,8,278,27,305
2300808,38,101,63,24,10,236,15,251
2300809,11,20,13,3,0,47,0,47
2300810,10,53,62,13,5,143,9,152
2300811,0,0,0,0,0,0,0,0
2300812,11,17,15,5,4,52,0,52
2300813,0,0,0,0,0,0,0,0
2300901,14,29,31,6,0,80,11,91
2300902,27,108,112,24,9,280,19,299
2300903,30,95,67,14,0,206,14,220
2300904,25,132,126,30,10,323,9,332
2300905,35,108,94,19,10,266,8,274
2300906,41,117,126,14,6,304,14,318
2300907,36,101,87,16,14,254,9,263
2300908,8,74,61,12,4,159,3,162
2300909,16,84,59,6,6,171,5,176
2300910,19,78,52,13,3,165,8,173
2300911,0,0,0,0,0,0,0,0
2301001,19,100,117,23,12,271,13,284
2301002,18,42,49,9,0,118,5,123
2301003,30,127,135,23,8,323,3,326
2301004,27,91,99,25,3,245,8,253
2301005,22,105,119,27,5,278,6,284
2301006,21,100,99,17,3,240,9,249
2301007,35,126,88,15,13,277,0,277
2301008,18,101,97,14,4,234,4,238
2301009,28,61,44,5,3,141,5,146
2301101,36,125,163,37,13,374,16,390
2301102,19,88,139,30,19,295,8,303
2301103,27,62,61,22,4,176,3,179
2301104,61,68,55,6,5,195,6,201
2301105,32,103,65,13,0,213,5,218
2301106,78,99,83,13,6,279,14,293
2301107,41,119,98,21,11,290,9,299
2301108,16,99,138,30,3,286,6,292
2301109,7,91,112,34,11,255,5,260
2301110,47,122,76,6,10,261,15,276
2301111,15,42,50,20,0,127,4,131
2301112,19,77,132,28,9,265,12,277
2301113,0,62,120,38,11,231,3,234
2301201,12,56,43,9,6,126,6,132
2301202,18,75,58,10,12,173,14,187
2301203,25,84,89,6,5,209,7,216
2301204,37,126,68,12,7,250,13,263
2301205,19,98,90,17,3,227,6,233
2301206,30,101,76,10,3,220,6,226
2301207,20,106,94,17,3,240,6,246
2301208,73,138,89,31,5,336,19,355
2301209,26,104,97,16,13,256,11,267
2301210,46,106,72,13,0,237,14,251
2301211,0,0,0,0,0,0,0,0
2301212,0,0,0,0,0,0,0,0
2301213,0,0,3,0,0,3,0,3
2301214,0,58,123,27,10,218,5,223
2301301,16,37,43,13,9,118,7,125
2301302,41,128,107,23,4,303,16,319
2301303,9,47,35,6,8,105,0,105
2301304,57,125,65,13,3,263,29,292
2301305,35,129,100,17,9,290,10,300
2301306,27,131,91,23,10,282,15,297
2301307,26,94,65,21,4,210,13,223
2301308,21,84,96,18,12,231,16,247
2301309,6,40,49,16,5,116,9,125
2301310,24,77,68,22,10,201,11,212
2301311,14,73,45,17,10,159,6,165
2301401,32,109,61,22,13,237,11,248
2301402,35,86,50,16,8,195,8,203
2301403,24,88,73,21,9,215,16,231
2301404,33,125,92,26,8,284,23,307
2301405,32,120,99,21,14,286,13,299
2301406,50,73,38,13,0,174,15,189
2301407,18,66,51,12,4,151,0,151
2301408,35,102,67,11,6,221,9,230
2301409,18,76,91,22,7,214,10,224
2301410,37,89,47,16,5,194,9,203
2301411,3,24,12,12,5,56,0,56
2301501,42,123,56,13,8,242,12,254
2301502,24,87,65,13,5,194,9,203
2301503,23,103,79,17,6,228,6,234
2301504,4,34,33,10,5,86,3,89
2301505,28,106,83,21,5,243,13,256
2301506,16,96,101,27,12,252,8,260
2301507,12,50,36,6,3,107,7,114
2301508,21,92,57,10,8,188,10,198
2301509,22,62,49,13,0,146,7,153
2301510,0,0,0,0,0,0,0,0
2301511,75,144,84,27,6,336,19,355
2301512,18,72,76,20,8,194,6,200
2301513,42,128,91,30,12,303,17,320
2301514,0,0,0,0,0,0,0,0
2301515,0,0,0,0,0,0,0,0
2301601,9,84,124,49,21,287,10,297
2301602,18,142,89,36,12,297,10,307
2301603,21,83,83,28,16,231,11,242
2301604,13,110,80,15,3,221,16,237
2301605,22,118,143,27,14,324,13,337
2301606,12,89,116,34,21,272,7,279
2301607,10,91,110,38,14,263,10,273
2301608,20,109,123,34,12,298,6,304
2301609,13,75,99,50,23,260,6,266
2301610,7,44,105,24,12,192,4,196
2301611,20,73,61,17,6,177,5,182
2301612,10,61,92,37,10,210,3,213
2301613,10,118,92,27,0,247,12,259
2301614,20,120,85,16,11,252,11,263
2301615,0,0,0,0,0,0,0,0
2301616,0,40,57,33,16,146,3,149
2301617,5,17,32,17,3,74,3,77
2301618,24,87,63,8,8,190,9,199
2301701,56,123,64,21,7,271,17,288
2301702,38,112,83,24,9,266,7,273
2301703,13,64,49,17,5,148,4,152
2301704,25,67,92,26,12,222,13,235
2301705,60,127,75,14,6,282,17,299
2301706,12,61,55,29,12,169,5,174
2301707,25,82,66,7,3,183,5,188
2301708,22,115,135,35,12,319,6,325
2301709,10,59,70,16,3,158,0,158
2301710,23,96,81,22,12,234,6,240
2301711,29,128,81,26,4,268,19,287
2301712,11,79,74,31,10,205,9,214
2301713,0,0,0,0,0,0,0,0
2301714,0,0,0,0,0,0,0,0
2301715,10,23,18,12,8,71,3,74
2301801,43,116,43,7,3,212,7,219
2301802,8,18,31,17,7,81,3,84
2301803,64,89,86,10,13,262,17,279
2301804,32,83,36,14,6,171,4,175
2301805,32,90,45,18,0,185,8,193
2301806,38,122,66,15,4,245,11,256
2301807,49,108,81,17,4,259,20,279
2301808,40,65,57,19,3,184,18,202
2301809,18,56,36,8,5,123,7,130
2301810,20,63,53,10,9,155,6,161
2301811,36,92,79,15,8,230,13,243
2301812,27,132,93,16,8,276,11,287
2301813,12,69,143,40,10,274,3,277
2301814,0,0,0,0,0,0,0,0
2301815,18,57,36,13,4,128,12,140
2301816,0,0,0,0,0,0,0,0
2301817,10,36,23,14,5,88,5,93
2301818,6,59,106,34,7,212,5,217
2301819,4,44,75,25,4,152,0,152
2301820,0,23,66,13,5,107,5,112
2301821,23,118,85,19,4,249,18,267
2301822,4,37,28,5,0,74,3,77
2301901,0,32,86,20,13,151,3,154
2301902,13,104,123,21,13,274,14,288
2301903,50,89,74,16,6,235,13,248
2301904,35,87,44,14,0,180,4,184
2301905,14,97,86,22,4,223,12,235
2301906,22,48,31,15,0,116,13,129
2301907,3,74,94,29,8,208,5,213
2301908,15,75,49,15,11,165,9,174
2301909,3,72,71,21,8,175,5,180
2301910,25,86,56,15,3,185,8,193
2301911,17,89,75,22,4,207,10,217
2301912,22,87,48,21,6,184,10,194
2301913,21,91,88,59,22,281,7,288
2301914,12,85,157,37,12,303,9,312
2301915,9,36,42,8,3,98,7,105
2301916,11,78,96,16,3,204,7,211
2301917,6,57,97,28,7,195,11,206
2301918,5,32,46,15,0,98,3,101
2301919,6,37,109,22,8,182,8,190
2301920,0,41,129,28,9,207,0,207
2301921,11,65,86,14,9,185,4,189
2301922,3,73,126,37,4,243,5,248
2301923,20,97,87,17,3,224,7,231
2301924,3,27,69,18,8,125,3,128
2302001,13,54,23,0,0,90,12,102
2302002,55,72,33,9,3,172,23,195
2302003,45,80,42,12,3,182,17,199
2302004,73,68,34,19,4,198,16,214
2302005,56,84,34,3,9,186,21,207
2302006,49,73,37,10,6,175,16,191
2302007,12,16,35,6,3,72,3,75
2302008,31,80,45,6,4,166,15,181
2302009,42,88,68,18,5,221,22,243
2302010,5,27,14,0,3,49,5,54
2302011,43,52,20,12,3,130,11,141
2302012,45,95,53,13,0,206,16,222
2302013,42,67,41,9,3,162,18,180
2302014,0,0,0,0,0,0,0,0
2302015,0,0,0,0,0,0,0,0
2302016,33,55,68,17,3,176,14,190
2310101,7,47,91,32,13,190,6,196
2310102,0,23,47,18,4,92,4,96
2310103,6,28,37,11,4,86,4,90
2310104,11,60,52,11,9,143,5,148
2310105,6,88,121,34,16,265,5,270
2310106,14,53,81,40,8,196,9,205
2310107,15,87,132,26,23,283,17,300
2310108,10,61,79,20,8,178,0,178
2310109,14,79,122,35,22,272,16,288
2310110,13,48,85,35,11,192,5,197
2310111,11,117,103,29,22,282,8,290
2310112,7,52,92,38,21,210,7,217
2310113,11,79,112,31,16,249,4,253
2310114,9,37,43,20,8,117,3,120
2310115,0,0,0,0,0,0,0,0
2310116,9,62,63,20,3,157,3,160
2310201,47,118,88,12,8,273,5,278
2310202,47,95,51,8,5,206,6,212
2310203,49,123,58,21,9,260,9,269
2310204,26,86,67,30,21,230,9,239
2310205,33,91,35,6,5,170,12,182
2310206,18,90,79,23,8,218,3,221
2310207,75,87,49,20,4,235,14,249
2310208,28,81,90,29,8,236,0,236
2310209,25,97,73,15,8,218,18,236
2310210,33,78,76,14,4,205,3,208
2310301,4,50,89,37,13,193,6,199
2310302,25,96,108,37,7,273,3,276
2310303,22,77,28,10,8,145,8,153
2310304,47,115,98,16,13,289,9,298
2310305,23,95,90,25,10,243,9,252
2310306,11,33,72,30,10,156,5,161
2310307,12,46,63,10,6,137,4,141
2310308,18,59,38,11,3,129,8,137
2310309,35,97,84,12,5,233,9,242
2310401,21,65,86,20,8,200,15,215
2310402,14,68,49,22,4,157,5,162
2310403,35,109,58,9,6,217,8,225
2310404,55,114,80,16,5,270,7,277
2310405,20,82,129,25,7,263,13,276
2310406,11,65,89,14,8,187,7,194
2310407,16,72,67,24,11,190,7,197
2310408,19,67,63,21,8,178,0,178
2310501,11,76,73,12,11,183,11,194
2310502,14,79,100,26,9,228,8,236
2310503,17,69,116,27,11,240,13,253
2310504,11,40,49,12,7,119,3,122
2310505,15,67,108,24,12,226,0,226
2310506,22,60,79,29,8,198,8,206
2310507,9,49,49,20,0,127,7,134
2310508,4,45,59,17,4,129,4,133
2310509,24,60,70,19,18,191,3,194
2310510,14,89,104,18,4,229,0,229
2310511,22,48,47,11,13,141,4,145
2310601,37,108,101,21,16,283,7,290
2310602,31,98,78,15,13,235,8,243
2310603,28,91,80,21,7,227,11,238
2310604,25,94,94,13,5,231,9,240
2310605,32,73,27,5,4,141,3,144
2310606,36,86,56,13,3,194,9,203
2310607,31,96,72,15,0,214,9,223
2310608,15,47,49,18,0,129,4,133
2310609,19,70,69,25,6,189,7,196
2310610,26,63,48,3,6,146,3,149
2310611,85,53,22,6,7,173,39,212
2310701,22,64,65,8,10,169,3,172
2310702,26,83,58,18,5,190,5,195
2310703,23,73,60,12,5,173,6,179
2310704,35,94,77,19,5,230,15,245
2310705,24,52,49,15,0,140,8,148
2310706,35,66,52,22,12,187,13,200
2310707,27,69,84,13,3,196,4,200
2310708,16,52,55,14,0,137,0,137
2310709,13,56,59,14,6,148,10,158
2310710,17,40,42,12,0,111,0,111
2310801,23,123,130,24,4,304,13,317
2310802,39,108,86,12,0,245,17,262
2310803,39,105,80,17,4,245,11,256
2310804,31,74,44,5,5,159,3,162
2310805,33,104,54,7,4,202,14,216
2310806,22,79,85,22,5,213,13,226
2310807,9,59,96,18,10,192,5,197
2310808,18,71,109,19,13,230,12,242
2310809,11,42,64,17,4,138,4,142
2310810,29,61,44,7,3,144,8,152
2310811,16,83,49,11,5,164,5,169
2310812,84,65,24,4,0,177,24,201
2310813,7,27,24,5,6,69,6,75
2310814,38,52,17,0,3,110,11,121
2310815,36,78,36,14,4,168,3,171
2310901,16,114,105,57,27,319,9,328
2310902,18,65,72,26,8,189,3,192
2310903,16,62,120,39,24,261,8,269
2310904,18,122,130,41,11,322,17,339
2310905,25,82,55,13,5,180,10,190
2310906,9,66,64,18,3,160,19,179
2310907,21,101,85,14,8,229,10,239
2310908,22,93,94,31,8,248,4,252
2310909,14,90,106,23,12,245,7,252
2310910,3,37,51,18,7,116,0,116
2310911,15,56,44,17,8,140,12,152
2310912,15,57,58,10,7,147,12,159
2310913,15,63,72,21,10,181,4,185
2310914,3,40,47,13,18,121,3,124
2310915,11,65,73,25,12,186,8,194
2311001,69,110,50,14,0,243,23,266
2311002,59,92,72,10,6,239,12,251
2311003,36,100,85,14,7,242,7,249
2311004,10,28,39,11,4,92,3,95
2311005,70,56,8,0,0,134,16,150
2311006,85,67,5,0,0,157,22,179
2311007,80,53,10,0,0,143,10,153
2311008,22,76,104,17,5,224,4,228
2311009,62,106,65,29,4,266,4,270
2311010,9,55,38,11,0,113,6,119
2311011,11,38,17,0,0,66,6,72
2311012,30,104,92,14,12,252,10,262
2311013,50,119,73,17,7,266,12,278
2311014,15,64,86,18,9,192,11,203
2311015,4,22,34,4,0,64,3,67
2311016,36,43,19,11,0,109,7,116
2311017,32,45,34,3,5,119,9,128
2311101,26,107,87,25,20,265,6,271
2311102,10,68,86,22,7,193,8,201
2311103,17,89,89,24,14,233,13,246
2311104,11,39,42,11,7,110,0,110
2311105,35,114,143,22,12,326,10,336
2311106,5,52,79,16,13,165,3,168
2311107,5,77,147,48,26,303,11,314
2311108,26,98,83,29,5,241,14,255
2311109,24,111,99,24,20,278,21,299
2311110,30,73,48,20,15,186,4,190
2311111,0,83,148,62,45,338,10,348
2311112,15,83,105,35,17,255,15,270
2311113,13,60,152,56,50,331,18,349
2311114,18,70,124,67,36,315,16,331
2311201,9,97,96,17,7,226,15,241
2311202,7,69,97,35,16,224,9,233
2311203,9,72,81,20,10,192,7,199
2311204,22,70,55,7,3,157,9,166
2311205,58,114,102,24,7,305,19,324
2311206,29,115,117,16,8,285,10,295
2311207,23,103,123,28,10,287,11,298
2311208,3,41,171,31,15,261,6,267
2311209,20,100,116,35,10,281,12,293
2311210,6,42,79,23,7,157,5,162
2311211,7,42,84,32,8,173,3,176
2311212,18,64,68,14,5,169,5,174
2311213,4,43,108,45,20,220,5,225
2311214,4,44,73,22,8,151,8,159
2311215,3,56,100,18,22,199,6,205
2311216,18,70,91,24,0,203,5,208
2311217,5,52,103,30,17,207,0,207
2311301,88,138,70,12,0,308,15,323
2311302,24,94,40,0,4,162,6,168
2311303,22,109,66,6,3,206,7,213
2311304,20,50,50,4,0,124,3,127
2311305,59,17,5,0,3,84,15,99
2311306,68,121,64,3,0,256,11,267
2311307,41,85,34,6,0,166,6,172
2311308,44,105,44,8,4,205,9,214
2311309,61,102,52,5,4,224,11,235
2311310,31,103,52,11,0,197,7,204
2311311,9,24,24,0,0,57,0,57
2311312,38,93,41,9,0,181,7,188
2311313,16,64,37,10,5,132,0,132
2311314,9,43,28,4,3,87,6,93
2311315,9,28,32,9,0,78,0,78
2311316,65,62,33,11,4,175,6,181
2311317,21,83,45,8,3,160,4,164
2311401,41,94,53,3,0,191,0,191
2311402,43,52,18,6,0,119,6,125
2311403,84,40,14,5,0,143,16,159
2311404,65,61,4,0,0,130,20,150
2311405,68,52,11,0,0,131,24,155
2311406,74,68,7,0,0,149,20,169
2311407,19,79,39,7,0,144,5,149
2311408,33,83,54,15,0,185,3,188
2311409,52,52,0,0,0,104,24,128
2311410,16,33,16,0,0,65,3,68
2311411,70,46,5,3,0,124,10,134
2311412,33,91,33,10,3,170,9,179
2311413,69,34,8,0,0,111,10,121
2311414,90,71,12,4,0,177,28,205
2311415,31,49,9,3,0,92,7,99
2311416,85,10,0,0,0,95,14,109
2311501,21,44,60,18,9,152,0,152
2311502,9,68,82,31,8,198,7,205
2311503,22,112,103,23,6,266,18,284
2311504,23,57,52,15,5,152,7,159
2311505,19,87,43,20,6,175,12,187
2311506,43,123,102,22,7,297,11,308
2311507,15,73,82,12,0,182,15,197
2311508,21,55,51,14,8,149,16,165
2311509,14,80,77,12,7,190,11,201
2311510,5,66,105,36,25,237,10,247
2311511,47,110,58,15,6,236,7,243
2311512,8,50,64,13,9,144,10,154
2311513,8,81,64,20,4,177,9,186
2311514,25,88,96,28,11,248,15,263
2311515,30,102,73,15,0,220,10,230
2311516,35,87,99,26,12,259,10,269
2311517,4,20,15,4,0,43,5,48
2320101,28,75,18,0,0,121,8,129
2320102,19,63,29,8,4,123,3,126
2320103,44,151,58,9,0,262,7,269
2320104,42,62,56,14,4,178,15,193
2320105,50,113,102,16,5,286,6,292
2320106,39,88,36,11,4,178,5,183
2320107,39,123,60,15,0,237,12,249
2320108,19,57,23,7,3,109,4,113
2320109,74,102,59,13,5,253,13,266
2320110,33,79,51,8,6,177,5,182
2320201,23,46,28,0,4,101,4,105
2320202,58,114,56,4,4,236,8,244
2320203,32,72,37,6,0,147,3,150
2320204,24,68,44,6,0,142,7,149
2320205,62,154,83,9,4,312,11,323
2320206,27,94,73,10,3,207,6,213
2320207,24,38,16,0,4,82,5,87
2320208,34,47,28,0,5,114,5,119
2320209,17,30,7,6,0,60,3,63
2320210,61,43,9,4,3,120,5,125
2320211,76,126,74,18,0,294,12,306
2320212,30,73,50,11,0,164,4,168
2320213,41,122,50,8,3,224,4,228
2320301,73,102,40,16,0,231,7,238
2320302,59,145,67,13,3,287,8,295
2320303,38,127,93,11,5,274,11,285
2320304,50,126,65,19,3,263,13,276
2320305,30,89,56,7,0,182,6,188
2320306,43,112,55,14,3,227,5,232
2320307,53,86,49,8,3,199,10,209
2320308,59,134,53,8,5,259,10,269
2320309,27,56,38,9,0,130,6,136
2320401,72,112,53,4,11,252,18,270
2320402,37,81,48,8,3,177,6,183
2320403,51,82,40,18,4,195,17,212
2320404,45,100,43,17,4,209,13,222
2320405,44,110,41,5,3,203,0,203
2320406,53,118,64,9,3,247,8,255
2320407,18,35,14,3,0,70,4,74
2320408,41,49,6,0,3,99,6,105
2320409,13,70,46,9,3,141,3,144
2320501,21,64,58,7,6,156,18,174
2320502,26,70,58,9,3,166,9,175
2320503,32,64,42,8,0,146,13,159
2320504,36,69,34,17,6,162,9,171
2320505,60,130,69,21,3,283,21,304
2320506,35,95,55,20,3,208,22,230
2320507,28,68,40,10,5,151,10,161
2320508,45,111,43,6,0,205,11,216
2320509,26,107,144,44,17,338,9,347
2320510,20,72,74,14,11,191,5,196
2320511,3,35,111,35,9,193,0,193
2320512,26,59,43,14,3,145,5,150
2320513,8,20,11,0,0,39,5,44
2320514,3,51,84,18,6,162,3,165
2320515,5,62,154,22,12,255,3,258
2320601,25,71,49,12,4,161,9,170
2320602,38,113,60,14,3,228,9,237
2320603,30,93,80,28,0,231,13,244
2320604,45,100,56,17,0,218,17,235
2320605,50,86,43,8,6,193,6,199
2320606,23,56,20,11,3,113,6,119
2320607,46,102,60,21,0,229,10,239
2320608,28,110,55,15,0,208,16,224
2320609,10,27,24,4,0,65,6,71
2320610,8,35,20,5,0,68,5,73
2320701,9,45,18,3,8,83,3,86
2320702,55,144,68,18,7,292,19,311
2320703,42,102,77,15,3,239,9,248
2320704,18,52,22,0,0,92,4,96
2320705,19,46,42,4,0,111,3,114
2320706,49,80,25,3,0,157,7,164
2320707,36,92,40,6,4,178,12,190
2320708,30,94,61,14,3,202,7,209
2320709,31,105,77,19,10,242,6,248
2320710,45,39,9,6,0,99,3,102
2320711,66,80,37,6,5,194,17,211
2320712,66,160,60,7,12,305,17,322
2320713,37,88,38,0,0,163,13,176
2320801,20,78,59,23,12,192,4,196
2320802,0,0,0,0,0,0,0,0
2320803,18,84,56,22,0,180,9,189
2320804,36,86,48,12,7,189,13,202
2320805,38,129,65,13,5,250,18,268
2320806,25,85,70,19,10,209,16,225
2320807,16,83,57,19,0,175,6,181
2320808,43,116,98,21,17,295,12,307
2320809,24,74,42,12,6,158,7,165
2320810,20,73,66,13,3,175,13,188
2320811,14,85,62,28,9,198,11,209
2320812,20,90,52,14,5,181,8,189
2320813,18,127,90,31,14,280,13,293
2320814,16,63,76,14,9,178,5,183
2320815,73,142,77,7,10,309,30,339
2320901,32,88,65,12,5,202,9,211
2320902,50,139,57,13,4,263,9,272
2320903,44,152,57,11,0,264,7,271
2320904,41,65,37,3,0,146,0,146
2320905,40,88,44,8,3,183,3,186
2320906,57,129,60,21,3,270,8,278
2320907,51,94,73,17,4,239,4,243
2320908,62,112,78,14,7,273,3,276
2320909,75,146,47,7,3,278,12,290
2320910,18,48,24,15,0,105,0,105
2320911,62,96,41,4,5,208,9,217
2321001,19,57,44,12,11,143,7,150
2321002,68,119,45,8,0,240,13,253
2321003,45,117,37,13,7,219,19,238
2321004,24,57,37,8,3,129,8,137
2321005,20,109,108,33,16,286,15,301
2321006,7,61,96,23,10,197,3,200
2321007,28,97,80,18,8,231,4,235
2321008,11,117,98,36,15,277,9,286
2321009,21,84,74,17,12,208,9,217
2321010,29,112,54,19,4,218,6,224
2321011,26,86,42,15,4,173,9,182
2321012,10,56,86,26,11,189,6,195
2321013,18,61,40,6,0,125,5,130
2321014,13,72,29,8,5,127,3,130
2321015,13,74,34,3,5,129,10,139
2321101,63,139,72,27,9,310,14,324
2321102,54,119,85,24,9,291,20,311
2321103,28,57,24,10,5,124,14,138
2321104,21,143,78,16,6,264,5,269
2321105,12,83,60,15,5,175,9,184
2321106,45,156,96,22,10,329,12,341
2321107,37,73,53,6,0,169,15,184
2321108,8,43,23,3,8,85,4,89
2321109,12,45,48,10,3,118,7,125
2321110,39,109,63,18,11,240,11,251
2321111,17,88,68,18,4,195,8,203
2321112,20,91,71,35,10,227,4,231
2321113,0,0,0,0,0,0,0,0
2321114,17,73,50,14,8,162,5,167
2321201,37,115,95,29,13,289,15,304
2321202,32,133,87,22,6,280,23,303
2321203,27,84,59,14,7,191,14,205
2321204,24,90,95,21,10,240,11,251
2321205,26,86,76,29,18,235,5,240
2321206,34,110,83,20,3,250,11,261
2321207,15,80,54,22,7,178,6,184
2321208,12,51,26,6,4,99,6,105
2321209,28,74,61,21,0,184,3,187
2321210,26,97,103,35,12,273,5,278
2321211,17,68,58,15,10,168,9,177
2321212,39,112,60,17,5,233,6,239
2321213,8,32,28,9,3,80,0,80
2321214,69,113,30,8,0,220,12,232
2321301,46,159,83,21,17,326,11,337
2321302,21,62,41,6,3,133,14,147
2321303,38,148,72,18,10,286,13,299
2321304,38,138,67,16,5,264,11,275
2321305,24,87,71,15,5,202,13,215
2321306,22,86,57,20,10,195,15,210
2321307,11,54,39,16,3,123,3,126
2321308,60,128,78,23,14,303,23,326
2321309,60,126,100,32,15,333,18,351
2321401,27,83,63,21,10,204,8,212
2321402,38,76,41,7,9,171,14,185
2321403,24,99,83,10,8,224,12,236
2321404,11,67,37,14,3,132,8,140
2321405,9,38,26,15,9,97,8,105
2321406,38,86,73,6,0,203,6,209
2321407,30,91,56,27,4,208,20,228
2321408,47,71,46,12,6,182,35,217
2321409,18,41,17,3,0,79,4,83
2321501,40,75,52,6,10,183,11,194
2321502,39,107,90,15,9,260,10,270
2321503,41,90,68,17,5,221,14,235
2321504,25,43,28,7,0,103,3,106
2321505,14,29,34,17,7,101,0,101
2321506,57,93,46,11,4,211,11,222
2321507,29,128,92,15,6,270,16,286
2321601,18,81,91,21,9,220,7,227
2321602,39,102,101,22,8,272,13,285
2321603,36,103,94,15,4,252,20,272
2321604,17,74,69,14,9,183,8,191
2321605,36,93,92,14,7,242,13,255
2321606,35,106,67,7,9,224,13,237
2321607,20,68,75,20,5,188,6,194
2321608,20,89,44,15,8,176,7,183
2321609,15,62,31,8,5,121,8,129
2321610,10,55,73,12,9,159,7,166
2321611,13,69,47,18,6,153,3,156
2321701,17,94,79,32,9,231,7,238
2321702,24,95,58,14,4,195,3,198
2321703,26,98,73,13,0,210,5,215
2321704,13,94,98,26,14,245,14,259
2321705,13,72,90,22,5,202,8,210
2321706,18,86,67,14,8,193,4,197
2321707,13,79,79,22,14,207,14,221
2321708,15,77,56,14,7,169,12,181
2321709,11,32,50,7,5,105,5,110
2321710,18,39,34,9,4,104,9,113
2321711,20,65,72,21,0,178,3,181
2321712,12,56,82,19,8,177,4,181
2321801,31,112,101,22,4,270,10,280
2321802,25,58,52,12,9,156,4,160
2321803,31,114,113,24,9,291,14,305
2321804,40,121,95,15,6,277,9,286
2321805,33,119,73,21,8,254,10,264
2321806,41,115,59,19,5,239,8,247
2321807,71,132,61,16,10,290,17,307
2321808,32,121,86,30,6,275,11,286
2321809,56,94,77,14,11,252,5,257
2321810,11,42,27,7,0,87,5,92
2321901,5,26,18,7,0,56,0,56
2321902,54,113,85,12,8,272,14,286
2321903,30,85,49,10,0,174,8,182
2321904,33,93,63,15,0,204,15,219
2321905,35,89,50,15,3,192,10,202
2321906,41,94,75,16,7,233,9,242
2321907,19,80,82,24,8,213,9,222
2321908,34,114,70,17,0,235,14,249
2321909,19,53,33,11,6,122,3,125
2321910,41,82,51,12,17,203,7,210
2321911,6,76,126,16,7,231,8,239
2322001,32,52,43,11,0,138,13,151
2322002,32,90,66,10,7,205,17,222
2322003,32,87,42,19,4,184,8,192
2322004,46,115,78,25,10,274,11,285
2322101,38,78,52,16,8,192,6,198
2322102,15,49,52,8,3,127,5,132
2322103,33,96,102,21,11,263,14,277
2322104,48,118,43,5,6,220,10,230
2322105,47,111,59,15,14,246,7,253
2322106,25,76,74,16,3,194,7,201
2322107,28,75,62,13,6,184,12,196
2322108,33,135,98,20,15,301,22,323
2322109,18,57,52,11,0,138,4,142
2322110,19,48,51,13,7,138,13,151
2322111,31,70,61,11,10,183,5,188
2322201,20,95,100,21,7,243,8,251
2322202,11,57,57,13,0,138,12,150
2322203,12,80,68,9,7,176,3,179
2322204,22,63,71,11,3,170,5,175
2322205,14,64,78,20,0,176,4,180
2322206,22,80,102,21,6,231,6,237
2322207,30,78,75,19,6,208,11,219
2322208,27,123,87,28,15,280,10,290
2322209,24,87,75,16,9,211,6,217
2322210,18,66,80,24,9,197,10,207
2322211,13,62,52,12,7,146,6,152
2322212,11,39,30,4,0,84,4,88
2322301,31,102,84,24,6,247,4,251
2322302,25,63,68,13,6,175,10,185
2322303,43,123,51,18,5,240,8,248
2322304,31,100,43,11,4,189,3,192
2322305,25,86,36,16,4,167,5,172
2322306,21,55,34,4,0,114,4,118
2322307,85,29,12,3,3,132,18,150
2322308,22,42,15,0,0,79,7,86
2322309,74,116,50,7,6,253,10,263
2322310,59,79,31,5,7,181,7,188
2322311,41,91,27,0,6,165,10,175
2322312,57,83,38,9,0,187,11,198
2330101,38,128,94,7,4,271,12,283
2330102,28,110,65,7,6,216,9,225
2330103,29,85,60,10,4,188,7,195
2330104,25,125,104,17,6,277,8,285
2330105,56,85,38,11,4,194,9,203
2330106,10,38,39,3,0,90,5,95
2330107,58,95,44,10,4,211,13,224
2330108,6,58,52,14,3,133,3,136
2330109,44,134,73,16,5,272,12,284
2330110,21,75,96,7,8,207,4,211
2330111,15,39,27,6,7,94,4,98
2330112,5,60,53,6,0,124,5,129
2330113,22,44,29,9,0,104,4,108
2330114,28,85,49,10,5,177,8,185
2330201,68,73,23,8,3,175,11,186
2330202,55,97,41,15,4,212,16,228
2330203,53,130,55,5,3,246,9,255
2330204,92,113,42,13,0,260,15,275
2330205,49,73,39,5,5,171,9,180
2330206,49,127,76,8,0,260,10,270
2330207,49,77,59,12,4,201,7,208
2330208,21,65,28,9,0,123,10,133
2330209,43,62,20,0,4,129,7,136
2330210,34,58,34,8,0,134,4,138
2330211,19,50,41,8,6,124,8,132
2330301,62,105,29,4,6,206,13,219
2330302,48,112,91,26,6,283,16,299
2330303,46,82,67,20,6,221,10,231
2330304,29,99,73,18,9,228,5,233
2330305,54,69,45,13,3,184,19,203
2330306,19,46,20,8,0,93,0,93
2330307,46,97,54,7,5,209,8,217
2330308,20,98,59,13,3,193,12,205
2330309,30,81,36,11,3,161,9,170
2330310,28,49,26,11,0,114,7,121
2330401,31,120,68,10,5,234,9,243
2330402,29,95,55,21,3,203,9,212
2330403,24,108,103,20,4,259,0,259
2330404,31,67,57,11,3,169,5,174
2330405,40,72,75,18,13,218,10,228
2330406,12,49,53,8,3,125,6,131
2330407,70,127,28,12,5,242,0,242
2330408,16,46,35,4,6,107,5,112
2330501,33,104,60,8,5,210,0,210
2330502,48,136,66,15,6,271,10,281
2330503,38,83,63,18,0,202,8,210
2330504,29,127,90,17,4,267,13,280
2330505,42,135,94,15,10,296,12,308
2330506,44,124,88,24,9,289,13,302
2330507,52,78,52,0,4,186,9,195
2330508,63,146,63,7,6,285,5,290
2330509,32,95,64,11,5,207,7,214
2330601,24,66,50,16,4,160,4,164
2330602,33,89,66,13,4,205,13,218
2330603,23,81,58,13,7,182,3,185
2330604,11,64,72,12,0,159,9,168
2330605,34,99,76,13,5,227,3,230
2330606,29,116,72,19,8,244,7,251
2330607,36,112,65,18,4,235,5,240
2330608,8,26,29,7,3,73,0,73
2330609,22,128,92,26,13,281,11,292
2330610,13,32,29,5,4,83,0,83
2330611,26,71,75,8,3,183,3,186
2330612,10,53,35,7,0,105,0,105
2330701,34,89,32,6,0,161,8,169
2330702,37,109,63,9,3,221,12,233
2330703,12,99,65,10,4,190,10,200
2330704,71,157,42,9,6,285,10,295
2330705,10,31,22,6,5,74,3,77
2330706,19,86,54,16,5,180,8,188
2330707,14,73,60,8,0,155,5,160
2330708,32,99,48,11,6,196,7,203
2330709,14,60,53,16,0,143,10,153
2330801,49,131,74,18,10,282,22,304
2330802,28,58,40,14,3,143,4,147
2330803,22,113,80,11,6,232,10,242
2330804,20,97,78,19,10,224,15,239
2330805,32,118,76,8,5,239,13,252
2330806,13,55,35,16,0,119,6,125
2330807,38,102,50,11,4,205,7,212
2330808,46,109,70,15,4,244,9,253
2330809,20,150,101,15,4,290,9,299
2330901,5,22,9,10,0,46,4,50
2330902,25,69,45,17,0,156,5,161
2330903,24,61,30,10,5,130,7,137
2330904,24,72,42,12,0,150,6,156
2330905,28,98,55,7,0,188,10,198
2330906,55,146,75,16,0,292,8,300
2330907,75,137,54,10,3,279,11,290
2330908,38,48,32,0,5,123,14,137
2330909,83,20,0,0,4,107,25,132
2330910,21,85,53,6,0,165,9,174
2330911,30,80,42,3,0,155,4,159
2331001,13,76,87,53,25,254,10,264
2331002,4,42,41,9,10,106,4,110
2331003,8,48,56,19,7,138,5,143
2331004,3,40,122,43,15,223,4,227
2331005,25,81,73,22,14,215,3,218
2331006,20,95,69,18,8,210,9,219
2331007,20,151,134,38,13,356,13,369
2331008,34,85,44,14,0,177,5,182
2331009,0,6,8,0,0,14,89,103
2331010,38,70,43,4,4,159,12,171
2331011,29,109,96,33,14,281,11,292
2331012,44,59,97,26,5,231,5,236
2331013,3,32,69,23,5,132,5,137
2331014,5,53,86,28,10,182,5,187
2331015,6,41,58,3,4,112,3,115
2331016,0,47,135,25,13,220,3,223
2331101,18,63,52,12,7,152,4,156
2331102,38,70,66,12,11,197,15,212
2331103,31,146,93,16,5,291,17,308
2331104,34,115,112,27,14,302,5,307
2331105,17,64,27,18,9,135,4,139
2331106,31,109,60,17,9,226,8,234
2331107,47,106,69,35,5,262,14,276
2331108,10,30,23,8,3,74,3,77
2331109,18,38,16,3,4,79,3,82
2331110,43,116,75,29,9,272,7,279
2331111,49,98,58,18,6,229,12,241
2331112,20,69,75,18,7,189,6,195
2331113,7,55,38,8,4,112,3,115
2331114,19,87,59,21,9,195,13,208
2331201,15,82,94,47,25,263,15,278
2331202,27,77,92,35,23,254,11,265
2331203,42,91,96,32,13,274,21,295
2331204,13,85,101,37,23,259,10,269
2331205,8,42,43,13,4,110,10,120
2331206,37,130,103,24,7,301,19,320
2331207,37,121,71,20,14,263,12,275
2331208,20,76,65,16,13,190,4,194
2331209,23,52,44,23,7,149,8,157
2331210,30,109,101,26,20,286,9,295
2331211,20,73,58,17,8,176,16,192
2331212,11,88,151,45,34,329,12,341
2331213,20,74,72,15,3,184,15,199
2331214,6,39,66,30,32,173,6,179
2331301,19,68,43,22,13,165,8,173
2331302,42,131,83,18,0,274,21,295
2331303,29,79,37,13,0,158,9,167
2331304,56,142,83,11,7,299,14,313
2331305,29,74,36,12,0,151,7,158
2331306,74,162,38,12,3,289,15,304
2331307,30,53,19,5,0,107,8,115
2331308,46,103,61,7,5,222,8,230
2331309,73,145,71,13,5,307,20,327
2331310,9,37,24,6,5,81,4,85
2331311,39,78,34,7,6,164,11,175
2331401,69,123,71,16,11,290,22,312
2331402,38,120,87,39,7,291,12,303
2331403,66,124,61,13,0,264,17,281
2331404,51,110,63,17,3,244,18,262
2331405,15,40,19,4,4,82,4,86
2331406,38,101,59,18,5,221,7,228
2331407,41,71,33,11,3,159,15,174
2331408,48,61,35,12,6,162,11,173
2331409,15,17,11,4,0,47,7,54
2331501,70,126,49,10,5,260,15,275
2331502,48,25,16,3,0,92,17,109
2331503,56,75,62,19,4,216,14,230
2331504,53,115,61,16,4,249,26,275
2331505,60,98,43,10,4,215,13,228
2331506,118,70,38,4,6,236,26,262
2331507,28,67,42,5,3,145,6,151
2331508,15,57,60,13,4,149,14,163
2331509,26,71,55,16,4,172,4,176
2331510,52,111,66,16,4,249,13,262
2331511,159,185,16,0,0,360,25,385
2331512,35,55,38,8,3,139,6,145
2331601,40,108,61,12,10,231,15,246
2331602,48,107,76,29,8,268,20,288
2331603,26,103,69,10,10,218,10,228
2331604,33,89,53,15,6,196,10,206
2331605,27,92,103,21,9,252,9,261
2331606,39,68,44,15,10,176,4,180
2331607,26,75,73,16,0,190,8,198
2331608,30,55,62,16,14,177,10,187
2331609,35,93,115,29,11,283,10,293
2331610,18,55,48,11,4,136,13,149
2331701,23,127,97,18,7,272,12,284
2331702,35,113,80,19,8,255,15,270
2331703,21,68,63,22,7,181,7,188
2331704,41,67,30,6,0,144,12,156
2331705,39,77,47,18,5,186,13,199
2331706,58,115,76,14,3,266,7,273
2331707,40,78,68,10,4,200,11,211
2331708,22,73,79,8,7,189,14,203
2331709,12,70,53,11,4,150,6,156
2331710,8,53,34,6,3,104,8,112
2331711,29,76,37,11,4,157,5,162
2331801,24,78,63,11,3,179,13,192
2331802,18,78,47,15,0,158,7,165
2331803,25,100,90,24,11,250,13,263
2331804,29,63,61,20,4,177,6,183
2331805,40,88,68,8,5,209,14,223
2331806,31,76,64,11,7,189,7,196
2331807,27,77,31,10,6,151,12,163
2331808,50,107,73,29,8,267,17,284
2331809,46,121,83,26,16,292,14,306
2331810,11,32,32,13,3,91,7,98
2331811,27,85,60,11,3,186,3,189
2331901,59,109,85,17,12,282,14,296
2331902,41,101,53,24,11,230,7,237
2331903,10,39,31,11,8,99,4,103
2331904,48,114,62,9,3,236,22,258
2331905,33,111,87,19,4,254,12,266
2331906,9,25,31,8,4,77,8,85
2331907,22,126,103,25,9,285,5,290
2331908,13,68,34,7,7,129,5,134
2331909,31,87,88,22,4,232,9,241
2331910,19,114,98,24,9,264,8,272
2331911,43,95,67,18,5,228,19,247
2332001,34,65,49,9,0,157,17,174
2332002,33,83,80,23,7,226,11,237
2332003,13,38,32,4,3,90,7,97
2332004,15,42,33,9,4,103,6,109
2332005,36,61,55,10,5,167,14,181
2332006,16,29,20,7,3,75,0,75
2332007,88,78,23,4,3,196,9,205
2332008,19,48,32,6,0,105,0,105
2332009,24,77,49,4,3,157,5,162
2332010,15,58,31,0,0,104,4,108
2332101,27,67,39,7,5,145,8,153
2332102,27,78,57,12,6,180,14,194
2332103,15,45,40,9,5,114,7,121
2332104,27,122,80,23,8,260,12,272
2332105,55,127,97,20,5,304,19,323
2332106,71,125,65,20,0,281,10,291
2332107,47,97,74,12,6,236,7,243
2332201,48,123,69,22,6,268,13,281
2332202,28,86,64,8,6,192,5,197
2332203,32,87,102,23,10,254,12,266
2332204,34,98,55,14,0,201,12,213
2332205,51,80,55,12,9,207,20,227
2332206,30,87,53,14,8,192,13,205
2332207,30,98,37,21,11,197,5,202
2332209,0,0,0,0,0,0,0,0
2340101,14,95,66,33,10,218,9,227
2340102,21,109,86,31,20,267,12,279
2340103,8,79,99,29,12,227,6,233
2340104,30,114,105,36,14,299,8,307
2340105,11,58,85,36,15,205,10,215
2340106,13,109,122,43,19,306,8,314
2340107,8,71,59,21,5,164,12,176
2340108,25,107,73,24,6,235,10,245
2340109,14,79,89,20,6,208,6,214
2340201,18,112,107,46,23,306,10,316
2340202,9,63,73,30,12,187,8,195
2340203,4,53,101,30,13,201,6,207
2340204,7,73,104,35,8,227,10,237
2340205,14,95,120,45,21,295,10,305
2340206,0,67,135,40,24,266,15,281
2340207,3,51,115,45,20,234,12,246
2340208,6,64,138,33,16,257,11,268
2340209,6,81,106,32,16,241,7,248
2340210,11,94,127,49,14,295,11,306
2340211,12,80,126,24,11,253,15,268
2340212,4,76,132,37,15,264,8,272
2340213,12,68,113,47,22,262,8,270
2340214,0,13,90,30,33,166,8,174
2340215,5,60,87,20,6,178,9,187
2340216,0,17,52,19,6,94,5,99
2340301,6,34,113,37,20,210,5,215
2340302,9,81,78,34,24,226,4,230
2340303,0,16,39,23,16,94,4,98
2340304,0,12,25,12,4,53,4,57
2340305,5,55,93,32,17,202,0,202
2340306,15,92,146,43,34,330,9,339
2340307,16,77,129,37,22,281,13,294
2340308,3,23,33,12,17,88,0,88
2340309,3,44,85,28,10,170,3,173
2340310,7,51,135,51,31,275,6,281
2340311,10,60,109,36,18,233,4,237
2340401,27,105,59,15,7,213,12,225
2340402,34,86,26,0,7,153,12,165
2340403,16,113,67,21,8,225,11,236
2340404,34,85,65,28,8,220,13,233
2340405,38,98,36,10,6,188,3,191
2340406,41,62,37,4,0,144,5,149
2340407,38,121,64,38,5,266,8,274
2340408,14,115,88,30,14,261,14,275
2340409,9,138,110,32,19,308,10,318
2340410,26,59,48,11,8,152,9,161
2340411,12,33,15,7,0,67,6,73
2340501,20,66,53,16,13,168,9,177
2340502,0,22,84,34,33,173,8,181
2340503,33,129,95,27,12,296,14,310
2340504,0,5,24,23,16,68,7,75
2340505,3,61,135,55,30,284,6,290
2340506,3,14,41,26,21,105,7,112
2340507,0,30,97,36,29,192,9,201
2340508,6,25,46,29,27,133,0,133
2340509,0,41,132,63,52,288,5,293
2340510,3,42,102,46,29,222,4,226
2340511,4,27,79,37,18,165,0,165
2340512,5,28,54,40,36,163,9,172
2340513,0,8,21,13,5,47,3,50
2340514,3,23,48,9,8,91,4,95
2340601,10,111,150,32,16,319,4,323
2340602,12,117,103,19,10,261,8,269
2340603,5,82,125,30,3,245,3,248
2340604,6,48,100,34,23,211,5,216
2340605,3,49,102,44,18,216,7,223
2340606,7,94,112,26,5,244,9,253
2340607,8,103,100,28,10,249,7,256
2340608,10,68,132,41,13,264,9,273
2340609,5,62,84,22,7,180,3,183
2340610,0,6,18,9,3,36,0,36
2340611,3,33,59,15,5,115,0,115
2340701,0,10,36,9,5,60,5,65
2340702,9,86,134,48,24,301,7,308
2340703,12,69,116,37,19,253,10,263
2340704,11,73,80,39,26,229,10,239
2340705,8,50,79,33,12,182,5,187
2340706,11,55,116,37,14,233,11,244
2340707,12,68,122,41,22,265,11,276
2340708,6,85,124,69,28,312,12,324
2340709,7,62,109,38,18,234,7,241
2340710,10,57,97,32,29,225,9,234
2340711,4,64,108,46,27,249,10,259
2340712,0,37,74,23,21,155,5,160
2340713,0,0,0,0,0,0,0,0
2340714,0,0,0,0,0,0,0,0
2340801,18,67,72,23,12,192,7,199
2340802,22,110,136,58,39,365,15,380
2340803,5,43,105,39,14,206,3,209
2340804,6,39,109,46,31,231,11,242
2340805,3,26,62,31,22,144,7,151
2340806,16,122,131,43,21,333,6,339
2340807,0,36,88,44,12,180,3,183
2340808,8,99,144,52,20,323,7,330
2340809,11,58,73,18,12,172,3,175
2340810,8,51,63,23,23,168,6,174
2340811,5,48,124,67,26,270,7,277
2340812,12,67,128,49,17,273,8,281
2340813,8,53,81,50,27,219,6,225
2340901,19,94,80,32,13,238,13,251
2340902,39,80,56,25,3,203,21,224
2340903,31,95,79,26,20,251,9,260
2340904,15,91,89,29,10,234,12,246
2340905,19,67,32,8,6,132,10,142
2340906,29,81,43,7,9,169,11,180
2340907,27,108,81,23,7,246,11,257
2340908,11,21,9,3,0,44,6,50
2340909,70,111,64,11,0,256,23,279
2340910,54,72,37,11,0,174,23,197
2340911,10,94,75,32,12,223,12,235
2340912,14,47,38,16,3,118,11,129
2340913,0,0,0,0,0,0,0,0
2341001,3,14,125,54,41,237,0,237
2341002,5,59,73,32,8,177,5,182
2341003,9,65,117,30,10,231,17,248
2341004,5,63,129,42,31,270,3,273
2341005,20,78,74,18,5,195,4,199
2341006,6,40,75,31,21,173,6,179
2341007,0,13,60,32,29,134,7,141
2341008,3,27,95,49,55,229,3,232
2341009,4,48,164,40,21,277,12,289
2341010,11,68,166,65,19,329,12,341
2341011,3,35,102,15,10,165,3,168
2341012,4,97,131,32,11,275,8,283
2341013,11,77,107,38,22,255,15,270
2341014,8,46,89,26,9,178,6,184
2341015,3,31,125,39,23,221,6,227
2341016,5,71,153,34,16,279,6,285
2341017,0,7,52,14,9,82,4,86
2341018,4,19,59,52,42,176,9,185
2341101,49,99,19,4,4,175,12,187
2341102,7,65,171,35,16,294,3,297
2341103,3,35,50,23,8,119,0,119
2341104,17,72,84,19,16,208,7,215
2341105,6,92,170,42,10,320,6,326
2341106,12,51,30,8,3,104,3,107
2341107,5,77,141,39,9,271,5,276
2341108,0,20,121,55,57,253,0,253
2341109,0,55,120,32,6,213,9,222
2341110,4,60,123,23,8,218,4,222
2341112,16,108,172,46,8,350,9,359
2341113,8,51,107,13,7,186,4,190
2341114,12,97,197,52,17,375,12,387
2341115,4,39,67,18,3,131,6,137
2341116,23,80,58,20,6,187,13,200
2341117,3,39,51,23,9,125,4,129
2341118,4,42,139,22,7,214,5,219
2341119,7,72,106,27,3,215,9,224
2341120,4,69,165,41,17,296,7,303
2341121,0,31,76,16,5,128,0,128
2341122,4,55,183,21,11,274,6,280
2341123,3,38,92,28,11,172,0,172
2341124,0,36,85,10,6,137,6,143
2341201,3,21,76,23,23,146,3,149
2341202,0,24,45,25,32,126,3,129
2341203,0,13,69,21,29,132,3,135
2341204,4,21,65,16,31,137,0,137
2341205,9,141,105,37,13,305,12,317
2341206,12,92,66,30,11,211,9,220
2341207,3,51,126,36,12,228,6,234
2341208,4,55,153,63,21,296,9,305
2341209,3,56,116,39,40,254,6,260
2341210,15,77,69,15,18,194,7,201
2341211,4,23,55,18,13,113,3,116
2341212,9,66,72,23,8,178,4,182
2341213,0,25,153,21,11,210,6,216
2341214,0,47,100,24,10,181,4,185
2341215,0,21,165,88,61,335,6,341
2341216,0,33,114,36,23,206,3,209
2341217,5,15,65,25,26,136,5,141
2341301,19,74,38,12,9,152,5,157
2341302,0,25,58,26,21,130,5,135
2341303,3,20,65,36,27,151,3,154
2341304,0,33,98,35,13,179,8,187
2341305,0,30,114,52,39,235,7,242
2341306,0,27,123,62,33,245,8,253
2341307,3,13,75,39,23,153,0,153
2341308,0,13,54,25,35,127,0,127
2341309,0,10,39,27,32,108,0,108
2341310,13,85,152,43,19,312,3,315
2341311,3,20,31,26,20,100,3,103
2341312,3,23,63,30,12,131,0,131
2341313,0,21,147,29,8,205,3,208
2341314,0,8,62,17,15,102,3,105
2341315,0,39,172,47,14,272,8,280
2341316,7,38,31,18,3,97,5,102
2341317,3,87,175,40,14,319,7,326
2341318,7,120,171,26,10,334,10,344
2341319,0,67,108,23,11,209,3,212
2341320,10,134,186,29,9,368,8,376
2341321,0,9,42,28,21,100,0,100
2341401,5,37,72,28,29,171,4,175
2341402,14,83,156,52,24,329,11,340
2341403,8,24,42,20,12,106,0,106
2341404,3,21,86,32,18,160,4,164
2341405,0,148,248,61,20,477,13,490
2341406,0,8,37,12,10,67,3,70
2341407,0,24,67,33,23,147,8,155
2341408,3,27,83,16,12,141,5,146
2341409,4,83,163,56,26,332,0,332
2341410,4,67,100,39,20,230,10,240
2341411,7,85,140,48,26,306,8,314
2341412,0,17,30,22,13,82,5,87
2341413,3,33,48,9,4,97,3,100
2341414,0,26,58,26,31,141,4,145
2341415,8,73,137,23,9,250,0,250
2341501,7,33,92,34,21,187,5,192
2341502,4,79,116,46,25,270,5,275
2341503,3,22,100,43,33,201,4,205
2341504,0,14,35,13,15,77,0,77
2341505,0,25,35,21,12,93,5,98
2341506,0,30,86,57,25,198,11,209
2341507,8,86,122,49,19,284,4,288
2341508,10,62,92,19,17,200,8,208
2341509,0,26,71,28,17,142,0,142
2341510,0,36,45,24,24,129,4,133
2341601,6,55,83,37,15,196,8,204
2341602,16,117,124,37,10,304,8,312
2341603,19,69,60,24,5,177,9,186
2341604,12,77,113,39,10,251,3,254
2341605,3,96,75,29,6,209,4,213
2341606,10,72,121,27,9,239,10,249
2341607,10,92,134,41,9,286,18,304
2341608,6,101,123,28,8,266,10,276
2341609,15,82,117,26,12,252,10,262
2341610,5,74,74,13,0,166,6,172
2341611,4,65,81,24,5,179,5,184
2341612,15,104,136,47,14,316,13,329
2341613,4,62,57,16,6,145,0,145
2341614,6,72,98,24,8,208,6,214
2341701,13,90,86,18,8,215,8,223
2341702,19,78,126,38,16,277,4,281
2341703,18,70,75,26,16,205,12,217
2341704,8,28,28,8,0,72,5,77
2341705,6,57,108,36,12,219,0,219
2341706,17,109,126,50,15,317,5,322
2341707,0,43,106,28,8,185,3,188
2341708,4,32,60,22,10,128,5,133
2341709,8,71,99,28,13,219,3,222
2341710,3,87,125,42,14,271,5,276
2341711,0,69,108,26,17,220,10,230
2341712,0,68,145,38,12,263,3,266
2341713,18,109,73,16,9,225,13,238
2341714,6,40,103,36,25,210,6,216
2341715,4,61,113,29,10,217,8,225
2341716,6,43,67,16,7,139,0,139
2341717,3,47,138,35,8,231,4,235
2341718,100,75,6,0,0,181,24,205
2341719,34,54,19,5,0,112,18,130
2341720,0,38,96,28,11,173,6,179
2341721,0,41,147,23,9,220,3,223
2341722,5,37,125,27,13,207,4,211
2341723,0,23,107,31,7,168,3,171
2341724,6,39,103,21,9,178,3,181
2341801,0,86,189,35,15,325,10,335
2341802,37,80,30,0,0,147,11,158
2341803,41,67,20,0,3,131,11,142
2341804,17,129,119,36,12,313,10,323
2341805,42,148,111,36,14,351,12,363
2341806,28,150,134,26,10,348,12,360
2341807,29,57,29,6,3,124,5,129
2341808,11,101,110,28,12,262,14,276
2341809,22,114,84,23,6,249,12,261
2341810,9,74,117,47,23,270,10,280
2341811,35,170,83,14,3,305,24,329
2341812,3,25,17,4,3,52,3,55
2341813,0,0,0,0,0,0,0,0
2341901,3,30,51,36,26,146,9,155
2341902,5,20,61,27,18,131,4,135
2341903,5,44,109,57,65,280,5,285
2341904,8,39,87,54,38,226,6,232
2341906,12,66,120,35,15,248,25,273
2341907,5,58,86,29,15,193,5,198
2341908,6,13,45,21,39,124,5,129
2341909,3,7,23,0,3,36,8,44
2341910,7,32,74,46,45,204,13,217
2341911,4,47,71,29,17,168,7,175
2341912,0,57,84,22,7,170,5,175
2341913,4,23,44,14,5,90,4,94
2341914,0,23,108,29,10,170,3,173
2341915,0,35,124,33,6,198,5,203
2341916,3,45,230,52,7,337,5,342
2341917,30,108,13,0,0,151,10,161
2341918,3,55,127,27,5,217,3,220
2341919,9,90,203,45,13,360,3,363
2341920,9,126,183,32,6,356,13,369
2341921,10,89,93,20,3,215,13,228
2341922,0,35,69,15,7,126,3,129
2341923,0,0,0,0,0,0,0,0
2342001,6,44,101,52,45,248,4,252
2342002,17,38,46,18,9,128,10,138
2342003,19,125,151,50,20,365,12,377
2342004,6,41,66,49,27,189,7,196
2342005,7,34,69,33,25,168,4,172
2342006,0,39,73,30,43,185,8,193
2342007,3,31,62,35,21,152,5,157
2342008,20,101,130,52,18,321,16,337
2342101,13,105,101,29,7,255,8,263
2342102,0,12,12,10,10,44,3,47
2342103,4,75,88,29,10,206,4,210
2342104,8,100,74,31,10,223,8,231
2342105,13,75,86,39,7,220,8,228
2342106,11,86,129,38,21,285,9,294
2342107,7,55,54,25,4,145,4,149
2342108,11,131,131,35,11,319,20,339
2342109,14,70,56,17,3,160,4,164
2342110,3,59,157,31,8,258,7,265
2342111,5,40,191,53,15,304,11,315
2342112,4,41,72,23,4,144,5,149
2342113,3,57,89,35,8,192,9,201
2342114,0,0,0,0,0,0,0,0
2342115,5,59,72,14,13,163,0,163
2342116,0,25,76,25,3,129,4,133
2342117,3,62,136,42,11,254,5,259
2342118,0,24,53,18,3,98,6,104
2342119,4,32,68,12,4,120,0,120
2342120,0,29,86,18,4,137,0,137
2342121,0,10,26,3,0,39,0,39
2342122,0,3,3,3,3,12,0,12
2342123,5,59,201,50,15,330,11,341
2342201,14,96,124,48,12,294,15,309
2342202,21,91,101,28,14,255,11,266
2342203,25,91,59,16,4,195,9,204
2342204,43,112,80,30,7,272,7,279
2342205,11,73,68,24,10,186,16,202
2342206,24,106,83,21,4,238,16,254
2342207,30,113,60,14,4,221,26,247
2342208,30,85,40,17,0,172,5,177
2342209,27,65,34,4,3,133,8,141
2342210,18,53,48,25,4,148,10,158
2342301,8,55,88,24,14,189,7,196
2342302,16,105,94,35,14,264,9,273
2342303,18,118,101,40,19,296,9,305
2342304,23,92,62,19,10,206,5,211
2342305,20,75,89,30,8,222,4,226
2342306,6,40,67,32,11,156,3,159
2342307,7,139,158,33,12,349,13,362
2342308,16,113,107,18,5,259,10,269
2342309,10,82,75,19,0,186,15,201
2342310,10,66,66,16,13,171,6,177
2342311,21,89,89,30,10,239,14,253
2342312,6,81,87,20,3,197,10,207
2342313,11,85,90,33,8,227,10,237
2342314,9,39,36,8,9,101,6,107
2342315,11,75,106,19,11,222,4,226
2342316,0,35,63,13,11,122,0,122
2342317,3,53,80,25,9,170,6,176
2342318,7,79,146,25,6,263,11,274
2342319,8,97,113,28,8,254,3,257
2342401,0,23,131,53,41,248,4,252
2342402,5,57,49,18,5,134,0,134
2342403,3,49,56,12,5,125,5,130
2342404,6,62,78,32,6,184,3,187
2342405,6,31,146,41,21,245,4,249
2342406,7,112,177,42,5,343,7,350
2342407,7,76,62,22,9,176,6,182
2342408,6,52,75,20,3,156,3,159
2342409,13,89,120,23,8,253,13,266
2342410,11,73,98,25,8,215,9,224
2342411,10,119,117,36,7,289,10,299
2342412,0,43,110,25,8,186,0,186
2342413,3,44,125,27,12,211,7,218
2342414,0,60,180,53,27,320,5,325
2342415,3,47,152,43,11,256,8,264
2342416,5,47,109,35,13,209,4,213
2342417,3,31,146,40,16,236,5,241
2342418,6,68,163,24,8,269,11,280
2342419,9,111,137,32,13,302,12,314
2342420,0,33,124,35,5,197,9,206
2342421,0,58,175,46,14,293,5,298
2342422,3,36,206,58,25,328,7,335
2342423,4,45,158,33,10,250,6,256
2342424,0,19,40,12,9,80,0,80
2342425,3,38,59,10,3,113,3,116
2342426,0,30,132,26,11,199,4,203
2342427,0,45,105,30,5,185,0,185
2342428,0,14,70,14,8,106,7,113
2342429,4,43,90,30,8,175,6,181
2342430,4,80,163,35,13,295,7,302
2342431,0,51,88,13,8,160,4,164
2342432,0,26,55,17,0,98,4,102
2342501,9,81,132,21,9,252,7,259
2342502,3,85,142,30,16,276,5,281
2342503,3,56,79,20,3,161,10,171
2342504,7,106,90,12,9,224,6,230
2342505,7,78,69,13,0,167,6,173
2342506,9,99,107,25,10,250,10,260
2342507,6,96,127,31,5,265,7,272
2342508,4,125,106,24,4,263,6,269
2342509,13,128,95,19,0,255,6,261
2342510,15,79,66,27,5,192,7,199
2342511,17,123,152,36,21,349,8,357
2342512,4,75,181,61,27,348,8,356
2342513,0,43,103,36,12,194,5,199
2342514,0,48,99,19,4,170,8,178
2342515,11,87,156,30,6,290,3,293
2342516,4,52,97,29,6,188,4,192
2342517,3,25,79,20,9,136,4,140
2342518,0,21,60,14,4,99,0,99
2342519,3,62,70,26,10,171,8,179
2342601,33,122,135,36,8,334,17,351
2342602,9,98,110,32,11,260,7,267
2342603,12,84,104,25,13,238,9,247
2342604,0,29,63,25,33,150,9,159
2342605,4,12,56,29,25,126,3,129
2342606,0,41,73,37,32,183,4,187
2342607,5,34,54,27,23,143,0,143
2342608,0,20,39,19,10,88,5,93
2342609,0,25,43,25,17,110,6,116
2342610,0,11,36,11,14,72,0,72
2342611,6,98,88,27,6,225,6,231
2342612,5,52,154,30,12,253,4,257
2342613,3,26,58,11,6,104,3,107
2342614,0,18,72,10,3,103,0,103
2342615,0,9,41,17,16,83,0,83
2342616,16,124,146,27,18,331,14,345
2350101,11,57,65,29,11,173,3,176
2350102,7,84,112,26,15,244,8,252
2350103,7,40,61,18,8,134,5,139
2350104,16,33,72,23,11,155,4,159
2350105,13,71,121,31,11,247,10,257
2350106,5,39,76,28,4,152,0,152
2350107,8,32,53,14,4,111,0,111
2350108,0,47,70,25,4,146,5,151
2350109,7,38,76,22,12,155,7,162
2350110,0,98,88,14,4,204,6,210
2350201,26,114,67,10,5,222,7,229
2350202,15,55,52,4,4,130,0,130
2350203,18,64,77,22,11,192,9,201
2350204,13,53,40,12,0,118,5,123
2350205,17,100,68,11,6,202,6,208
2350206,28,93,46,9,0,176,11,187
2350207,15,74,58,8,7,162,3,165
2350208,20,52,26,0,0,98,3,101
2350209,53,150,54,11,4,272,15,287
2350210,26,91,103,24,10,254,9,263
2350211,4,18,25,7,3,57,0,57
2350212,14,77,58,8,3,160,4,164
2350213,16,85,71,21,3,196,8,204
2350301,0,23,34,19,4,80,3,83
2350302,11,76,91,21,18,217,8,225
2350303,6,97,86,18,14,221,10,231
2350304,6,32,49,15,6,108,5,113
2350305,21,95,111,12,10,249,4,253
2350306,19,74,45,15,0,153,0,153
2350307,15,87,119,24,5,250,13,263
2350308,23,52,105,25,8,213,11,224
2350309,16,106,126,21,8,277,6,283
2350310,3,54,39,3,3,102,6,108
2350311,6,40,39,5,0,90,5,95
2350312,17,84,51,17,11,180,3,183
2350401,17,84,112,22,7,242,4,246
2350402,11,65,132,28,14,250,3,253
2350403,4,73,110,26,13,226,7,233
2350404,9,102,113,18,11,253,4,257
2350405,7,66,77,35,10,195,7,202
2350406,9,96,90,25,16,236,11,247
2350407,10,60,69,17,11,167,3,170
2350408,7,66,85,19,16,193,6,199
2350409,8,84,149,45,23,309,5,314
2350501,29,107,75,17,5,233,9,242
2350502,9,80,93,26,4,212,8,220
2350503,32,127,83,21,13,276,7,283
2350504,20,80,69,9,5,183,3,186
2350505,23,99,69,15,4,210,9,219
2350506,19,127,107,19,6,278,7,285
2350507,8,34,29,7,0,78,0,78
2350508,4,42,46,11,0,103,5,108
2350509,4,49,70,22,8,153,4,157
2350601,34,108,74,14,6,236,10,246
2350602,42,93,48,10,4,197,3,200
2350603,35,119,87,19,7,267,6,273
2350604,3,15,42,12,11,83,8,91
2350605,17,67,51,20,7,162,5,167
2350606,12,47,30,12,6,107,0,107
2350607,8,51,44,16,0,119,0,119
2350608,22,102,107,8,9,248,5,253
2350609,45,130,88,18,6,287,13,300
2350610,39,103,63,4,5,214,10,224
2350611,16,53,42,3,3,117,0,117
2350612,8,43,35,6,3,95,0,95
2350701,13,62,42,29,13,159,0,159
2350702,50,133,103,17,8,311,0,311
2350703,39,63,28,4,0,134,16,150
2350704,64,97,27,7,0,195,17,212
2350705,48,121,78,16,7,270,8,278
2350706,52,122,84,12,0,270,3,273
2350707,22,53,17,0,0,92,5,97
2350708,6,22,18,3,0,49,8,57
2350709,14,30,25,6,7,82,0,82
2350710,26,73,30,0,4,133,7,140
2350711,69,41,19,7,5,141,18,159
2350712,42,100,39,10,6,197,7,204
2350801,25,90,59,9,3,186,4,190
2350802,38,90,88,10,5,231,6,237
2350803,42,93,75,13,3,226,0,226
2350804,82,133,59,0,0,274,9,283
2350805,127,74,12,3,6,222,13,235
2350806,21,34,35,4,4,98,3,101
2350807,3,44,42,19,10,118,4,122
2350808,13,58,45,10,0,126,8,134
2350809,38,86,58,14,3,199,0,199
2350812,79,97,40,11,0,227,11,238
2350901,9,52,78,27,6,172,6,178
2350902,9,48,81,13,3,154,6,160
2350903,14,62,76,12,4,168,10,178
2350904,32,133,69,13,3,250,8,258
2350905,22,53,20,0,0,95,3,98
2350906,26,87,40,6,3,162,4,166
2350907,24,147,90,19,6,286,7,293
2350908,34,113,46,13,0,206,4,210
2351001,35,73,58,7,5,178,7,185
2351002,53,80,26,5,0,164,5,169
2351003,67,154,103,12,6,342,13,355
2351004,8,45,28,6,0,87,9,96
2351005,28,99,75,24,5,231,9,240
2351006,26,70,67,10,0,173,3,176
2351007,49,105,69,5,5,233,11,244
2351008,19,68,76,9,6,178,0,178
2351009,39,112,62,10,8,231,8,239
2351010,38,106,60,8,6,218,11,229
2351101,24,84,92,32,5,237,8,245
2351102,20,73,55,17,15,180,0,180
2351103,11,28,47,21,11,118,0,118
2351104,44,82,38,6,5,175,4,179
2351105,12,25,28,13,10,88,6,94
2351106,33,66,108,17,20,244,13,257
2351107,20,136,87,24,8,275,7,282
2351108,21,75,61,21,0,178,5,183
2351109,26,25,19,12,4,86,3,89
2351110,26,49,43,11,0,129,3,132
2351201,11,37,89,14,4,155,0,155
2351202,50,133,56,21,4,264,7,271
2351203,14,68,100,36,7,225,0,225
2351204,4,49,75,21,4,153,3,156
2351205,9,67,96,18,6,196,3,199
2351206,19,100,104,32,12,267,9,276
2351207,16,75,95,16,4,206,4,210
2351208,3,26,48,18,10,105,9,114
2351209,3,32,50,5,3,93,0,93
2351301,22,65,111,22,8,228,5,233
2351302,17,52,40,9,4,122,7,129
2351303,10,33,39,10,0,92,0,92
2351304,49,115,79,13,6,262,6,268
2351305,33,60,53,14,3,163,13,176
2351306,24,62,47,11,3,147,6,153
2351307,24,94,95,16,15,244,6,250
2351308,8,78,111,28,7,232,7,239
2351309,8,64,65,6,5,148,7,155
2351310,6,50,103,21,8,188,11,199
2351311,45,57,21,6,0,129,10,139
2351312,44,84,70,13,4,215,11,226
2351401,9,73,61,10,11,164,4,168
2351402,24,87,85,7,5,208,5,213
2351403,17,72,96,21,0,206,6,212
2351404,10,40,45,9,5,109,0,109
2351405,14,63,95,12,7,191,6,197
2351406,10,47,72,18,11,158,3,161
2351407,18,77,86,20,4,205,3,208
2351408,10,77,80,24,9,200,8,208
2351409,5,25,31,4,5,70,3,73
2351410,9,28,52,10,14,113,5,118
2351411,9,41,54,6,6,116,0,116
2351412,6,46,71,12,4,139,3,142
2351501,12,65,107,24,7,215,4,219
2351502,6,50,74,20,5,155,0,155
2351503,21,110,126,28,6,291,9,300
2351504,11,78,73,18,8,188,4,192
2351505,19,76,111,33,16,255,11,266
2351506,13,34,50,16,6,119,6,125
2351507,8,60,65,17,0,150,5,155
2351508,16,89,111,26,12,254,3,257
2351509,24,59,74,16,8,181,4,185
2351510,0,23,19,11,4,57,6,63
2351601,0,49,70,30,15,164,4,168
2351602,11,66,100,23,14,214,8,222
2351603,6,31,80,25,8,150,7,157
2351604,0,39,80,31,17,167,8,175
2351605,21,99,117,25,15,277,8,285
2351606,10,35,70,29,4,148,3,151
2351607,10,61,85,19,10,185,8,193
2351608,5,45,56,15,4,125,0,125
2351609,7,40,104,26,13,190,0,190
2351701,6,34,93,14,11,158,8,166
2351702,10,67,146,44,25,292,4,296
2351703,4,73,110,21,10,218,11,229
2351704,14,77,102,26,5,224,5,229
2351705,9,75,79,16,9,188,6,194
2351706,6,74,133,40,15,268,8,276
2351707,8,53,93,38,16,208,8,216
2351708,7,62,88,15,9,181,9,190
2351709,8,80,93,23,9,213,8,221
2351710,7,79,60,20,9,175,10,185
2351711,6,33,64,13,3,119,4,123
2351801,7,45,53,15,10,130,5,135
2351802,7,80,118,41,6,252,3,255
2351803,6,45,76,28,15,170,4,174
2351804,14,89,148,27,14,292,7,299
2351805,13,89,135,34,15,286,6,292
2351806,19,68,116,37,14,254,4,258
2351807,29,69,101,29,13,241,5,246
2351808,6,22,44,14,0,86,5,91
2351809,9,79,101,28,15,232,10,242
2351810,16,89,112,30,15,262,5,267
2351901,15,73,95,25,10,218,10,228
2351902,10,66,80,24,7,187,3,190
2351903,8,64,93,31,7,203,5,208
2351904,15,71,144,23,11,264,14,278
2351905,21,93,137,41,12,304,3,307
2351906,8,67,83,28,7,193,5,198
2351907,25,79,72,20,7,203,9,212
2351908,22,110,92,16,6,246,12,258
2351909,20,94,84,12,0,210,8,218
2351910,6,51,54,13,3,127,5,132
2352001,16,88,146,33,11,294,6,300
2352002,31,98,112,27,11,279,9,288
2352003,13,68,111,20,8,220,3,223
2352004,14,63,110,30,7,224,7,231
2352005,8,71,110,22,6,217,10,227
2352006,28,109,80,18,10,245,4,249
2352007,18,61,71,22,15,187,10,197
2352008,12,42,101,26,19,200,6,206
2352009,4,64,81,22,13,184,5,189
2352010,22,95,89,25,10,241,4,245
2352101,27,116,111,22,10,286,4,290
2352102,32,64,30,7,0,133,5,138
2352103,49,80,38,6,0,173,13,186
2352104,49,118,88,18,9,282,8,290
2352105,35,140,94,21,3,293,0,293
2352106,20,92,145,30,18,305,7,312
2352107,11,78,62,6,0,157,0,157
2352108,18,86,83,25,6,218,6,224
2352109,14,126,117,28,14,299,8,307
2352110,18,58,39,10,0,125,4,129
2352111,19,57,22,3,0,101,9,110
2352201,26,91,104,38,12,271,3,274
2352202,23,70,58,10,16,177,16,193
2352203,8,104,126,37,15,290,3,293
2352204,22,93,96,22,10,243,10,253
2352205,17,76,85,15,19,212,7,219
2352206,9,65,105,26,18,223,3,226
2352207,6,36,42,11,5,100,3,103
2352208,8,78,106,22,18,232,7,239
2352209,16,49,53,17,9,144,4,148
2352210,8,83,62,17,12,182,5,187
2352211,14,55,41,9,7,126,3,129
2352301,15,51,73,19,14,172,10,182
2352302,11,42,101,30,9,193,3,196
2352303,10,37,87,32,19,185,0,185
2352304,5,47,90,27,18,187,3,190
2352305,17,33,34,10,13,107,4,111
2352306,7,38,60,19,10,134,8,142
2352307,14,72,99,28,18,231,0,231
2352308,6,41,55,14,9,125,5,130
2352309,7,19,26,6,0,58,0,58
2352310,4,39,86,23,7,159,4,163
2352401,7,62,79,11,9,168,3,171
2352402,6,43,58,17,3,127,4,131
2352403,18,65,74,14,15,186,11,197
2352404,36,84,83,17,5,225,3,228
2352405,21,87,96,26,8,238,5,243
2352406,4,67,88,21,16,196,3,199
2352407,9,47,85,20,7,168,3,171
2352408,21,102,132,43,8,306,13,319
2352409,17,48,45,9,7,126,0,126
2352410,11,44,56,8,12,131,4,135
2352411,9,42,94,32,12,189,7,196
2352412,7,43,50,10,6,116,5,121
2352501,26,62,81,14,6,189,9,198
2352502,16,81,101,29,9,236,4,240
2352503,5,97,119,24,22,267,3,270
2352504,13,77,87,11,12,200,5,205
2352505,8,95,104,33,13,253,9,262
2352506,14,83,86,17,9,209,3,212
2352507,26,128,127,24,9,314,7,321
2352508,15,81,90,21,12,219,6,225
2352509,6,64,87,25,9,191,6,197
2352510,3,32,70,13,3,121,3,124
2352601,4,44,77,14,11,150,0,150
2352602,14,89,126,23,5,257,4,261
2352603,4,53,68,21,11,157,4,161
2352604,6,41,71,21,8,147,5,152
2352605,19,73,61,16,4,173,4,177
2352606,21,71,61,6,4,163,5,168
2352607,18,78,73,16,5,190,8,198
2352608,29,55,67,23,7,181,8,189
2352609,3,32,76,16,8,135,0,135
2352610,9,52,80,10,9,160,0,160
2352612,27,82,50,19,3,181,4,185
2352701,13,64,90,31,15,213,9,222
2352702,10,47,112,23,4,196,8,204
2352703,7,48,77,24,6,162,6,168
2352704,11,90,164,33,14,312,7,319
2352705,9,85,174,32,16,316,8,324
2352706,12,76,101,34,13,236,4,240
2352707,0,43,91,26,18,178,3,181
2352708,3,49,100,21,6,179,3,182
2352709,3,45,80,15,12,155,9,164
2352710,13,56,74,21,3,167,3,170
2352711,4,42,79,15,17,157,3,160
2352712,4,68,96,12,4,184,7,191
2360101,19,135,123,30,9,316,15,331
2360102,20,108,82,22,3,235,5,240
2360103,9,37,50,13,8,117,4,121
2360104,11,81,96,14,4,206,3,209
2360105,15,82,96,16,11,220,3,223
2360106,32,130,81,18,5,266,6,272
2360107,12,76,60,18,6,172,7,179
2360108,3,41,26,8,0,78,0,78
2360109,40,130,80,22,3,275,6,281
2360110,14,43,59,15,0,131,4,135
2360111,13,45,63,12,5,138,4,142
2360201,15,104,116,14,13,262,14,276
2360202,11,99,132,31,8,281,8,289
2360203,27,120,141,32,8,328,8,336
2360204,29,91,76,15,9,220,4,224
2360205,23,87,99,21,7,237,6,243
2360206,5,76,68,12,8,169,4,173
2360207,17,77,96,24,9,223,5,228
2360208,10,81,78,14,0,183,11,194
2360209,10,48,47,10,5,120,6,126
2360210,21,123,73,17,9,243,5,248
2360301,9,81,64,10,5,169,3,172
2360302,0,39,36,10,5,90,4,94
2360303,19,99,104,35,12,269,9,278
2360304,16,81,86,23,12,218,6,224
2360305,17,102,97,22,10,248,6,254
2360306,44,78,65,14,8,209,10,219
2360307,5,22,33,6,3,69,0,69
2360308,5,46,29,8,3,91,4,95
2360309,37,94,39,3,3,176,11,187
2360310,6,73,75,17,5,176,0,176
2360311,0,0,0,0,0,0,0,0
2360312,3,43,67,21,4,138,0,138
2360313,0,0,0,0,0,0,0,0
2360401,17,82,99,16,0,214,8,222
2360402,15,84,104,27,11,241,0,241
2360403,13,109,100,29,15,266,5,271
2360404,23,130,127,26,11,317,6,323
2360405,33,99,106,23,9,270,5,275
2360406,23,58,44,6,5,136,7,143
2360407,18,82,52,18,0,170,6,176
2360408,4,40,85,22,7,158,3,161
2360409,20,96,89,32,12,249,14,263
2360410,3,57,140,29,7,236,4,240
2360411,25,108,74,11,11,229,10,239
2360501,17,125,94,18,17,271,11,282
2360502,21,115,133,33,8,310,7,317
2360503,0,36,39,14,9,98,0,98
2360504,14,78,122,28,18,260,8,268
2360505,10,56,51,12,0,129,10,139
2360506,11,68,76,18,9,182,4,186
2360507,10,77,101,32,8,228,4,232
2360508,19,108,173,29,19,348,12,360
2360509,7,50,52,20,5,134,3,137
2360510,6,96,152,41,20,315,10,325
2360511,4,32,36,11,7,90,3,93
2360601,32,134,122,29,8,325,7,332
2360602,43,147,82,11,8,291,7,298
2360603,28,107,74,19,5,233,7,240
2360604,24,128,96,19,8,275,9,284
2360605,11,88,98,21,6,224,6,230
2360606,20,107,93,25,9,254,8,262
2360607,29,99,57,15,4,204,8,212
2360608,6,38,33,11,3,91,3,94
2360609,4,36,32,8,0,80,4,84
2360610,17,98,98,35,10,258,4,262
2360611,8,37,57,9,10,121,0,121
2360701,12,53,41,13,3,122,4,126
2360702,24,114,110,38,8,294,4,298
2360703,7,38,39,8,3,95,4,99
2360704,66,134,37,12,5,254,16,270
2360705,29,108,60,10,5,212,8,220
2360706,19,82,102,20,6,229,5,234
2360707,19,112,119,12,4,266,3,269
2360708,14,113,121,27,13,288,10,298
2360709,6,31,45,10,0,92,3,95
2360710,3,55,40,13,7,118,6,124
2360711,3,36,24,7,4,74,3,77
2360802,38,111,122,33,20,324,13,337
2360803,62,142,91,21,10,326,10,336
2360804,19,119,127,38,8,311,6,317
2360805,17,101,132,31,17,298,6,304
2360806,20,88,109,32,10,259,7,266
2360807,7,85,105,16,7,220,0,220
2360808,36,94,96,15,8,249,10,259
2360809,10,45,66,7,0,128,7,135
2360810,0,26,25,10,10,71,0,71
2360811,34,79,64,18,4,199,13,212
2360812,3,18,38,5,3,67,4,71
2360813,6,23,45,5,0,79,7,86
2360901,23,143,121,15,11,313,10,323
2360902,26,97,88,18,13,242,0,242
2360903,16,71,46,18,0,151,9,160
2360904,17,82,73,27,14,213,3,216
2360905,11,73,103,27,14,228,8,236
2360906,0,41,43,14,6,104,6,110
2360907,18,75,95,24,12,224,0,224
2360908,19,95,63,11,0,188,4,192
2360909,13,48,70,27,9,167,0,167
2360910,10,64,71,17,3,165,3,168
2361001,6,64,85,22,8,185,4,189
2361002,29,137,89,28,8,291,10,301
2361003,12,54,51,16,7,140,5,145
2361004,15,108,121,41,15,300,3,303
2361005,13,112,131,26,10,292,8,300
2361006,18,30,52,10,0,110,3,113
2361007,13,64,117,27,7,228,0,228
2361008,114,79,37,7,5,242,34,276
2361009,23,33,31,15,3,105,8,113
2361010,8,52,55,7,9,131,0,131
2361101,17,87,104,28,10,246,14,260
2361102,14,69,95,24,9,211,6,217
2361103,6,112,139,35,11,303,8,311
2361104,30,116,120,29,10,305,5,310
2361105,8,43,48,12,3,114,6,120
2361106,17,79,101,30,12,239,10,249
2361107,16,127,114,35,7,299,10,309
2361108,4,73,92,28,0,197,3,200
2361109,21,117,111,27,6,282,12,294
2361110,11,49,88,36,11,195,6,201
2361111,14,55,56,15,6,146,10,156
2361201,24,111,147,30,14,326,8,334
2361202,5,84,81,35,12,217,6,223
2361203,6,58,58,34,4,160,4,164
2361204,21,106,100,30,9,266,9,275
2361205,11,77,87,17,10,202,3,205
2361206,24,108,83,33,7,255,8,263
2361207,10,44,66,22,9,151,0,151
2361208,7,48,56,18,8,137,3,140
2361209,9,77,122,46,30,284,4,288
2361210,9,78,52,20,0,159,4,163
2361301,25,128,86,20,7,266,14,280
2361302,51,90,66,20,11,238,15,253
2361303,27,52,48,15,10,152,6,158
2361304,13,55,51,7,0,126,7,133
2361305,28,124,93,20,13,278,4,282
2361306,10,33,33,8,5,89,7,96
2361307,9,74,79,16,8,186,5,191
2361308,14,113,106,19,3,255,12,267
2361309,13,101,115,25,9,263,0,263
2361310,9,67,63,16,4,159,7,166
2361311,3,30,64,25,11,133,3,136
2361312,19,65,55,13,9,161,9,170
2361313,5,36,41,16,5,103,5,108
2361401,3,51,149,36,18,257,6,263
2361402,10,63,123,37,11,244,9,253
2361403,6,61,98,34,20,219,7,226
2361404,3,52,124,45,14,238,0,238
2361405,9,41,78,26,13,167,3,170
2361406,0,44,97,41,32,214,0,214
2361407,10,37,44,19,8,118,0,118
2361408,4,23,113,38,14,192,0,192
2361409,3,38,66,17,3,127,3,130
2361410,4,54,135,47,35,275,10,285
2361411,0,32,59,27,7,125,0,125
2361412,4,20,46,8,7,85,3,88
2361501,0,54,132,41,16,243,5,248
2361502,4,55,75,15,10,159,11,170
2361503,3,65,108,29,20,225,3,228
2361504,0,32,115,48,20,215,3,218
2361505,4,51,120,50,27,252,6,258
2361506,9,75,162,51,35,332,8,340
2361507,54,79,95,43,12,283,13,296
2361508,5,33,111,32,18,199,6,205
2361509,0,35,95,27,33,190,3,193
2361510,5,45,86,27,10,173,0,173
2361511,3,38,88,28,25,182,5,187
2361601,41,78,45,13,0,177,10,187
2361602,33,116,102,27,8,286,5,291
2361603,18,72,78,20,9,197,15,212
2361604,24,73,69,35,8,209,6,215
2361605,50,135,105,25,8,323,13,336
2361606,45,79,63,23,7,217,14,231
2361607,17,74,59,17,6,173,5,178
2361608,24,72,101,20,11,228,3,231
2361609,9,88,142,39,15,293,4,297
2361610,17,66,38,12,6,139,6,145
2361611,14,63,80,19,7,183,7,190
2361612,28,59,44,15,3,149,14,163
2361613,39,93,18,0,0,150,17,167
2361701,22,109,98,20,10,259,3,262
2361702,7,23,45,17,5,97,0,97
2361703,16,93,100,26,7,242,3,245
2361704,13,70,88,18,9,198,5,203
2361705,8,26,32,13,7,86,4,90
2361706,37,108,83,18,11,257,10,267
2361707,34,79,80,18,10,221,7,228
2361708,12,70,85,24,15,206,3,209
2361709,8,47,66,11,3,135,3,138
2361710,12,64,79,19,13,187,8,195
2361711,46,130,91,21,4,292,11,303
2361801,33,121,105,18,11,288,9,297
2361802,55,101,32,3,3,194,4,198
2361803,62,129,76,18,6,291,11,302
2361804,19,99,112,31,13,274,6,280
2361805,18,66,47,13,3,147,6,153
2361806,36,100,89,31,14,270,11,281
2361807,26,103,71,16,13,229,5,234
2361808,20,100,102,34,7,263,8,271
2361809,14,49,53,14,7,137,3,140
2361810,7,55,55,14,6,137,0,137
2361811,67,120,51,12,5,255,12,267
2361901,13,94,118,24,9,258,12,270
2361902,17,75,101,24,5,222,8,230
2361903,11,52,68,22,8,161,4,165
2361904,11,48,52,12,4,127,7,134
2361905,23,124,131,19,9,306,6,312
2361906,10,94,134,32,15,285,8,293
2361907,17,67,95,27,14,220,0,220
2361908,11,96,98,18,14,237,10,247
2361909,9,34,11,5,4,63,0,63
2361910,21,123,89,18,6,257,6,263
2361911,20,76,143,28,15,282,3,285
2361912,5,15,15,4,0,39,3,42
2361913,19,32,13,0,0,64,7,71
2362001,22,82,69,19,3,195,5,200
2362002,38,122,69,14,5,248,7,255
2362003,10,80,83,15,5,193,0,193
2362004,10,48,51,17,5,131,4,135
2362005,36,137,116,21,11,321,14,335
2362006,16,88,100,19,7,230,6,236
2362007,23,51,56,15,3,148,3,151
2362008,21,68,62,11,0,162,10,172
2362009,10,63,61,8,5,147,0,147
2362010,23,123,120,24,7,297,15,312
2362011,21,111,117,25,11,285,7,292
2362012,17,87,79,20,13,216,0,216
2362013,13,78,70,12,6,179,3,182
2362014,42,89,39,4,0,174,4,178
2362101,36,135,111,34,9,325,5,330
2362102,13,103,82,14,5,217,9,226
2362103,9,65,62,4,0,140,3,143
2362104,10,40,28,3,0,81,3,84
2362105,27,133,73,17,3,253,14,267
2362106,13,51,29,10,3,106,0,106
2362107,45,81,58,10,7,201,18,219
2362108,40,119,99,16,9,283,8,291
2362109,54,118,37,9,3,221,9,230
2362110,36,87,58,19,5,205,9,214
2362111,81,127,68,10,0,286,18,304
2362112,71,66,32,0,0,169,16,185
2362113,20,75,47,3,3,148,8,156
2362114,0,0,0,0,0,0,0,0
2362201,13,36,52,9,0,110,3,113
2362202,22,84,65,19,5,195,10,205
2362203,28,102,89,13,5,237,7,244
2362204,16,98,102,28,10,254,12,266
2362205,16,67,79,19,4,185,6,191
2362206,19,82,78,27,11,217,5,222
2362207,16,109,97,28,8,258,4,262
2362208,36,62,73,16,3,190,13,203
2362209,16,81,77,18,4,196,12,208
2362210,9,72,74,23,7,185,6,191
2362211,19,51,67,17,0,154,5,159
2362212,16,108,96,19,9,248,5,253
2362213,23,56,61,10,7,157,8,165
2362214,7,65,83,10,6,171,4,175
2362215,18,86,15,0,0,119,7,126
2362216,19,76,6,0,0,101,6,107
2370101,18,70,48,22,14,172,11,183
2370102,23,135,60,16,9,243,21,264
2370103,41,103,86,27,10,267,11,278
2370104,28,61,25,5,5,124,8,132
2370105,70,136,81,37,6,330,18,348
2370106,25,113,89,36,11,274,20,294
2370107,23,124,78,36,12,273,16,289
2370108,55,96,79,25,10,265,12,277
2370109,28,79,41,20,7,175,11,186
2370110,40,113,78,17,11,259,25,284
2370111,51,88,35,3,3,180,18,198
2370112,0,0,0,0,0,0,0,0
2370113,0,0,0,0,0,0,0,0
2370201,20,91,55,11,10,187,10,197
2370202,11,54,43,24,3,135,3,138
2370203,0,0,0,0,0,0,0,0
2370204,32,128,48,10,4,222,13,235
2370205,40,159,81,18,7,305,28,333
2370206,53,161,86,16,7,323,17,340
2370207,22,108,96,31,12,269,13,282
2370208,14,63,63,26,14,180,3,183
2370209,24,60,34,13,5,136,8,144
2370210,14,62,59,20,11,166,6,172
2370301,28,102,42,13,5,190,16,206
2370302,41,75,49,24,3,192,14,206
2370303,33,94,49,13,8,197,12,209
2370304,42,111,71,9,8,241,20,261
2370305,30,91,50,10,3,184,16,200
2370306,40,136,93,16,8,293,17,310
2370307,20,86,33,11,7,157,8,165
2370308,12,64,30,13,0,119,4,123
2370401,46,134,66,27,10,283,12,295
2370402,38,75,50,13,9,185,10,195
2370403,24,40,22,0,7,93,7,100
2370404,50,115,89,14,7,275,19,294
2370405,31,123,100,30,13,297,22,319
2370406,14,84,65,21,5,189,8,197
2370407,16,48,24,7,0,95,5,100
2370408,28,57,39,21,5,150,6,156
2370409,15,117,100,27,8,267,12,279
2370410,30,70,66,18,10,194,20,214
2370411,15,91,117,31,17,271,22,293
2370412,30,57,66,12,7,172,12,184
2370413,12,38,24,9,3,86,7,93
2370501,55,121,61,21,11,269,23,292
2370502,31,60,19,8,0,118,8,126
2370503,62,64,51,16,9,202,18,220
2370504,20,48,26,6,5,105,7,112
2370505,20,73,73,16,9,191,7,198
2370506,29,95,76,26,0,226,8,234
2370507,31,118,95,33,8,285,14,299
2370508,16,108,97,40,14,275,15,290
2370509,50,75,69,21,4,219,29,248
2370510,88,103,13,0,0,204,22,226
2370601,12,50,61,20,12,155,4,159
2370602,25,116,108,34,18,301,24,325
2370603,20,106,94,23,11,254,11,265
2370604,7,43,115,29,20,214,10,224
2370605,12,80,48,13,5,158,8,166
2370701,24,80,80,22,16,222,9,231
2370702,17,106,103,46,18,290,10,300
2370703,12,67,55,20,9,163,16,179
2370704,21,92,115,45,15,288,8,296
2370705,5,78,151,73,16,323,15,338
2370706,16,50,62,12,10,150,4,154
2370707,3,55,85,31,10,184,10,194
2370708,5,87,63,34,8,197,8,205
2370709,19,106,101,32,9,267,14,281
2370710,3,33,65,30,15,146,10,156
2370711,8,99,76,25,18,226,10,236
2370712,13,55,64,21,6,159,16,175
2370713,31,114,97,33,11,286,13,299
2370714,0,61,95,36,23,215,9,224
2370715,0,0,0,0,0,0,0,0
2370801,15,19,10,3,9,56,0,56
2370802,17,109,124,40,11,301,14,315
2370803,22,70,59,17,3,171,17,188
2370804,0,0,0,0,0,0,0,0
2370805,55,112,49,9,4,229,42,271
2370806,28,51,43,11,9,142,17,159
2370807,39,69,36,10,0,154,11,165
2370808,60,100,57,10,8,235,10,245
2370809,27,58,46,13,11,155,17,172
2370810,4,5,4,4,5,22,0,22
2370811,39,89,44,14,10,196,16,212
2370812,21,86,54,19,5,185,14,199
2370813,14,92,106,31,21,264,12,276
2370814,23,36,40,12,8,119,4,123
2370816,14,12,5,0,0,31,3,34
2370817,0,0,0,0,0,0,0,0
2370818,0,0,0,0,0,0,0,0
2370819,0,0,0,0,0,0,0,0
2370901,5,53,107,53,15,233,10,243
2370902,15,63,120,40,13,251,6,257
2370903,0,23,102,38,18,181,4,185
2370904,3,33,68,39,31,174,7,181
2370905,8,87,81,30,9,215,19,234
2370906,83,80,83,31,9,286,17,303
2370907,70,229,32,6,0,337,39,376
2370908,6,28,127,30,10,201,5,206
2370909,0,21,50,15,10,96,0,96
2371001,13,78,128,49,17,285,10,295
2371002,15,77,128,35,17,272,13,285
2371003,20,82,117,50,15,284,9,293
2371004,4,27,29,10,13,83,8,91
2371005,7,53,72,27,11,170,7,177
2371006,30,106,102,21,10,269,12,281
2371007,9,58,61,21,5,154,10,164
2371008,8,35,35,9,5,92,0,92
2371009,8,36,39,13,7,103,5,108
2371101,8,61,68,17,10,164,8,172
2371102,18,80,94,32,20,244,17,261
2371103,23,107,131,34,4,299,14,313
2371104,16,87,104,44,7,258,8,266
2371105,42,131,104,41,21,339,14,353
2371106,4,28,44,21,7,104,6,110
2371201,26,114,93,18,7,258,7,265
2371202,27,110,76,27,8,248,22,270
2371203,49,68,53,12,8,190,16,206
2371204,51,116,75,22,7,271,26,297
2371205,35,80,47,16,12,190,14,204
2371206,33,125,78,21,10,267,18,285
2371207,46,100,31,13,4,194,14,208
2371208,8,44,28,3,3,86,13,99
2371209,16,74,65,14,6,175,0,175
2371210,13,57,26,11,6,113,7,120
2371211,15,82,67,17,10,191,9,200
2371212,39,95,46,13,5,198,16,214
2371213,51,85,31,10,4,181,13,194
2371301,55,95,53,15,8,226,18,244
2371302,9,42,49,5,3,108,10,118
2371303,17,58,59,16,7,157,15,172
2371304,30,109,67,23,7,236,13,249
2371305,29,93,83,17,7,229,15,244
2371306,19,124,61,19,8,231,9,240
2371307,53,113,81,20,11,278,16,294
2371308,45,87,37,3,3,175,11,186
2371309,20,82,90,20,12,224,8,232
2371310,13,51,40,15,0,119,3,122
2371311,0,0,0,0,0,0,0,0
2371312,6,44,42,5,4,101,3,104
2371313,14,47,34,7,3,105,4,109
2371314,14,49,17,11,3,94,8,102
2371401,23,56,45,16,5,145,8,153
2371402,23,101,77,21,3,225,11,236
2371403,14,38,51,11,0,114,6,120
2371404,16,87,97,17,11,228,14,242
2371405,6,25,18,9,3,61,6,67
2371406,24,39,42,12,6,123,13,136
2371407,22,56,39,18,9,144,12,156
2371408,19,111,88,33,11,262,11,273
2371409,37,87,79,29,12,244,8,252
2371410,12,90,106,22,17,247,7,254
2371501,14,51,65,13,10,153,3,156
2371502,11,74,73,29,14,201,4,205
2371503,6,52,66,18,8,150,4,154
2371504,6,103,89,43,15,256,12,268
2371505,15,66,70,27,22,200,7,207
2371506,9,58,77,46,15,205,4,209
2371507,12,64,76,18,0,170,11,181
2371508,25,96,106,40,17,284,14,298
2371509,7,66,61,30,15,179,0,179
2371510,11,85,141,61,30,328,13,341
2371601,25,78,98,36,13,250,18,268
2371602,7,77,122,51,26,283,9,292
2371603,22,75,85,43,15,240,7,247
2371604,6,50,69,29,13,167,5,172
2371605,7,52,100,48,19,226,7,233
2371606,12,71,115,44,26,268,10,278
2371607,12,40,89,33,27,201,4,205
2371608,7,53,101,35,19,215,5,220
2371609,10,69,100,32,19,230,8,238
2371610,8,58,96,37,15,214,8,222
2371701,26,148,75,16,6,271,19,290
2371702,19,81,102,27,8,237,13,250
2371703,21,89,103,28,19,260,0,260
2371704,4,14,27,13,10,68,4,72
2371705,12,108,125,27,19,291,7,298
2371706,12,66,50,19,9,156,18,174
2371707,22,74,56,21,4,177,13,190
2371708,9,80,75,27,5,196,18,214
2371709,4,62,69,19,13,167,6,173
2371710,11,80,81,32,9,213,14,227
2371711,24,85,61,21,5,196,11,207
2371801,59,70,42,13,0,184,11,195
2371802,47,98,45,13,7,210,14,224
2371803,36,73,48,17,9,183,20,203
2371804,30,79,36,13,4,162,11,173
2371805,46,149,91,20,8,314,16,330
2371806,33,108,60,14,10,225,12,237
2371807,33,82,39,16,4,174,11,185
2371808,23,63,40,5,3,134,11,145
2371809,22,85,48,18,4,177,9,186
2371810,73,125,68,13,7,286,11,297
2371811,21,69,60,14,7,171,10,181
2371812,28,84,49,17,4,182,10,192
2371813,0,0,0,0,0,0,0,0
2371814,44,77,5,0,0,126,6,132
2371901,46,108,40,4,6,204,22,226
2371902,52,107,26,3,7,195,15,210
2371903,43,84,37,7,0,171,17,188
2371904,63,124,59,16,0,262,23,285
2371905,49,105,32,0,4,190,20,210
2371906,37,58,5,3,3,106,14,120
2371907,67,89,24,7,0,187,16,203
2371908,56,85,35,10,5,191,24,215
2371909,67,68,41,10,4,190,16,206
2371910,28,47,17,5,0,97,10,107
2371911,32,50,24,3,3,112,5,117
2371912,53,73,15,0,0,141,14,155
2371913,37,66,20,5,0,128,5,133
2371914,27,52,21,0,0,100,6,106
2371915,0,0,0,3,0,3,0,3
2371916,0,0,0,0,0,0,0,0
2380101,24,128,143,46,13,354,12,366
2380102,3,49,79,27,11,169,0,169
2380103,15,122,147,32,26,342,7,349
2380104,19,107,124,37,4,291,5,296
2380105,34,120,124,34,10,322,14,336
2380106,11,98,123,45,30,307,10,317
2380107,4,61,126,50,24,265,0,265
2380108,14,82,93,25,12,226,7,233
2380109,12,59,38,21,4,134,8,142
2380110,9,78,111,35,23,256,8,264
2380111,18,60,43,12,3,136,4,140
2380112,6,47,92,23,12,180,3,183
2380201,14,81,74,22,7,198,4,202
2380202,8,70,180,59,15,332,7,339
2380203,4,46,89,33,13,185,9,194
2380204,3,49,90,15,12,169,5,174
2380205,4,90,104,33,5,236,15,251
2380206,8,54,69,19,5,155,10,165
2380207,15,71,104,39,8,237,7,244
2380208,0,19,39,13,7,78,3,81
2380209,5,46,77,23,4,155,4,159
2380210,0,27,83,30,6,146,6,152
2380211,31,94,91,30,10,256,16,272
2380212,8,44,63,4,4,123,9,132
2380301,4,45,75,25,13,162,7,169
2380302,5,72,119,43,17,256,6,262
2380303,13,94,149,34,11,301,8,309
2380304,8,60,101,28,3,200,0,200
2380305,5,58,81,23,11,178,0,178
2380306,0,56,73,28,11,168,9,177
2380307,18,101,149,40,12,320,15,335
2380308,13,42,54,15,5,129,3,132
2380309,15,78,89,25,9,216,7,223
2380310,23,108,131,37,14,313,9,322
2380311,3,49,66,20,15,153,0,153
2380312,17,84,114,14,12,241,9,250
2380313,0,0,0,0,0,0,0,0
2380401,3,59,82,18,18,180,0,180
2380402,9,58,74,20,3,164,6,170
2380403,4,65,112,25,12,218,3,221
2380404,8,107,183,48,26,372,14,386
2380405,3,10,71,37,21,142,9,151
2380406,3,35,93,28,13,172,3,175
2380407,7,40,101,45,24,217,5,222
2380408,17,86,120,30,7,260,10,270
2380409,4,60,111,31,17,223,8,231
2380410,8,48,74,26,9,165,3,168
2380411,7,98,83,11,9,208,5,213
2380412,0,0,0,0,0,0,0,0
2380501,63,80,45,33,27,248,15,263
2380502,0,29,87,30,20,166,4,170
2380503,0,36,104,40,19,199,4,203
2380504,3,34,98,32,28,195,6,201
2380505,9,64,162,56,28,319,4,323
2380506,17,85,72,16,5,195,12,207
2380507,6,39,138,77,53,313,4,317
2380508,0,35,128,43,14,220,4,224
2380509,0,19,116,50,19,204,6,210
2380510,7,39,109,48,26,229,6,235
2380511,3,41,113,44,23,224,6,230
2380512,3,45,141,56,29,274,6,280
2380513,9,63,68,27,11,178,7,185
2380514,7,36,135,44,25,247,3,250
2380515,0,21,77,47,49,194,6,200
2380601,0,39,82,25,15,161,6,167
2380602,5,46,131,53,31,266,7,273
2380603,12,64,121,39,17,253,6,259
2380604,4,59,134,35,41,273,5,278
2380605,39,129,152,48,17,385,18,403
2380606,0,51,127,55,37,270,6,276
2380607,0,35,137,48,17,237,4,241
2380608,0,14,69,35,7,125,0,125
2380609,4,22,86,43,18,173,5,178
2380610,7,47,130,43,29,256,5,261
2380611,3,48,118,63,13,245,9,254
2380612,0,33,146,52,30,261,6,267
2380613,5,27,43,38,12,125,3,128
2380701,5,43,138,50,29,265,9,274
2380702,5,68,138,64,36,311,5,316
2380703,17,69,115,27,12,240,11,251
2380704,11,81,120,43,25,280,5,285
2380705,7,55,103,22,12,199,8,207
2380706,9,81,128,44,10,272,9,281
2380707,50,96,91,40,9,286,17,303
2380708,12,84,131,24,15,266,4,270
2380709,3,66,125,55,17,266,6,272
2380710,8,74,164,62,35,343,10,353
2380711,3,24,77,33,15,152,4,156
2380712,0,21,73,25,12,131,3,134
2380713,0,0,0,0,0,0,0,0
2380801,6,80,124,30,19,259,13,272
2380802,26,73,53,7,3,162,6,168
2380803,0,60,108,31,13,212,8,220
2380804,11,64,88,18,9,190,8,198
2380805,12,75,108,27,13,235,8,243
2380806,15,44,52,20,11,142,8,150
2380807,16,74,75,25,6,196,0,196
2380808,8,49,43,14,4,118,5,123
2380809,20,44,48,15,8,135,3,138
2380810,7,57,93,29,10,196,4,200
2380811,14,89,117,31,10,261,10,271
2380812,5,37,92,30,12,176,6,182
2380813,14,104,92,28,10,248,3,251
2380814,3,34,71,14,11,133,4,137
2380815,7,37,28,0,0,72,4,76
2380816,21,132,44,12,7,216,13,229
2380901,38,115,81,29,4,267,4,271
2380902,13,48,64,16,0,141,7,148
2380903,26,103,81,23,6,239,12,251
2380904,23,78,51,11,3,166,11,177
2380905,24,97,66,23,5,215,10,225
2380906,9,50,66,18,7,150,3,153
2380907,13,93,121,27,15,269,10,279
2380908,17,120,130,33,4,304,13,317
2380909,20,100,141,27,12,300,13,313
2380910,3,88,122,30,18,261,8,269
2380911,37,92,75,16,4,224,15,239
2380912,14,42,68,14,6,144,4,148
2380913,8,36,68,21,9,142,3,145
2380914,7,17,20,0,5,49,0,49
2381001,5,65,92,20,11,193,8,201
2381002,13,67,81,20,4,185,7,192
2381003,13,68,76,25,14,196,5,201
2381004,11,93,89,24,9,226,7,233
2381005,22,130,128,32,9,321,9,330
2381006,4,50,70,13,5,142,6,148
2381007,4,50,79,32,6,171,4,175
2381008,13,86,85,26,9,219,9,228
2381009,11,92,151,29,8,291,11,302
2381010,21,132,111,25,0,289,6,295
2381011,18,63,59,10,5,155,9,164
2381012,0,29,48,19,5,101,3,104
2381013,5,50,85,18,11,169,11,180
2381014,9,59,79,11,10,168,0,168
2381015,6,88,109,29,12,244,3,247
2381016,26,51,60,19,4,160,10,170
2381101,0,43,105,42,9,199,10,209
2381102,9,66,120,29,20,244,4,248
2381103,4,90,171,56,23,344,6,350
2381104,6,75,156,42,27,306,4,310
2381105,11,90,95,26,11,233,3,236
2381106,35,71,58,18,12,194,9,203
2381107,17,112,118,19,6,272,10,282
2381108,6,25,36,8,5,80,3,83
2381109,5,29,103,65,59,261,0,261
2381110,7,80,132,56,31,306,8,314
2381111,14,96,111,21,8,250,5,255
2381112,7,34,49,12,7,109,4,113
2381113,9,80,83,21,7,200,4,204
2381201,0,24,125,74,47,270,3,273
2381202,7,57,126,51,24,265,3,268
2381203,0,30,127,58,46,261,3,264
2381204,10,64,117,35,29,255,3,258
2381205,0,37,136,53,41,267,5,272
2381206,8,21,100,46,31,206,4,210
2381208,0,49,144,67,48,308,7,315
2381209,8,43,90,28,14,183,3,186
2381210,0,10,69,55,27,161,0,161
2381211,0,25,75,38,13,151,0,151
2381212,0,12,48,41,31,132,3,135
2381213,3,22,105,30,21,181,0,181
2381301,0,29,106,55,54,244,8,252
2381302,0,7,46,36,18,107,5,112
2381303,0,50,77,29,12,168,8,176
2381304,0,10,78,25,38,151,3,154
2381305,3,50,105,39,17,214,5,219
2381306,3,9,36,13,22,83,8,91
2381307,4,21,82,42,29,178,8,186
2381308,0,10,39,18,21,88,0,88
2381309,0,35,106,44,33,218,6,224
2381310,0,14,72,52,35,173,5,178
2381311,0,17,48,26,11,102,0,102
2381312,0,28,56,20,11,115,3,118
2381313,3,18,101,53,27,202,4,206
2390101,0,0,0,0,0,0,0,0
2390102,0,0,0,0,0,0,0,0
2390201,0,0,0,0,0,0,0,0
2390202,0,0,0,0,0,0,0,0
2390203,0,0,0,0,0,0,0,0
2390204,0,0,0,0,0,0,0,0
2390205,0,0,0,0,0,0,0,0
2390206,0,0,0,0,0,0,0,0
2390207,0,0,0,0,0,0,0,0
2390208,0,0,0,0,0,0,0,0
2999499,0,0,0,0,0,0,0,0
